2.517791713704121719e+02 1.778619409950310626e+02 5.220357514289015732e-01
2.524205370714406342e+02 2.026682726068676175e+02 5.386270100178668363e-01
2.521707615178801518e+02 2.032268464608574163e+02 4.665374803331585052e-01
2.523212161885883518e+02 2.081821216188588437e+02 3.848611987662112766e-01
2.519460884096747577e+02 2.096205432937181570e+02 1.882861180988275318e-01
2.517811624992222050e+02 2.111162677001573229e+02 1.154632485622094362e-01
2.515743428830478479e+02 2.116250988897679122e+02 7.177841580814051103e-02
2.514884443417274724e+02 2.118612521000186746e+02 3.725366447701757011e-02
2.513641632370065508e+02 2.115280402492466578e+02 1.966239699908443536e-02
2.512431666059253814e+02 2.103079227370909905e+02 6.760060089423016762e-03
2.515183868301051575e+02 2.062271797971537524e+02 4.795598183094960942e-03
2.512685979430928285e+02 1.984031369167725813e+02 2.093796389301238320e-02
2.513532031395834565e+02 1.920519915732584195e+02 4.513373452208464115e-02
2.513526653570253870e+02 1.880429381594503013e+02 5.063156116943261925e-02
2.512576467346376319e+02 1.875304980488715501e+02 3.714255237824336253e-02
2.513194872843314158e+02 1.879258926746015561e+02 2.727135352314242686e-02
2.513567187263886922e+02 1.913527764691241657e+02 1.388456786282544694e-02
2.514243193272829160e+02 1.932672512644556946e+02 1.780904719153059146e-02
2.513645454626263245e+02 1.930992097707535038e+02 1.519569062836114044e-02
2.514371594414172648e+02 1.948487542111485311e+02 1.180899385772317921e-02
2.514846131965617531e+02 1.951312233886523302e+02 1.428012693446163890e-02
2.514753508920079241e+02 1.974353949812887095e+02 1.151565791695926232e-02
2.515348447541755945e+02 1.990511560102756334e+02 1.109787642556822780e-02
2.514947110640983396e+02 2.030587738557676118e+02 8.920079289593684999e-03
2.515488937679446053e+02 2.053300429337149637e+02 7.217841936372767532e-03
2.516026320233957563e+02 2.065244224393105696e+02 6.688948346207521968e-03
2.515607827625134405e+02 2.082646645747962282e+02 2.200019555729384058e-03
2.514441239477684178e+02 2.080031733615410019e+02 2.466688592787491269e-03
2.513925546004853402e+02 2.077858780966942049e+02 3.600032000284446917e-03
2.514119147725757557e+02 2.078347985315425035e+02 3.702255131156721550e-03
2.513455008488964211e+02 2.076101476457568538e+02 2.968915279246926719e-03
2.514549951555125062e+02 2.080971030853607715e+02 2.826691792815936265e-03
2.514013769011280033e+02 2.079524840220801991e+02 2.991137699001768843e-03
2.513567142819047149e+02 2.051778104694263902e+02 4.115592138596787207e-03
2.512494644396839192e+02 2.040270046844860872e+02 1.040898141316811722e-02
2.511728726477568614e+02 2.029921332634067994e+02 6.133387852336464989e-03
2.511579969599729907e+02 2.024668574831776198e+02 4.600040889252348525e-03
2.513598743099938702e+02 1.982438555009377978e+02 9.986755437826113843e-03
2.513747144419061499e+02 1.934373727766468960e+02 1.543124827776246911e-02
2.512424599329771695e+02 1.930928141583480624e+02 1.386678992702157324e-02
2.512569045058178290e+02 1.930421781526947029e+02 1.355567605045378266e-02
2.513611498768877937e+02 1.933657765846807592e+02 1.645347958648521458e-02
2.514029902488022117e+02 1.965169690397247848e+02 1.349345327514022384e-02
2.514648530209157400e+02 1.969798220428625939e+02 2.700912897003528851e-02
2.514526084676308244e+02 1.994193326162899211e+02 9.857865403248029096e-03
2.514741686592769838e+02 2.019626574458439734e+02 8.684521640192358061e-03
2.515190446137299034e+02 2.050520182401621412e+02 1.618236606547613851e-02
2.515773873545542756e+02 2.073654610263202471e+02 1.951572902870247692e-02
2.514156970284180375e+02 2.105527960248535635e+02 3.533364741019920114e-03
2.514829198481764365e+02 2.150552849358660978e+02 3.413363674343771782e-03
2.515196001742237684e+02 2.165566049475995385e+02 1.064898354652041301e-02
2.514535906985839802e+02 2.165968719721953164e+02 8.231184277193574414e-03
2.514034746975528662e+02 2.138115849918665958e+02 1.462235219868621020e-03
2.512052729357594387e+02 2.116481524280215751e+02 1.506680059378305483e-03
2.513051582680734839e+02 2.068510297869314343e+02 2.875581116276588935e-03
2.513752611134321171e+02 2.023853589809687321e+02 7.244508840078578080e-03
2.512483133183406210e+02 2.004714886354545342e+02 8.720077511800105458e-03
2.512235753206695108e+02 1.998724655330269684e+02 6.893394607952070367e-03
2.512026551347123018e+02 1.996968506386723448e+02 6.533391407923625806e-03
2.512739402128019037e+02 1.998485408759188999e+02 8.293407052507133226e-03
2.513381274500217728e+02 1.992021929083814200e+02 5.991164365905474534e-03
2.512012729002035485e+02 1.982290020355736431e+02 5.466715259691196961e-03
2.511211299655996925e+02 1.974512573445097416e+02 6.013386785660317091e-03
2.511316500591116494e+02 1.956569347283086984e+02 1.258233406519169116e-02
2.514436572769535587e+02 1.897029306927172740e+02 4.165814807242731316e-02
2.514899999111103170e+02 1.822258153405807946e+02 9.032969181948284632e-02
2.512767135707873081e+02 1.799724886443435139e+02 7.468066382812291182e-02
2.514165503693366190e+02 1.824009146747971215e+02 6.459612974337550217e-02
2.513770255735606440e+02 1.896074720664183815e+02 5.342714157459177438e-02
2.515227024240215599e+02 2.000411292544822572e+02 2.891136810104978638e-02
2.516189032791402553e+02 2.071367256597836501e+02 1.092898603543142680e-02
2.516041342589711860e+02 2.095377870025511413e+02 1.476013120116623223e-02
2.515870674405994691e+02 2.098887990115467801e+02 2.088463008560076037e-02
2.515253380030044639e+02 2.100217468599720974e+02 1.364456572947315115e-02
2.513043760388981127e+02 2.081383034515862391e+02 3.195583960746317675e-03
2.512378021137965618e+02 2.074112703224028564e+02 2.973359763197895144e-03
2.511667437043884945e+02 2.069258348963101923e+02 1.555569382838958587e-03
2.512700112889892239e+02 2.051617258820078291e+02 2.951137343443053021e-03
2.512755580049600326e+02 2.050927697135085737e+02 3.448919545951519613e-03
2.512699268437941669e+02 2.034521106854283232e+02 3.960035200312891912e-03
2.512448999546662662e+02 2.032220464181903878e+02 3.977813136116765610e-03
2.514091503035582491e+02 1.992156685837207419e+02 9.586751882238953026e-03
2.512844336394101390e+02 1.984668841500813414e+02 7.773402430243824511e-03
2.512477977582022959e+02 1.978495631072276240e+02 5.884496751082231476e-03
2.512139530129156810e+02 1.973933812745002285e+02 6.817838380785606715e-03
2.511789660352536373e+02 1.972362065440581773e+02 7.906736948772877249e-03
2.511884238971013019e+02 1.972395132401177023e+02 8.577854025369114135e-03
2.511218099716441827e+02 1.968449897332420733e+02 8.880078934034968743e-03
2.513111938772788960e+02 1.939152348020871273e+02 1.454235148756877899e-02
2.513360563205006315e+02 1.939456217388598986e+02 1.821793971501968826e-02
2.514267860158757060e+02 1.951965528582476281e+02 1.331122943315051627e-02
2.514221593080827404e+02 1.916032142507933429e+02 1.765793473719766415e-02
2.513210517426821582e+02 1.874204748486653216e+02 4.298704877376687689e-02
2.512962515222357638e+02 1.841521746859972097e+02 4.419150392447932646e-02
2.511933172739313136e+02 1.837422688201672827e+02 3.904923599320882927e-02
2.513530253602254163e+02 1.846792638156783539e+02 3.070693961724104207e-02
2.513851500902230214e+02 1.895237468777500283e+02 2.436021653525809183e-02
2.514974621996639996e+02 1.906260144534618064e+02 6.013831234055413977e-02
2.514752131130054522e+02 1.907456110720984270e+02 4.620041067031706999e-02
2.513542787046995954e+02 1.900361114321016203e+02 2.464466350812007100e-02
2.513081938506120139e+02 1.898312873892212451e+02 2.052907136952328293e-02
2.513754344483062084e+02 1.920545115956586244e+02 1.696903972479755357e-02
2.515207024062436005e+02 1.984570440626139032e+02 2.620467737490999802e-02
2.516277078018471229e+02 2.024585196312856112e+02 2.130685606094276374e-02
2.515901652459132833e+02 2.023904923599320966e+02 2.348465319691730654e-02
2.515686539435906184e+02 2.033067360598761013e+02 1.020009066747259996e-02
2.515841607480955417e+02 2.054679152703579632e+02 6.964506351167566028e-03
2.514527906914728135e+02 2.050375425559338396e+02 4.600040889252348525e-03
2.514053280473604275e+02 2.049118125494448748e+02 4.200037333665187708e-03
2.511801927128241232e+02 2.034662841447479593e+02 4.066702815136134970e-03
2.511983217628601039e+02 2.016848505320047309e+02 3.706699615107689975e-03
2.512014906799171570e+02 2.012001484457639719e+02 4.822265086800771490e-03
2.513760966764149032e+02 1.980425959341860676e+02 1.236010986764326733e-02
2.513329985155423572e+02 1.977193397274642450e+02 1.180899385772317921e-02
2.513116072142863402e+02 1.975493693277273621e+02 1.128010026755793364e-02
2.512905225824229660e+02 1.975292802602689903e+02 1.116898816878372259e-02
2.514023991324367273e+02 1.978643899056880571e+02 1.433346074187326173e-02
2.514766353478697454e+02 2.012118996613303352e+02 1.272455755162268075e-02
2.514479284260304439e+02 2.011640059022746811e+02 1.445790629250037762e-02
2.512760602316465111e+02 1.930478537587000858e+02 2.571133965635249985e-02
2.512587845225290835e+02 1.856739526573569492e+02 2.028906923617098887e-02
2.511742548822656147e+02 1.836722770869074282e+02 2.901359123192206318e-02
2.511290322580645125e+02 1.834613329896265839e+02 2.718690832807402896e-02
2.513736166543702666e+02 1.850349025324669583e+02 6.324056213833012530e-02
2.515106756504502243e+02 1.899656841394145772e+02 6.368501053342696949e-02
2.517414199237326500e+02 1.924710219646396752e+02 7.741402145796850987e-02
2.514561240544360317e+02 1.967166908150294660e+02 4.190259468973057261e-02
2.515554182703846209e+02 1.973634254526706968e+02 4.719153059138303519e-02
2.514493106605391972e+02 1.970392714601907471e+02 3.234250971119743273e-02
2.513312696112854212e+02 1.941892772380198835e+02 3.058249406661392444e-02
2.513277006906727991e+02 1.941022364643241360e+02 2.974248659988088656e-02
2.513841500813340701e+02 1.944434128303362570e+02 2.226686459435195040e-02
2.515191868372163242e+02 1.955398581320722826e+02 2.343131938950568371e-02
2.515713606343167612e+02 1.996397612423221517e+02 1.655570271735748791e-02
2.514340438581676267e+02 1.991624503328918365e+02 1.412456999617774447e-02
2.513503275584671997e+02 1.950170757073396146e+02 1.755571160632539082e-02
2.511867038818122921e+02 1.944303727144241236e+02 1.630681161610325267e-02
2.512586911883661287e+02 1.945484937643890078e+02 1.538680343825278400e-02
2.512574289549240518e+02 1.944048391541258241e+02 1.585347425310447075e-02
2.512271397967981841e+02 1.942490288802567022e+02 1.412901448012871160e-02
2.513792611489879789e+02 1.949286660325869605e+02 1.875127778913590268e-02
2.512491888816789469e+02 1.942322020640183382e+02 1.326678459364083289e-02
2.513754744486617767e+02 1.911562324998444353e+02 3.196917305931608333e-02
2.512433932746068876e+02 1.904927954915154942e+02 2.644023502431132669e-02
2.512849803109361062e+02 1.866597791980373131e+02 2.170241513257895744e-02
2.514367461044098206e+02 1.895073289540351595e+02 3.857367621045520306e-02
2.513913012560111611e+02 1.940546093743055565e+02 3.301807127174463674e-02
2.514225326447346163e+02 1.951346323078427361e+02 3.487586556324945297e-02
2.514622841091920691e+02 1.955950764006791189e+02 2.853803144916843698e-02
2.514650885785651440e+02 1.956517435710539701e+02 2.475577560689428205e-02
2.515024133547853751e+02 1.967965759695641736e+02 2.004017813491675362e-02
2.516144765731251027e+02 1.978705855163157139e+02 1.848460875207779547e-02
2.513735410981431073e+02 2.016344234170970537e+02 6.471168632610067861e-03
2.514616841038586870e+02 2.063062782780291400e+02 9.631196721748638140e-03
2.514704264037902419e+02 2.082258642299042606e+02 1.681792727046462627e-02
2.515020577960692947e+02 2.093670832629623249e+02 6.404501373345541058e-03
2.514516662370332085e+02 2.112767757935626207e+02 2.124463328562920406e-03
2.512501177788246878e+02 2.104582485177646163e+02 3.368918834834087536e-03
2.512916603703143892e+02 2.081352856469835331e+02 4.591151921350411676e-03
2.513123494431061715e+02 2.081343034160303773e+02 4.800042667045928933e-03
2.513217450821784951e+02 2.079079991822149509e+02 4.266704592929714511e-03
2.513266695703961773e+02 2.079057502733357694e+02 3.204472928648254525e-03
2.513035538093672017e+02 2.082346954195148498e+02 2.915581471835305191e-03
2.513822656201388384e+02 2.061075920674850579e+02 4.160036978106472320e-03
2.513324207326287478e+02 2.042660156979173109e+02 5.537827002906692622e-03
2.513772033529186842e+02 2.012944826176232596e+02 8.026738015449026015e-03
2.513309362749891136e+02 2.004193059493862279e+02 8.493408830300714502e-03
2.513126738904345814e+02 1.953731899839109758e+02 1.106232055396048040e-02
2.512207264064569472e+02 1.856677837136330140e+02 3.295584849643107966e-02
2.513302518244606745e+02 1.793708655188046066e+02 6.401834682974959223e-02
2.513658299184881741e+02 1.796782504733375276e+02 6.134721197521755820e-02
2.513481453168472513e+02 1.831309700530671307e+02 3.432030506937839426e-02
2.513939857243175595e+02 1.891855705384047894e+02 2.362687668334829613e-02
2.514467817491710946e+02 1.950649561329433936e+02 3.900923563765010954e-02
2.515544804842709823e+02 1.986209121858860840e+02 2.876470013066782794e-02
2.515327780691384021e+02 2.005395781295833615e+02 1.742237708779633548e-02
2.515545871518857837e+02 2.026170010400092565e+02 1.252900025778006833e-02
2.515718495275513646e+02 2.028312962781891429e+02 1.350678672699312868e-02
2.513248206650725649e+02 2.001656503613365317e+02 9.475639783464741978e-03
2.512918648165761510e+02 1.955888541231477689e+02 1.548458208517409021e-02
2.512692068373941083e+02 1.894387505666717004e+02 1.630236713215228728e-02
2.512327131796727144e+02 1.892797091529702413e+02 1.646681303833811769e-02
2.514906665837029607e+02 1.901767660156979218e+02 2.283575854007591222e-02
2.514384927866025521e+02 1.954052613801011660e+02 3.031582502955581723e-02
2.516203877367798896e+02 1.998070338403007895e+02 3.836922994871065640e-02
2.516222366421034735e+02 2.010917074818442813e+02 4.217815269469062101e-02
2.515815607249842287e+02 2.017786913661454662e+02 4.712041884816754039e-02
2.515448448430652775e+02 2.015270846851971953e+02 3.152472466421923913e-02
2.515371025520226738e+02 2.017125307780513594e+02 2.645356847616423326e-02
2.515346091965261905e+02 2.036768593498608766e+02 9.413417008151183166e-03
2.516104454261815704e+02 2.047281442501711126e+02 2.617356598725321948e-02
2.515286846994195571e+02 2.070653339140792468e+02 5.195601738682121759e-03
2.515611338767455720e+02 2.090057378287806955e+02 1.574680663828122856e-02
2.515552760468982001e+02 2.089938266117921160e+02 1.477346465301913880e-02
2.514593196383967779e+02 2.086599391994595578e+02 1.096898639099014132e-02
2.514746086631881212e+02 2.088019671285966865e+02 8.080071822860647110e-03
2.514819642841269740e+02 2.100073689543906994e+02 4.644485728762033638e-03
2.515283069182837039e+02 2.108322518422386054e+02 5.715606360945430474e-03
2.515496893305718231e+02 2.122270242402154565e+02 3.835589649685775156e-03
2.515247779980266500e+02 2.121812016106809722e+02 3.986702104018702460e-03
2.513620476626458924e+02 2.117695623961101887e+02 2.848914212570778388e-03
2.513834122969981877e+02 2.077014417905936909e+02 3.431141610147645914e-03
2.512211175210446186e+02 2.069800576005119979e+02 4.057813847234197253e-03
2.514289504795598305e+02 2.028329896265744594e+02 5.444492839936355272e-03
2.512871847749757706e+02 1.961015920141512368e+02 1.873794433728299957e-02
2.514432883847856317e+02 1.910317558378296781e+02 2.616023253540031637e-02
2.512872336642992366e+02 1.887444110614316628e+02 3.440475026444679563e-02
2.513077627356687742e+02 1.889360927652690236e+02 2.741802149352438531e-02
2.513303629365594247e+02 1.891085387425665942e+02 2.848914212570778301e-02
2.513652299131547920e+02 1.933105138712344058e+02 1.842238597676423839e-02
2.515285069200615169e+02 1.964483995413292519e+02 2.937359443195050601e-02
2.513183628298918109e+02 1.957672512644556946e+02 2.345798629321149686e-02
2.513104960932986103e+02 1.928413808122738828e+02 1.900016889039013793e-02
2.512345531960284006e+02 1.924827776246899873e+02 1.846238633232295465e-02
2.511619614396572331e+02 1.919831020720184256e+02 1.360900985786540375e-02
2.513678299362661051e+02 1.928377941137254652e+02 1.921350412003662231e-02
2.514475728673143635e+02 1.961221655303602631e+02 1.296900416892594540e-02
2.514891999039991504e+02 1.963068116161032606e+02 2.084907421399301297e-02
2.515490226579791795e+02 1.973592520822407437e+02 1.174677108240962213e-02
2.516322278420252587e+02 1.984463906345834232e+02 1.055564938355007566e-02
2.516763971235299948e+02 1.991542635934541750e+02 1.351567569489506640e-02
2.516404012480111021e+02 1.998539898132427766e+02 1.214677463799678295e-02
2.516210410759206866e+02 2.009154748042204801e+02 9.186748326651792210e-03
2.516654859154303665e+02 2.013213939679463920e+02 9.808976079787375124e-03
2.515638850123112320e+02 2.026938461675214853e+02 7.555622716646370404e-03
2.516436368323273882e+02 2.037948248428874933e+02 1.076454012924559292e-02
2.516642147930203919e+02 2.042581311833882864e+02 1.319122836647436924e-02
2.516274366883261280e+02 2.042529044702619672e+02 1.068453941812816041e-02
2.515130223379763379e+02 1.994217148596876541e+02 1.252011128987813235e-02
2.514026969128614439e+02 1.923566209477417601e+02 2.735579871821082823e-02
2.512148685766095753e+02 1.897775002444466281e+02 4.712930781606947811e-02
2.511948328429585899e+02 1.890459070747295414e+02 3.965368581054053848e-02
2.512309487195441875e+02 1.882014640130134353e+02 2.603134250082222989e-02
2.513601232010951207e+02 1.886704281815838442e+02 2.755580049600440951e-02
2.514134881198943958e+02 1.917900781340278513e+02 1.528458030738051067e-02
2.515425159334749594e+02 1.932496688859456526e+02 5.219601952017351165e-02
2.515333691855038580e+02 1.935089911910328055e+02 4.302260464537462775e-02
2.514857732068729490e+02 1.947716824149547961e+02 1.711126321122854316e-02
2.512485710984097693e+02 1.929958266295700469e+02 1.539569240615472172e-02
2.513038693677277138e+02 1.897727757580067305e+02 3.595143067938381953e-02
2.512769491284366836e+02 1.897965359692086054e+02 1.331567391710148512e-02
2.512734246526635786e+02 1.897868069938399458e+02 1.671570413959235293e-02
2.513989413239228838e+02 1.926612681001608962e+02 1.699126214455239439e-02
2.515263957901848073e+02 1.962236108765411302e+02 2.355576494013280134e-02
2.515126578902923598e+02 1.963366963261895535e+02 3.353363141005697573e-02
2.514897376865572198e+02 1.964419105947608557e+02 2.906248055538271369e-02
2.515337025218001941e+02 1.974699463995235647e+02 1.729793153716921786e-02
2.515463648565765027e+02 2.021561080542938100e+02 1.745348847545311402e-02
2.513669677063796257e+02 2.014628441141699113e+02 2.314687241664370454e-02
2.512579222926426041e+02 2.006838505231157512e+02 1.545347069751731167e-02
2.513761366767704715e+02 2.013716255255602334e+02 1.057342731935394936e-02
2.514446928417141578e+02 2.015147956870727626e+02 1.631125610005422152e-02
2.513606743171050368e+02 2.008990702139574580e+02 1.108898745766629008e-02
2.513760477870914372e+02 1.976298855989830940e+02 1.176010453426252697e-02
2.513484430972719679e+02 1.880142801269344659e+02 4.333816300589338893e-02
2.513863589898576834e+02 1.774881198943990626e+02 5.536493657721402312e-02
2.513618787722557499e+02 1.731127210019644735e+02 7.939181681614947139e-02
2.515053644921288196e+02 1.740594405283602555e+02 9.533862523222429164e-02
2.513503897812425123e+02 1.812670912630334499e+02 4.775598005315602468e-02
2.513887012328998480e+02 1.894238126561124886e+02 5.706717393043493625e-02
2.514954221815305004e+02 1.969227682023840202e+02 4.044924843776388779e-02
2.514371638859012137e+02 2.036573925101556597e+02 2.248019982399843478e-02
2.514108703188472873e+02 2.085941563925012758e+02 1.499568885056756090e-02
2.514199281771393544e+02 2.090294135947875134e+02 1.924905999164436970e-02
2.514477862025440231e+02 2.100728806478279864e+02 7.586734104303148943e-03
2.514145636850105348e+02 2.099861954328482909e+02 7.555622716646370404e-03
2.514305593827500616e+02 2.063327229575374133e+02 5.986719881954506543e-03
2.513594120836629600e+02 2.037361976550902796e+02 7.831180721606413597e-03
2.513753277806913786e+02 2.003905412492555627e+02 1.028453586254099959e-02
2.514397905759162200e+02 1.973637587889670044e+02 1.485790984808753844e-02
2.513967279709152933e+02 1.971732548733766635e+02 1.453790700361781013e-02
2.513608609854309748e+02 1.970164934799420564e+02 1.237788780344714103e-02
2.514127814469461839e+02 1.975479070925075007e+02 1.150676894905732460e-02
2.515018577942915101e+02 2.002171085965208590e+02 8.093405274713553685e-03
2.514890887919003717e+02 2.043111894327949472e+02 8.484519862398776785e-03
2.516348589765242423e+02 2.071684237193219360e+02 1.803571587302998241e-02
2.516143432386065513e+02 2.078402963581898462e+02 1.148454652930248204e-02
2.514099591996373420e+02 2.106791127032240354e+02 2.515577916248144374e-03
2.514549329327371936e+02 2.109010524537995934e+02 2.097796424857109859e-03
2.512950248446652779e+02 2.100928008248962158e+02 2.542244819953955355e-03
2.514389327905136895e+02 2.073231450946230723e+02 4.444483950968453230e-03
2.513023182428288180e+02 2.066972061973884252e+02 2.906692503933368341e-03
2.513861012097885350e+02 2.013876434457195046e+02 8.191183921634858159e-03
2.512652601356456614e+02 1.942779002480021973e+02 1.741348811989439777e-02
2.513566742815491750e+02 1.900722450866229849e+02 3.940923919323727209e-02
2.511183210517426687e+02 1.887429754931154946e+02 2.993359940977253011e-02
2.513049715997475460e+02 1.854316705037378199e+02 2.813802789358127790e-02
2.512520777962470788e+02 1.853061271655747930e+02 2.488911012542333739e-02
2.513760344536395905e+02 1.863509720086400705e+02 2.552467133041182515e-02
2.514714219681952727e+02 1.870668939279460403e+02 2.942248375541115998e-02
2.513452875136667899e+02 1.902575489559907282e+02 1.881794504840042861e-02
2.515058978302029402e+02 1.912943581720726343e+02 5.322269531284722771e-02
2.514184214970799758e+02 1.940224535329202808e+02 2.410243646610192234e-02
2.515186757215619764e+02 1.950414270349069739e+02 3.778700255113378453e-02
2.514962888559009286e+02 1.981308722744202271e+02 1.324456217388599033e-02
2.515194935066089386e+02 1.981539258126738901e+02 1.571125076667348117e-02
2.515725828674032698e+02 1.990389736797660305e+02 1.141343478608698725e-02
2.516621925528226882e+02 1.999717241931039382e+02 1.540013689010569058e-02
2.516500991119921196e+02 2.007811847216419778e+02 1.699126214455239439e-02
2.516738593231939944e+02 2.009176970461959684e+02 2.104907599178659425e-02
2.512844914177015028e+02 2.008653321362856445e+02 4.755597827536244687e-03
2.511976328678477159e+02 2.005897207975181971e+02 4.977822025084667652e-03
2.510958897412421322e+02 2.001597169752620005e+02 3.675588227450910569e-03
2.510455781829171826e+02 2.000376625570005160e+02 3.862256553391585703e-03
2.510318758388963545e+02 1.997807936070542780e+02 5.768940168357052437e-03
2.513446875083334078e+02 1.948714033013626761e+02 1.639125681117165403e-02
2.511745259957866381e+02 1.937527889136792396e+02 1.810238313229450835e-02
2.512297309309415994e+02 1.939476750904452445e+02 2.410243646610192234e-02
2.513897590200801915e+02 1.945345069733953096e+02 2.479133147850202945e-02
2.514874576662903678e+02 1.976019209059635955e+02 1.705348491986595494e-02
2.515109823198428387e+02 2.033559276082453948e+02 1.346234188748344357e-02
2.513361363212117396e+02 2.026502324465106426e+02 1.247566645036844724e-02
2.514356349834220623e+02 1.971334900754673356e+02 1.490235468759722355e-02
2.512315131690059502e+02 1.948347985315425035e+02 3.111138765677917001e-02
2.512090196357301011e+02 1.915317869492173202e+02 4.701819571729526359e-02
2.513582387398999174e+02 1.920488671010409121e+02 5.316047253753366369e-02
2.513824611774327025e+02 1.953800611560991740e+02 1.295567071707304056e-02
2.514503817811713873e+02 1.956285966986373239e+02 2.831580725162001488e-02
2.515263869012169096e+02 1.967876958906301468e+02 1.803127138907901356e-02
2.515438003893367807e+02 1.977743179939377285e+02 1.696015075689561585e-02
2.513672254864487741e+02 1.968325940675028107e+02 1.387123441097254210e-02
2.513770566849483146e+02 1.937008151183566156e+02 2.687579445150623664e-02
2.512211041875927720e+02 1.929069858398741246e+02 2.216908594743064245e-02
2.511773926879349972e+02 1.922573622876647903e+02 1.400456892950159571e-02
2.511439168348163093e+02 1.918452208464075284e+02 1.128898923545987136e-02
2.513986702104018605e+02 1.937977804247148867e+02 1.543569276171343797e-02
2.515384581196277338e+02 1.960484004302260530e+02 4.244482173174872475e-02
2.514389061236099963e+02 1.958541853705366407e+02 2.958248517764602500e-02
2.513921234855421005e+02 1.959272704646263605e+02 1.884905643605721062e-02
2.514230793162605835e+02 1.960941563925012758e+02 1.684903865812140480e-02
2.514043324829553967e+02 1.959922532644734758e+02 1.511124543329274081e-02
2.514234037635890218e+02 1.961054364927688312e+02 1.690681694948399649e-02
2.514375772229086579e+02 1.961474013102338745e+02 1.657792513711232874e-02
2.513372163308118274e+02 1.958074205104045404e+02 1.242233264295682614e-02
2.513342963048560534e+02 1.958043627054462661e+02 1.154232482066507200e-02
2.513734966533035902e+02 1.958922879314482657e+02 1.472013084560751597e-02
2.514411194766175583e+02 1.960483782078062802e+02 1.736904328038471612e-02
2.515274669108169974e+02 1.967148196872861092e+02 2.070240624361105453e-02
2.516164988133227780e+02 1.974981022053529500e+02 2.117352154241371187e-02
2.516037386998995657e+02 1.974872087751891172e+02 2.267131263389007834e-02
2.514266260144534613e+02 1.935345025289113607e+02 1.595569738397674756e-02
2.511372989982133106e+02 1.914043680388270161e+02 2.103574253993368767e-02
2.512234597640867833e+02 1.887175130445604054e+02 4.086702992915492577e-02
2.512170019289060292e+02 1.878242651045786999e+02 2.807136063431674849e-02
2.514016835705206176e+02 1.890367381043386956e+02 3.224917554822709365e-02
2.515343603054249400e+02 1.909744931066053937e+02 5.849385327869580792e-02
2.514994133281184645e+02 1.928135227868692141e+02 2.749357772069084896e-02
2.514900221335300898e+02 1.928238251006675625e+02 3.065805029378038810e-02
2.513259806753837893e+02 1.920653205806273718e+02 2.503577809580529584e-02
2.515197912870336552e+02 1.945022533533631304e+02 1.668459275193557440e-02
2.515883607854292165e+02 1.960056622725535362e+02 3.689366127698912728e-02
2.516124498884434502e+02 1.962212864114347610e+02 3.394696841749704486e-02
2.515504537818113988e+02 1.980577027351354218e+02 1.704459595196401722e-02
2.516033298073760704e+02 1.984349505328936232e+02 3.224473106427612479e-02
2.516606325389558947e+02 1.992430554938266027e+02 1.864016569036169163e-02
2.516920061511657991e+02 1.995595294180392614e+02 1.692459488528786846e-02
2.514253415585916400e+02 2.031540102578689471e+02 6.835616316589480414e-03
2.514745242179930358e+02 2.067949537329220675e+02 1.161343656388056853e-02
2.515310980542049322e+02 2.098711988551009426e+02 1.705792940381692380e-02
2.515010888985679856e+02 2.104746842194152805e+02 1.877350020889074697e-02
2.512633890079023047e+02 2.117279175814896064e+02 9.777864692130597019e-04
2.511377345576404991e+02 2.113899901332456182e+02 7.777846914194792936e-04
2.513435141645703652e+02 2.088259051191566016e+02 2.435577205130712297e-03
2.513269717953048428e+02 2.086177788247006504e+02 3.582254064480573218e-03
2.513039627018906970e+02 2.076022586867438804e+02 5.075600672005972994e-03
2.513509631196721728e+02 2.052696779526929163e+02 8.560076089565240437e-03
2.512106152054684856e+02 2.040189690575027441e+02 9.977866469924177861e-03
2.512203397363532247e+02 2.029066569480617659e+02 7.022284642530155982e-03
2.513831989617685565e+02 1.981180054933821566e+02 1.383123405541382585e-02
2.513417497044418099e+02 1.931188099449773006e+02 2.569356172054862789e-02
2.512565756140054702e+02 1.851347078640698953e+02 5.240491026586902717e-02
2.513028515809029386e+02 1.810087467444155038e+02 6.786726993128827656e-02
2.511658992524378107e+02 1.803198339540795985e+02 5.264491239922132471e-02
2.514373683321629471e+02 1.824274571329522985e+02 4.237370998853322995e-02
2.514564973910879075e+02 1.866933261628992398e+02 4.711152988026560268e-02
2.514148659099192002e+02 1.913208161850327542e+02 4.153370252180019206e-02
2.514589240793251577e+02 1.943739144347949832e+02 3.695588405230268436e-02
2.515194046169299327e+02 1.953088827456244019e+02 2.076907350287558046e-02
2.515983253184472801e+02 1.998880078934034827e+02 8.955635161201432395e-03
2.516177699357327526e+02 1.999608218739722076e+02 1.381345611960995215e-02
2.515432714957466374e+02 2.004422705979608850e+02 1.380901163565898329e-02
2.515262224553107160e+02 2.022193930612716599e+02 9.751197788424785171e-03
2.515600849785331548e+02 2.023455986275433531e+02 1.123121094409728141e-02
2.515576982906514729e+02 2.023228073138427874e+02 1.203566253922257016e-02
2.515699339549684908e+02 2.023800433781633501e+02 1.380901163565898329e-02
2.512696290633694503e+02 2.010403336918550394e+02 1.487568778389141214e-02
2.512412910336980758e+02 2.009244393283495924e+02 1.327122907759180001e-02
2.512786158099183069e+02 2.010582894070169573e+02 1.261344545284846970e-02
2.513356518724610851e+02 2.012765624583329611e+02 1.251566680592716349e-02
2.513061760548982591e+02 2.011701392901270253e+02 1.259566751704459600e-02
2.513126872238864280e+02 2.011925350447559424e+02 1.198677321576191793e-02
2.513947057307176181e+02 2.014719775286891377e+02 1.494235504315593981e-02
2.514968044160392537e+02 2.019684619418839304e+02 1.265789029235815481e-02
2.515519826842905218e+02 2.026242811047209216e+02 1.180899385772317921e-02
2.515716450812896028e+02 2.028072249531107047e+02 1.500457781846949688e-02
2.514601463124116663e+02 1.999172925981564219e+02 1.494679952710690693e-02
2.513796655970275253e+02 1.918688388341229825e+02 4.308927190463915369e-02
2.513166828149583694e+02 1.878749722219752982e+02 5.064045013733455697e-02
2.511243211050764899e+02 1.865827918470386351e+02 3.180472715313024945e-02
2.511548591543035798e+02 1.849947288420341636e+02 2.594689730575382852e-02
2.513785100312002783e+02 1.860325736228766402e+02 3.067138374563329467e-02
2.514289238126561088e+02 1.896034720308624912e+02 2.873358874301104940e-02
2.514964977466466394e+02 1.919965821918416964e+02 2.384465639694574937e-02
2.514872221086409638e+02 1.933912479222037462e+02 2.288020337958559733e-02
2.515030578049582743e+02 1.934464928577143041e+02 2.443132827847358662e-02
2.514395816851705376e+02 1.933788211450768415e+02 2.187130552271575670e-02
2.514572218419719150e+02 1.937753268917946059e+02 2.772913537009217763e-02
2.515649827998471153e+02 1.944683597187530495e+02 2.964470795295958208e-02
2.515294447061751555e+02 1.986967128596698728e+02 2.186686103876478784e-02
2.514976355345380910e+02 1.986126721126410075e+02 1.898683543853723135e-02
2.514990711028542592e+02 1.987502200019555687e+02 1.754682263842345311e-02
2.515343558609409911e+02 2.000696983973190868e+02 1.386234544307060439e-02
2.515988053227139858e+02 2.007083174072658380e+02 1.643125716673037029e-02
2.515842140819029567e+02 2.014060124978888666e+02 1.154232482066507200e-02
2.516275300224890827e+02 2.021376012231219761e+02 8.440075022889091672e-03
2.516682148285762537e+02 2.023878301140454710e+02 9.648974657552511838e-03
2.516394990177690545e+02 2.023104205370714510e+02 1.005342269709064151e-02
2.514186437212775331e+02 2.015040711472991006e+02 8.560076089565240437e-03
2.514244926621570073e+02 1.979385905652494557e+02 2.212464110792096081e-02
2.513935857207619620e+02 1.978857678734921990e+02 2.015129023369096467e-02
2.513076338456341716e+02 1.967629623374429855e+02 8.791189255015600251e-03
2.512874647774646917e+02 1.913932479399816771e+02 1.606680948275095860e-02
2.513855100934230506e+02 1.867922648201317486e+02 2.708468519720175216e-02
2.512778380252268846e+02 1.863827767357932146e+02 2.588023004648930259e-02
2.512362509888976660e+02 1.863148072427310353e+02 2.749357772069084896e-02
2.513799633774522420e+02 1.908773500208890823e+02 2.106240944363949735e-02
2.515578849589774109e+02 1.941576814016124501e+02 4.677374909999199720e-02
2.515815696139521265e+02 1.945679250482226621e+02 5.470270846851971874e-02
2.514812576111787621e+02 1.942713446341745396e+02 3.929812709446306451e-02
2.514767953492919901e+02 1.943115805473826470e+02 3.506253388919012420e-02
2.514656930283824749e+02 1.943303584920754759e+02 3.086249655552493823e-02
2.512651001342234167e+02 1.935092400821340561e+02 2.528911368101049648e-02
2.511836016320145006e+02 1.921662859225415332e+02 2.292464821909528244e-02
2.512223619765509000e+02 1.906295433737188887e+02 2.279131370056622710e-02
2.511113165450359475e+02 1.888476875350003183e+02 2.537800336002986670e-02
2.512166597036418239e+02 1.891181210499648842e+02 3.516031253611143215e-02
2.513925634894532379e+02 1.916467657490288730e+02 2.834247415532582456e-02
2.514372483310962707e+02 1.918055627161130303e+02 4.038258117849936185e-02
2.514639507906736924e+02 1.944499462217441987e+02 2.668468164161459308e-02
2.515721961972995189e+02 1.990133245628850034e+02 2.904470261957884172e-02
2.516451746237744374e+02 1.995336091876372109e+02 3.583587409665863616e-02
2.515951208455186361e+02 1.994416617036595767e+02 2.944026169121503195e-02
2.515175112667668031e+02 1.998611720993075380e+02 2.161796993751055607e-02
2.515388092338598653e+02 2.002711801882683460e+02 1.864016569036169163e-02
2.515682317176152765e+02 2.004009368972168659e+02 1.957350732006506860e-02
2.515743873278873650e+02 2.010004933377185523e+02 1.472013084560751597e-02
2.516308633854523293e+02 2.013712166330367381e+02 2.042240375470004074e-02
2.516128721144187921e+02 2.013498342207486189e+02 1.879572262864558779e-02
2.516015342358598730e+02 2.019942799491551000e+02 1.406234722086418566e-02
2.516215833029627049e+02 2.023418963724122079e+02 1.379123369985510959e-02
2.515487115441026162e+02 2.020577071796193707e+02 1.175566005031155811e-02
2.513871545524849012e+02 2.016560769429061679e+02 9.822309531640281699e-03
2.512724557551622695e+02 1.941961306322722862e+02 2.492911048098205365e-02
2.512987004328927299e+02 1.863917412599222985e+02 4.424039324793998390e-02
2.512879581151832440e+02 1.819647063529453703e+02 7.305842718601943120e-02
2.512305709384083343e+02 1.789246037742557576e+02 7.083174072658424136e-02
2.511972461977439934e+02 1.773578165139245755e+02 4.922710424092658493e-02
2.513215317469488639e+02 1.815928363807678352e+02 4.315149467995271076e-02
2.513740433248295574e+02 1.881585391870150090e+02 5.026266900150223871e-02
2.514759020080178402e+02 1.983502342243042165e+02 3.711588547453754938e-02
2.513853456475168571e+02 2.066269300171557006e+02 1.821349523106871940e-02
2.514294527062462805e+02 2.075244668841500868e+02 2.621356634281193573e-02
2.513898212428555041e+02 2.076390012355665249e+02 1.544458172961537396e-02
2.514417461488546621e+02 2.094959821865083143e+02 2.235575427337131889e-03
2.513188517231264143e+02 2.072010862318776105e+02 4.493373274429106334e-03
2.512682423843767481e+02 2.053167361487657558e+02 7.733402074685108256e-03
2.514567551711570843e+02 2.070638850123112320e+02 6.271166854816487453e-03
2.513365007688957178e+02 2.066159254748931176e+02 6.080054044924843894e-03
2.512508911190321612e+02 2.056676414901465932e+02 5.013377896692415049e-03
2.512901981350945277e+02 2.058569320616183234e+02 5.511160099200882075e-03
2.513749366661037072e+02 2.033983635410092461e+02 8.524520217957493040e-03
2.512265309024969042e+02 2.016229922043751515e+02 1.047564867243264315e-02
2.511797304864932130e+02 2.013129094480839854e+02 9.577862914337017045e-03
2.513625276669125981e+02 1.977697846203077461e+02 1.523569098391985670e-02
2.512022373532209087e+02 1.957593000826674086e+02 2.384021191299478051e-02
2.512719890843474104e+02 1.931150721339745360e+02 1.632903403585809696e-02
2.512207530733606404e+02 1.925161956995173398e+02 1.394234615418803690e-02
2.513648832434066094e+02 1.893602254242260017e+02 3.186250544449283767e-02
2.511721881972284223e+02 1.887937670557071499e+02 2.350687561667214737e-02
2.513360785429203759e+02 1.923922834869643168e+02 3.416919261504546695e-02
2.512632512288998043e+02 1.941580725162001499e+02 1.133343407496955474e-02
2.514114658796967205e+02 1.978381941172810343e+02 1.325789562573889517e-02
2.514893199050658268e+02 1.981402501355567551e+02 1.708015182357176462e-02
2.513282251397790219e+02 1.960654939155014631e+02 2.458688521675748279e-02
2.515355069822842893e+02 1.914232882070062942e+02 8.308073849545329070e-02
2.515301424901554697e+02 1.914061058320518498e+02 7.889403461364101477e-02
2.514039813687232652e+02 1.931695615072133876e+02 5.114267682379398938e-02
2.515021200188446073e+02 1.948462119663285819e+02 4.502262242331042663e-02
2.514887732335398596e+02 1.997683401630236801e+02 2.164019235726539689e-02
2.516614147681312659e+02 2.017864069902843482e+02 4.192037262553444804e-02
2.515368892167930426e+02 2.042118152161352498e+02 3.527586911883660858e-02
2.514902088018560278e+02 2.041382767846825175e+02 2.753357807624956521e-02
2.513291673703766378e+02 2.032716246366634323e+02 1.146676859349860834e-02
2.515066800593783114e+02 1.995638539009235615e+02 1.424457106285389150e-02
2.513844211948550651e+02 1.963210250757784650e+02 3.952479577596245547e-02
2.512789224793109213e+02 1.960325958452964130e+02 3.577365132134507908e-02
2.511772504644485764e+02 1.950102312020551381e+02 1.601347567533933577e-02
2.511774104658708211e+02 1.932225708672966107e+02 1.246677748246651125e-02
2.511587436332767425e+02 1.931633436741659864e+02 1.288900345780851463e-02
2.511308633854523293e+02 1.927590245246624363e+02 1.164454795153734706e-02
2.511416012586778663e+02 1.916292055929386038e+02 1.196899527995804423e-02
2.511481524280215751e+02 1.916223166428146101e+02 1.588903012471221815e-02
2.511437346109743203e+02 1.896874283326962995e+02 2.392910159201415074e-02
2.511120943297273698e+02 1.894173103760922459e+02 2.668912612556556194e-02
2.513180072711757305e+02 1.903235317647267948e+02 2.768024604663152713e-02
2.514719730842051888e+02 1.913801056009386627e+02 3.320918408163628377e-02
2.516089031902505724e+02 1.929458350740895582e+02 3.003582254064480692e-02
2.515562538333674070e+02 1.928018382385621123e+02 3.099138659010302471e-02
2.514667241486590967e+02 1.926098498653321371e+02 2.704024035769206705e-02
2.514661285878096635e+02 1.926145076845127448e+02 2.750246668859278668e-02
2.512249797775980369e+02 1.912922114863243337e+02 2.114241015475692986e-02
2.511324767331265093e+02 1.887109440972808727e+02 3.850700895119067713e-02
2.513578209584085243e+02 1.855012933448297190e+02 4.653374696663970661e-02
2.511923794878176750e+02 1.849983288740344278e+02 3.766700148445763924e-02
2.513745455515160074e+02 1.883717233042071371e+02 3.285362536555880286e-02
2.514146036853661030e+02 1.938978257584511766e+02 3.966257477844247620e-02
2.514859954310705064e+02 1.947825758451186289e+02 5.131601169788176098e-02
2.513731188721677654e+02 1.943618609943199544e+02 3.903145805740495383e-02
2.513875634450083965e+02 1.920910141423479445e+02 2.853358696521746812e-02
2.513638121227744193e+02 1.897211664103680846e+02 1.809793864834353949e-02
2.513421852638689984e+02 1.858594076391790111e+02 3.448475097556422814e-02
2.511773526875794573e+02 1.846496991084365220e+02 2.989804353816478272e-02
2.512871536635881284e+02 1.849190881696726194e+02 3.227139796798193794e-02
2.514731153165805893e+02 1.889453372918870286e+02 2.634245637739002222e-02
2.514788487008773359e+02 1.932072240642139036e+02 4.315149467995271076e-02
2.515710539649241468e+02 1.952547178197139601e+02 5.074267326820682683e-02
2.515314136125654443e+02 1.953428563809456193e+02 3.904034702530689155e-02
2.514584662974781963e+02 1.955107245397736904e+02 3.048915990364358883e-02
2.514697997315531666e+02 1.956651081342945133e+02 2.914248126650014620e-02
2.514840798584876325e+02 1.959376838905234592e+02 2.801358234295416028e-02
2.514142259042302499e+02 1.986556191610592066e+02 1.849794220393070204e-02
2.514769064613907688e+02 2.017059084969644118e+02 1.112454332927403748e-02
2.516089565240579873e+02 2.044004168925945919e+02 2.135130090045244886e-02
2.515958275184668196e+02 2.052611578769589187e+02 1.130676717126374506e-02
2.515893874612218895e+02 2.062709757420065841e+02 1.050231557613845457e-02
2.513613943235050954e+02 2.050568805056044823e+02 6.115609916532591291e-03
2.512678334918532528e+02 2.035614805464937547e+02 1.185788318118383318e-02
2.513050960452981712e+02 2.029760575649561360e+02 1.109343194161725894e-02
2.513636210099645325e+02 2.031831971839749826e+02 6.808949412883669866e-03
2.515094934177192556e+02 2.038170961519657851e+02 1.021786860327647366e-02
2.513056960506315534e+02 2.035005422270420183e+02 5.591160810318313718e-03
2.513582031840282980e+02 1.984798220428625939e+02 1.348900879118925498e-02
2.513154028035804686e+02 1.887183308296073676e+02 3.050249335549649193e-02
2.511830638494564312e+02 1.825360803207139497e+02 5.153379141147921422e-02
2.510404092480821987e+02 1.820468893056827255e+02 3.955146267966826168e-02
2.509846931972728612e+02 1.818735766540146983e+02 4.217370821073965215e-02
2.513907812513888871e+02 1.873415941475035424e+02 2.948915101467568592e-02
2.515042889270126807e+02 1.927792780380270017e+02 4.294704841820816410e-02
2.515930630494493414e+02 1.961664281460279540e+02 4.388927901581347185e-02
2.515368136605658833e+02 1.966935839429683881e+02 4.792042595934185856e-02
2.514960532982515531e+02 1.968508386741215475e+02 3.214695241735482378e-02
2.514962221886416671e+02 1.970911208099627459e+02 2.835136312322776228e-02
2.515388225673117120e+02 1.979735108756522379e+02 2.038240339914132448e-02
2.516583969635285598e+02 1.993247228864256613e+02 2.256908950301780500e-02
2.515436626103343087e+02 2.014716264144570061e+02 1.287122552200463919e-02
2.516359078747366596e+02 2.020737695446181874e+02 3.302696023964657446e-02
2.516293567053929507e+02 2.035464981910950257e+02 1.296900416892594540e-02
2.514410216979706547e+02 2.071179210481870996e+02 9.035635872318864906e-03
2.514501995573293982e+02 2.076144365727695345e+02 1.874683330518493382e-02
2.514731908728077485e+02 2.081652281353611897e+02 1.068009493417719329e-02
2.513805500493337775e+02 2.111683437186108279e+02 3.440030578049582764e-03
2.514081680726050934e+02 2.111959928532698143e+02 5.262268997946648562e-03
2.513940212801891505e+02 2.112295709295193831e+02 4.795598183094960942e-03
2.513469319727286404e+02 2.109871154410261340e+02 5.444492839936355272e-03
2.512016640147912483e+02 2.092747713313007125e+02 6.560058311629436353e-03
2.512071662859225398e+02 2.089579507373398997e+02 7.048951546235966530e-03
2.512052684912754899e+02 2.089103014249015473e+02 4.311149432439399624e-03
2.512308109405416872e+02 2.074744175503782344e+02 5.435603872034418423e-03
2.512742957715179557e+02 2.075678583809633722e+02 5.493382163397008376e-03
2.514010702317353889e+02 2.039554440483915414e+02 9.968977502022240145e-03
2.513527098018649042e+02 1.941560724984222190e+02 2.488022115752139968e-02
2.513066560591649647e+02 1.866274544662619235e+02 5.500048889323460449e-02
2.511094098614209997e+02 1.854807687179441587e+02 3.999591107476510587e-02
2.511435079422928141e+02 1.854121636636770063e+02 3.390252357798736321e-02
2.514231815393914644e+02 1.894606529835820652e+02 2.764024569107281087e-02
2.514859198748433187e+02 1.938442830602938614e+02 3.306251611125432532e-02
2.515863296562636151e+02 1.980171068187272851e+02 2.892914603685366182e-02
2.515355336491879825e+02 1.982840469693063881e+02 3.108916523702432919e-02
2.515077911803660413e+02 1.984032346954195134e+02 2.154241371034409241e-02
2.514687197219530788e+02 1.985825251780015890e+02 1.907572511755660158e-02
2.515596627525578128e+02 1.996505835607427741e+02 1.671570413959235293e-02
2.515946363967679815e+02 2.007099040880363248e+02 1.134676752682246131e-02
2.516136854549818338e+02 2.009804042702601805e+02 1.196899527995804423e-02
2.515913341451924055e+02 2.009590040800362658e+02 1.437790558138294511e-02
2.513388430119378825e+02 1.990980542049262567e+02 9.982310953875144985e-03
2.513832611845438691e+02 1.963024160214757501e+02 1.285789207015173435e-02
2.514877510022311355e+02 1.972786780326936196e+02 1.658236962106329759e-02
2.515980364269904612e+02 1.995891385701206104e+02 1.189788353674254943e-02
2.516235477648690164e+02 1.998000204446261705e+02 1.513791233699855049e-02
2.516099031991395520e+02 1.999547418199272784e+02 1.332456288500342284e-02
2.515266713481897511e+02 2.007964070791740312e+02 1.371123298873767708e-02
2.514815065022800127e+02 2.035143512386776763e+02 1.087565222801980397e-02
2.515546982639845623e+02 2.042456288500342225e+02 2.668468164161459308e-02
2.515636850105334190e+02 2.063210695206179537e+02 8.662299220437515504e-03
2.516151076898461270e+02 2.068901945795073800e+02 1.083565187246108771e-02
2.515247913314784967e+02 2.026916683703855142e+02 1.162677001573347337e-02
2.513546787082551930e+02 1.958660654761375781e+02 2.382243397719090855e-02
2.513380785606983068e+02 1.915429070480626592e+02 3.887590111912105767e-02
2.513412474777553598e+02 1.915676272677979455e+02 4.386261211210766564e-02
2.514004035591427453e+02 1.925326936239433167e+02 2.488466564147236854e-02
2.513174428217139678e+02 1.959659019191281573e+02 9.635641205699606998e-03
2.514517951270677827e+02 1.965127290020355701e+02 1.594680841607480984e-02
2.514471728637587944e+02 1.964969777509133451e+02 1.496013297895981350e-02
2.514550529338038700e+02 1.965052044907065749e+02 1.567569489506573377e-02
2.513044960399647891e+02 1.960540049244882255e+02 1.312456110720984157e-02
2.511303211584103110e+02 1.955850318669499188e+02 1.426679348260873406e-02
2.511093520831296360e+02 1.954286438101671877e+02 1.149787998115538862e-02
2.510379381150054598e+02 1.946545924852665337e+02 1.229344260837874139e-02
2.510533604743153262e+02 1.942215753028915799e+02 1.123121094409728141e-02
2.510610183201628445e+02 1.941703526253566565e+02 1.182677179352705291e-02
2.510711384101192039e+02 1.937118463275229203e+02 1.099120881074498388e-02
2.510867118818833887e+02 1.925508760077867407e+02 1.435123867767713543e-02
2.510656450279558101e+02 1.923556209388527805e+02 1.308456075165112531e-02
2.510888674565996155e+02 1.911053342696379502e+02 1.298233762077885198e-02
2.510692006151165856e+02 1.896169432617178927e+02 1.990684361638770175e-02
2.512929892710157560e+02 1.905183646076854131e+02 2.917803713810789359e-02
2.514408794744842055e+02 1.911523969101947671e+02 4.528484697641756845e-02
2.514816265033466891e+02 1.913983413185895017e+02 3.862256553391585356e-02
2.514640219024169028e+02 1.967878914479239825e+02 1.562236108765411267e-02
2.515295024844665193e+02 1.970064222793091631e+02 3.039582574067324974e-02
2.514134481195388275e+02 1.965446003964479758e+02 2.202686246099965287e-02
2.514088480786495836e+02 1.923757766735704422e+02 2.739579907376954448e-02
2.513304696041742545e+02 1.895372269975732991e+02 3.222250864452128744e-02
2.511774860220979804e+02 1.879966577480688841e+02 3.554253815589471927e-02
2.511972861980995333e+02 1.872278242473266516e+02 2.832914070347292146e-02
2.514057147174641500e+02 1.882629712264109116e+02 2.824913999235548895e-02
2.513855678717144144e+02 1.912173752655579051e+02 3.304918265940141875e-02
2.514105103156472580e+02 1.915120223290873582e+02 4.843598609765420449e-02
2.513227050907119065e+02 1.873378474475328801e+02 3.572476199788442858e-02
2.513508875634450135e+02 1.810502404465817392e+02 4.859154303593810065e-02
2.512476155343603068e+02 1.781759660085867552e+02 5.372936648325762898e-02
2.514542618156605727e+02 1.796216721926417108e+02 4.808487186552769244e-02
2.513234606529835844e+02 1.843027493577720577e+02 3.811144987955448343e-02
2.514640930141601132e+02 1.898315185023867002e+02 4.271149076880683543e-02
2.515809251637792272e+02 1.957076551791571433e+02 4.099147547978203993e-02
2.515169023724655233e+02 1.999885954541818194e+02 3.045804851598681029e-02
2.515317247264420075e+02 2.001442146152410260e+02 3.820478404252482252e-02
2.515131956728504292e+02 2.013633676743793330e+02 1.879572262864558779e-02
2.514735242091040845e+02 2.033183450519560154e+02 9.720086400768006632e-03
2.515298091538591336e+02 2.035207379621152199e+02 1.082231842060818287e-02
2.515128312251664511e+02 2.044611240988808731e+02 9.186748326651792210e-03
2.513364296571525074e+02 2.038612254331149529e+02 6.968950835118534019e-03
2.511759304527151357e+02 2.022176686014986728e+02 1.200455115156579163e-02
2.511737304331593919e+02 2.019381327834025228e+02 1.184454972933092660e-02
2.512446643970168623e+02 2.002538067005040148e+02 1.220010844540840404e-02
2.512861136543435805e+02 2.004424305993831013e+02 1.419568173939323927e-02
2.512811313878345629e+02 2.003497764424572551e+02 1.482679846043075990e-02
2.513565187246108792e+02 1.969261548991546533e+02 2.016462368554387125e-02
2.513073405096934323e+02 1.928994479950932828e+02 4.478706477390909796e-02
2.511122009973421996e+02 1.917363354340927515e+02 3.912479222037529292e-02
2.513593587498555451e+02 1.929024924665997105e+02 3.002248908879190034e-02
2.514808487186552668e+02 1.968424785998097661e+02 2.489355460937430625e-02
2.516374234437639359e+02 1.991820727295353777e+02 3.203139583462964041e-02
2.515890896807971728e+02 2.009694352838691884e+02 1.762237886558991676e-02
2.516308811633881248e+02 2.014371727748691114e+02 1.817349487551000314e-02
2.515877696690637322e+02 2.014466573036204693e+02 1.929350483115405482e-02
2.513634032302509240e+02 2.007185130534493567e+02 1.305789384794531563e-02
2.514654352483133266e+02 2.010547782646956989e+02 1.927128241139921400e-02
2.515831207388510222e+02 2.016802193797278164e+02 1.651125787784780280e-02
2.515658228073138503e+02 2.022943403941368388e+02 1.286678103805367207e-02
2.512446955084045328e+02 2.090042044818176237e+02 2.035573649543551480e-03
2.514397594645285778e+02 2.105733828745144365e+02 2.044462617445488330e-03
2.515664272571311812e+02 2.128255495604405496e+02 3.920034844754175657e-03
2.514011146765749061e+02 2.123440208357407641e+02 1.911128098916434724e-03
2.514800131556724807e+02 2.068610520982408616e+02 7.760068978390918804e-03
2.513706344056391515e+02 2.042373576654014755e+02 1.663125894452395157e-02
2.512739402128019037e+02 2.032456199610663248e+02 1.699570662850336325e-02
2.512717579711819553e+02 2.030235824318438347e+02 1.132898959101858762e-02
2.512859580974053131e+02 2.029719730842051888e+02 1.228899812442777253e-02
2.513900034666974932e+02 2.032023751322234091e+02 1.330678494919954914e-02
2.514704841820816057e+02 2.067532378065582748e+02 8.711188543898167741e-03
2.515627694468395248e+02 2.070806807171619255e+02 2.082240731028720329e-02
2.515040533693632767e+02 2.115590983030960217e+02 4.782264731242055235e-03
2.515470359736530952e+02 2.136392012373443379e+02 1.482235397647979104e-02
2.513795500404447978e+02 2.112000417781491421e+02 1.141343478608698725e-02
2.513947635090089818e+02 2.026684681641614532e+02 2.426243788833678389e-02
2.514131770060178326e+02 1.936447923981546637e+02 4.099591996373300878e-02
2.513503142250153246e+02 1.871493213273006972e+02 4.240926586014098082e-02
2.511836149654663473e+02 1.851237833225184204e+02 3.733366518813500262e-02
2.512438021671303829e+02 1.826334545195957162e+02 2.729357594289727115e-02
2.513968968613054358e+02 1.862566689481684250e+02 3.579142925714895451e-02
2.513981013164561489e+02 1.911018009048969191e+02 4.656930283824745054e-02
2.513725544227059743e+02 1.949701419568174003e+02 3.951146232410954889e-02
2.514820353958701844e+02 1.961943439497239865e+02 1.982239842131930038e-02
2.514937199441772862e+02 1.963748699988444457e+02 1.895127956692948396e-02
2.515383603409808018e+02 1.987039262571222764e+02 1.789349238659899283e-02
2.514907510288980461e+02 2.016635658983635437e+02 1.760460092978604132e-02
2.515086178543809297e+02 2.020493382163396916e+02 1.924905999164436970e-02
2.515295869296616047e+02 2.024629063369452240e+02 1.526680237157663697e-02
2.515591871927750560e+02 2.028254295593738732e+02 1.311567213930790558e-02
2.515243468830834104e+02 2.026431834949644042e+02 1.348011982328731727e-02
2.515510315647250081e+02 2.029574218437497279e+02 1.356012053440474978e-02
2.515913652565800476e+02 2.031703837367443271e+02 1.448457319620618904e-02
2.515361825438448307e+02 2.058240339914132448e+02 4.511151210232980033e-03
2.515659294749286801e+02 2.074855154268038007e+02 7.840069689508351314e-03
2.515992986604325381e+02 2.077134730086489753e+02 7.582289620352180952e-03
2.515448448430652775e+02 2.075634316749482196e+02 6.897839091903039226e-03
2.513768433497186550e+02 2.064125103334251889e+02 4.573373985546537977e-03
2.513819233948746330e+02 2.040699161770326953e+02 6.266722370865518595e-03
2.513731855394270269e+02 2.040234313193895161e+02 7.982293175939340901e-03
2.513636476768682257e+02 2.041674148214650870e+02 6.475613116561035852e-03
2.512727935359425544e+02 2.020304713819678284e+02 9.271193521720193578e-03
2.512753002248908842e+02 1.946610725428670605e+02 3.059582751846683102e-02
2.512756602280909135e+02 1.848052249353327454e+02 5.950275113556564854e-02
2.511665481470946304e+02 1.844082569622840992e+02 4.886710104089814211e-02
2.512974826442901701e+02 1.854735419870398800e+02 4.096480857607623371e-02
2.514575196223966316e+02 1.897340554138258994e+02 2.956026275789118071e-02
2.514882043395941196e+02 1.983065316136143394e+02 2.677801580458492869e-02
2.514970844185281749e+02 2.039778398030204585e+02 2.584022969093058633e-02
2.515417737046551565e+02 2.053701677348243209e+02 2.653356918728166577e-02
2.515235646539080392e+02 2.054422928203806293e+02 2.005351158676966020e-02
2.514254526706904187e+02 2.051446946195077317e+02 1.207121841083031930e-02
2.513932701624014499e+02 2.012936248322207291e+02 1.363123227762024631e-02
2.512972115307691752e+02 1.997097885314536256e+02 1.475568671721526337e-02
2.512628645587960818e+02 1.994469595285291348e+02 1.206677392687935044e-02
2.513452919581507388e+02 1.972012106774282358e+02 1.256900061333878459e-02
2.512915714806353833e+02 1.969116747704424029e+02 1.188455008488964286e-02
2.513844523062427356e+02 1.972141885705650850e+02 1.513346785304758337e-02
2.515870452181797248e+02 1.995707872958870723e+02 1.277789135903430184e-02
2.516383434519418074e+02 2.004973333096294255e+02 2.659134747864425399e-02
2.512909225859785352e+02 2.028508653410252407e+02 4.488928790478137476e-03
2.513992079929599299e+02 2.031559302749357698e+02 6.395612405443604209e-03
2.515374003324473904e+02 2.035691606147610173e+02 9.217859714308572483e-03
2.516345167512600085e+02 2.047843714166348263e+02 9.960088534120302428e-03
2.517088551898239075e+02 2.053489542129263441e+02 1.976906461390767755e-02
2.514726397567978324e+02 2.097668290384803527e+02 7.840069689508351314e-03
2.516750637783447075e+02 2.169536395879074462e+02 1.242233264295682614e-02
2.516210810762762264e+02 2.297697712868558710e+02 1.586680770495737733e-02
2.515654850265335654e+02 2.322988115449915085e+02 1.379123369985510959e-02
2.513974879776709201e+02 2.284911688103894392e+02 3.577809580529604794e-03
2.514050480448715064e+02 2.203957190730584159e+02 5.560049422661535179e-03
2.515348847545311628e+02 2.092547711535213750e+02 1.705348491986595494e-02
2.513937190552804850e+02 1.992845358625409915e+02 3.651588014115680902e-02
2.514040658139183506e+02 1.962408954746264271e+02 2.511133432297175949e-02
2.514245637739002177e+02 1.966169343727499665e+02 1.928461586325211710e-02
2.514140081245166698e+02 1.966178943812833779e+02 1.821793971501968826e-02
2.513282962515222323e+02 1.962553222695312911e+02 1.486235433203850730e-02
2.512960781873616725e+02 1.938374252215575382e+02 1.419568173939323927e-02
2.512514022346865374e+02 1.913085049644885771e+02 2.397799091547480471e-02
2.512101218677499332e+02 1.899089147459088451e+02 2.011128987813224842e-02
2.511740815473915234e+02 1.883986746548858093e+02 1.658681410501426645e-02
2.513219361949884103e+02 1.891078142916825868e+02 2.044018169050391617e-02
2.514503862256553361e+02 1.922704957377398785e+02 2.428021582414065932e-02
2.514310127201130740e+02 1.967791713704121719e+02 1.879572262864558779e-02
2.515705250713339751e+02 1.988468075271780151e+02 3.025360225424226016e-02
2.515181868283273730e+02 2.030677028240251047e+02 8.644521284633641806e-03
2.515348847545311628e+02 2.038930968275273585e+02 7.888959012969003551e-03
2.515694539507017851e+02 2.058837634112303192e+02 6.835616316589480414e-03
2.515256002275575895e+02 2.082589311904994815e+02 9.617863269895731565e-03
2.515264224570885006e+02 2.082822069529507019e+02 9.862309887198997954e-03
2.514768442386154561e+02 2.081379656708059542e+02 9.191192810602761068e-03
2.513893590165245939e+02 2.078795944852843149e+02 7.946737304331593504e-03
2.514464617463266336e+02 1.999734575418448230e+02 1.431568280606938803e-02
2.513197895092400813e+02 1.889405550271557956e+02 4.208481853172028192e-02
2.512986870994408832e+02 1.843993502164463791e+02 5.495604405372492285e-02
2.511735393203495050e+02 1.838313185006088872e+02 4.484484306527169312e-02
2.512159663641454586e+02 1.838104072036195760e+02 3.860923208206295393e-02
2.513527986915439385e+02 1.894904621374412272e+02 2.876914461461879680e-02
2.514697330642939050e+02 1.925004177814913930e+02 5.635161201432901945e-02
2.512673934879421154e+02 1.908571276189121591e+02 2.921359300971564099e-02
2.513843856389834457e+02 1.846548013760122444e+02 2.788024782442510494e-02
2.511690815029466819e+02 1.830142045707073066e+02 2.852914248126649926e-02
2.513813678343807396e+02 1.841577791802593822e+02 2.887581222944203899e-02
2.513876212232997602e+02 1.883717988604343248e+02 2.537355887607889784e-02
2.515018889056791522e+02 1.940439381683392810e+02 2.874692219486395597e-02
2.514863021004631207e+02 2.001273522431310425e+02 1.866238811011653592e-02
2.514723197539533714e+02 2.007422865981031066e+02 2.559133858967635108e-02
2.514598485319869496e+02 2.009721241966595358e+02 1.641347923092649833e-02
2.513578387363443198e+02 2.038796122632201104e+02 7.946737304331593504e-03
2.513482786513658027e+02 2.038393141272366904e+02 7.840069689508351314e-03
2.512447221753082260e+02 2.031372634423417196e+02 5.595605294269282576e-03
2.511592058596076527e+02 2.028430386047876084e+02 4.893376830016267151e-03
2.513933679410483535e+02 1.985979075369558871e+02 1.333789633685632768e-02
2.513995324402883682e+02 1.985564760575649643e+02 1.584014080125156765e-02
2.512944426172677197e+02 1.977293575942897235e+02 9.800087111885439142e-03
2.513192828380696824e+02 1.897894159059191566e+02 2.354687597223086362e-02
2.513827322909536974e+02 1.795960897430199452e+02 5.572049529329149709e-02
2.513595987519888979e+02 1.731313389452350577e+02 6.540058133850078226e-02
2.512412599223104337e+02 1.727152285798096045e+02 6.262722335309647836e-02
2.514199859554307181e+02 1.793521409079191926e+02 4.001813349451995017e-02
2.512462821891750195e+02 1.868749544440395027e+02 1.962239664352571911e-02
2.513413097005306724e+02 1.931612769891287940e+02 1.788460341869705511e-02
2.514980533160294840e+02 1.981542591489702261e+02 1.872905536938106186e-02
2.515307913848123178e+02 1.983393852389799008e+02 2.931581614058791779e-02
2.515023066871705453e+02 1.981987084329638549e+02 2.638690121689970733e-02
2.513665765917919259e+02 1.957447577311798455e+02 3.039582574067324974e-02
2.512676023786877977e+02 1.950304402705801863e+02 2.586245211068542715e-02
2.513696566191699446e+02 1.953747633312296159e+02 2.504911154765820241e-02
2.515382225619783298e+02 1.961365834362972009e+02 4.855154268037938092e-02
2.515323113983235430e+02 1.963013049004879917e+02 4.124036658103627517e-02
2.514852532022506750e+02 1.962113707677401635e+02 3.393363496564413828e-02
2.514051280455826145e+02 1.959373105538715834e+02 2.847580867385487990e-02
2.513576076231788647e+02 1.924702041795927130e+02 3.036915883696744006e-02
2.512894870176623670e+02 1.893013404563596112e+02 4.280482493177717451e-02
2.511236322100641019e+02 1.882168419274838129e+02 2.931581614058791779e-02
2.512351932017173510e+02 1.883743366607703251e+02 3.172028195806184808e-02
2.513958257406732457e+02 1.905236846549747156e+02 2.419132614512128909e-02
2.512560956097387646e+02 1.901684726086454020e+02 2.136907883625632082e-02
2.511907172508200006e+02 1.873513897901314635e+02 3.018693499497773422e-02
2.512769891287922519e+02 1.831111743215495267e+02 7.331620725517559722e-02
2.512817669490395360e+02 1.787069707286287041e+02 7.510733428741589446e-02
2.513995413292562660e+02 1.809050836007431258e+02 7.024506884505639370e-02
2.514326927350465439e+02 1.883776655792495944e+02 5.890274580218490819e-02
2.515901474679774878e+02 1.996679259371194348e+02 2.789802576022898037e-02
2.517088196339522881e+02 2.065895874629996740e+02 1.998684432750513426e-02
2.516516991262144529e+02 2.069664397016862267e+02 2.176019342394154565e-02
2.515628716699704057e+02 2.066257922292642490e+02 1.706681837171885804e-02
2.514492662156997085e+02 2.026582102952026219e+02 8.973413097005306094e-03
2.514345105289824858e+02 1.983510653428030537e+02 2.277353576476235514e-02
2.514664619241059995e+02 1.985435870541071495e+02 2.465799695997297758e-02
2.515040044800398107e+02 1.989287549222659663e+02 1.746237744335505174e-02
2.514282304731597719e+02 1.987089529684708396e+02 1.649792442599489622e-02
2.513028693588387341e+02 1.982975004222259656e+02 1.374234437639445736e-02
2.512193041715926256e+02 1.979861820993964443e+02 9.817865047689312841e-03
2.511532946959528658e+02 1.977293398163539280e+02 8.244517729046480989e-03
2.511417523711321849e+02 1.969071058409408010e+02 8.742299931554948014e-03
2.513416919261504461e+02 1.933979457595178530e+02 1.537346998639987916e-02
2.511822505088934179e+02 1.907270731295389226e+02 2.182241619925510620e-02
2.511037875892230034e+02 1.903622876647792452e+02 2.289353683143850043e-02
2.511704904043591569e+02 1.905702317353932074e+02 2.296909305860496409e-02
2.512269264615685529e+02 1.907493133272295722e+02 3.175583782966959895e-02
2.512677134907865764e+02 1.874237593223050737e+02 3.153361363212117685e-02
2.512717757491177792e+02 1.788919234837642875e+02 5.218713055227157394e-02
2.513231673170428166e+02 1.728404608040960397e+02 8.237851003120028048e-02
2.513597276420234721e+02 1.739984044302616155e+02 9.775198001760015964e-02
2.514006168943724049e+02 1.792880647827980738e+02 6.928950479559818632e-02
2.513932968293051431e+02 1.866858060960541934e+02 6.383612298775989680e-02
2.514032391399034623e+02 1.942295264846798659e+02 4.396927972693090436e-02
2.515567249486662149e+02 1.969095725295335910e+02 3.687143885723428993e-02
2.514104614263237920e+02 1.960715250802229264e+02 2.781802504911154786e-02
2.513361052098240975e+02 1.951366678814922864e+02 2.254686708326296071e-02
2.512077574022880242e+02 1.940747828869589853e+02 1.705792940381692380e-02
2.511782460288535788e+02 1.936679837154107986e+02 1.779571373967768488e-02
2.512449310660539084e+02 1.938995902185797320e+02 2.131574502884470146e-02
2.514485506537835988e+02 1.954029991377701094e+02 1.976462012995671216e-02
2.514319327282909171e+02 1.953075405114712169e+02 1.837349665330358442e-02
2.513015582360732196e+02 1.915763206784060344e+02 2.361798771544635842e-02
2.511868194383950197e+02 1.910038489231015433e+02 2.511133432297175949e-02
2.512336109654308132e+02 1.910974808664965963e+02 2.563133894523506734e-02
2.513026560236091029e+02 1.913840389692352915e+02 2.802247131085609799e-02
2.512602689801687177e+02 1.948083849634219007e+02 1.032453621809971585e-02
2.511398012426777200e+02 1.942474155325825222e+02 1.308456075165112531e-02
2.510456759615641147e+02 1.937390154579151726e+02 1.021342411932550480e-02
2.510073645099067505e+02 1.936602280909163767e+02 1.145787962559667236e-02
2.511679570485071054e+02 1.939666041475924203e+02 1.875127778913590268e-02
2.509560040533693552e+02 1.930886630103378820e+02 1.912905892496822094e-02
2.513126294455950642e+02 1.889612485444314984e+02 5.396492413265895766e-02
2.511235477648690164e+02 1.870651428012693316e+02 4.845376403345807298e-02
2.511221388634565699e+02 1.869459106303167175e+02 4.728042027040240541e-02
2.511555836051876156e+02 1.868796967084151959e+02 4.252482244286615726e-02
2.514371016631259010e+02 1.899634441195032935e+02 2.866692148374652346e-02
2.515015777918025890e+02 1.926343345274180194e+02 4.984044302616023187e-02
2.515008133405630133e+02 1.934093280829162893e+02 5.436048320429515135e-02
2.515109289860354238e+02 1.938302340465248506e+02 3.767589045235957695e-02
2.514759242304376130e+02 1.937444910621427709e+02 3.609809864976577798e-02
2.513527142463488531e+02 1.912725890896807925e+02 2.494244393283496022e-02
2.512908692521711203e+02 1.909421372634423335e+02 2.094240837696335206e-02
2.514398439097236349e+02 1.944722575311780588e+02 2.048018204606263243e-02
2.515328758477853057e+02 1.977094729730930851e+02 3.435586094098614512e-02
2.516023964657463523e+02 1.988892034595862981e+02 3.870256624503328607e-02
2.515938541675926103e+02 1.993080471826416158e+02 2.608023182428288386e-02
2.515686717215264139e+02 1.999510306758282354e+02 1.848905323602876433e-02
2.515519960177423684e+02 2.004735997653312438e+02 1.900905785829207217e-02
2.515622138863456598e+02 2.010239113236562218e+02 1.764904576929572644e-02
2.515635205646272539e+02 2.011946550636005782e+02 1.964906354723153226e-02
2.515817429488262178e+02 2.012916648147983665e+02 1.942239486573214130e-02
2.515320936186099345e+02 2.037310242757713468e+02 1.483124294438172702e-02
2.514655108045404859e+02 2.072409488084338420e+02 8.942301709348527555e-03
2.514186837216330730e+02 2.071290855918719274e+02 9.137859003191139973e-03
2.514587729668708107e+02 2.073834567418377048e+02 1.037787002551133868e-02
2.513530875830007290e+02 2.053429630485604207e+02 7.626734459861865198e-03
2.513380118934390453e+02 1.980828229584263056e+02 3.189806131610058854e-02
2.513884612307664952e+02 1.936037031440279463e+02 3.623587765224579871e-02
2.513570920630405681e+02 1.905540004800042766e+02 3.402252464466350851e-02
2.514879465595249712e+02 1.917208241851038792e+02 2.725802007128952376e-02
2.515076178454919500e+02 1.934603018693499621e+02 2.783135850096445443e-02
2.515213024115769826e+02 1.971377834469639652e+02 2.059129414483684348e-02
2.515863607676512572e+02 1.980731428723810836e+02 1.704015146801304836e-02
2.516285566982817556e+02 1.996080942941715080e+02 1.331567391710148512e-02
2.516698770655739281e+02 2.003785500315558465e+02 1.487124329994044328e-02
2.514707552956026291e+02 2.026759660085867552e+02 1.126232233175405995e-02
2.515529560262757798e+02 2.048988524342438495e+02 1.134676752682246131e-02
2.516105387603445251e+02 2.060458048515986889e+02 9.551196010631205630e-03
2.515998319985066587e+02 2.069492084374083447e+02 1.032898070205068471e-02
2.515442848380874636e+02 2.079445328402919131e+02 7.311176099343104882e-03
2.514944755064489357e+02 2.113585676317122761e+02 3.671143743499942144e-03
2.514372172197086286e+02 2.168585942986159978e+02 1.167121485524315848e-02
2.514348083094072024e+02 2.169098525320225122e+02 1.379123369985510959e-02
2.513996613303229424e+02 2.170677428243806730e+02 7.880070045067067569e-03
2.514091680814940446e+02 2.175249024435772753e+02 5.351158676966017054e-03
2.514893287940337245e+02 2.145466937483888614e+02 2.724468661943661631e-03
