2.515131175324774802e+02 1.340597095047470191e+02 4.596082762005552214e-01
2.524464140554302958e+02 1.955124235034279536e+02 7.519670547094280399e-01
2.524564793938557443e+02 1.955136351784536544e+02 7.673008788478350439e-01
2.524448227733554120e+02 1.954001901869660571e+02 7.195355756990138296e-01
2.522296124173683722e+02 1.954861309222534089e+02 4.825304069080814107e-01
2.519501602785318823e+02 1.952835971410604543e+02 3.057447200110431362e-01
2.516277205171858498e+02 1.951586872498044443e+02 1.333379346308992408e-01
2.513931693737634134e+02 1.943715854537646237e+02 5.992039755210969154e-02
2.511337252105093683e+02 1.933419454286108703e+02 3.476663752511541250e-02
2.511530046473105529e+02 1.932004900381907646e+02 3.093605730149235483e-02
2.511257764689642613e+02 1.927170240341109491e+02 2.412997131857850738e-02
2.510954960965659097e+02 1.923799138023589421e+02 2.072884553444071312e-02
2.512070890657832081e+02 1.926947192441601828e+02 2.465912053865856879e-02
2.513086166965751147e+02 1.930328609334499106e+02 2.934477522661390475e-02
2.513508182640838129e+02 1.932442752189450630e+02 2.954416478780349381e-02
2.515048236936149237e+02 1.939938534333348628e+02 2.355480912283930764e-02
2.514072493443150904e+02 1.937034540407061343e+02 2.172195892575039602e-02
2.513627394591941595e+02 1.899581588674672901e+02 4.863571527170661851e-02
2.511575560974861503e+02 1.885069441249098929e+02 3.641160140492952224e-02
2.510747595822021765e+02 1.880892498351201709e+02 3.860105216337673950e-02
2.512425689044310388e+02 1.883972453565238823e+02 3.740854921087746754e-02
2.514298762250954837e+02 1.921132609395849613e+02 3.362014754827528235e-02
2.515618107639687651e+02 1.929006311446494522e+02 5.438733722909860901e-02
2.516386562677341772e+02 1.943020521787144048e+02 3.254651144956210995e-02
2.516869392168591446e+02 1.955767496433994381e+02 2.759628215156674155e-02
2.517348233868617626e+02 1.959070231138514373e+02 3.933725977392291129e-02
2.516935650853540665e+02 1.959701605852850435e+02 3.033788861792358765e-02
2.516120837742910226e+02 1.958429960582217575e+02 2.414147456249329110e-02
2.515857911931164494e+02 1.958792121044801320e+02 2.342443902513842088e-02
2.516765594564333810e+02 1.964209075292565956e+02 2.675654534578751284e-02
2.517140715348394906e+02 1.973602279176060961e+02 4.995475390726851483e-02
2.517180669948925527e+02 1.980680915351462374e+02 5.709826837834935942e-02
2.516860803079801769e+02 1.982062953419531084e+02 5.533443764474915011e-02
2.516546419423610814e+02 1.982231437598736079e+02 3.675286430773477830e-02
2.515670524087792899e+02 1.981292351109679544e+02 3.133100200923327056e-02
2.514676222027945300e+02 1.979015092256016146e+02 2.468212702648813622e-02
2.513754275372321558e+02 1.975711245571251027e+02 1.864292397122655279e-02
2.512055744720011035e+02 1.967307589073452050e+02 1.674872313992546019e-02
2.511139933127808774e+02 1.952141597263761810e+02 2.367367597662540721e-02
2.509997622662924357e+02 1.945595254528443547e+02 1.912222580100921693e-02
2.510216452706329733e+02 1.941561948802895756e+02 2.128483565698860436e-02
2.510942690838816418e+02 1.930525621558612954e+02 1.766514823846991600e-02
2.512949815181214319e+02 1.849170616113744074e+02 5.040338041994509022e-02
2.513253309099832791e+02 1.717677840150922464e+02 9.241322719673614183e-02
2.511939331891593383e+02 1.609444048221598393e+02 1.166007147348885747e-01
2.511152625040261341e+02 1.501043420911363739e+02 1.472798662556174254e-01
2.509523804046074247e+02 1.469969746468504184e+02 1.420535591036672374e-01
2.511224328593996802e+02 1.528188890933909931e+02 1.581542661697265262e-01
2.512835434592554975e+02 1.622367636006687235e+02 1.276054847466985553e-01
2.513859951839752114e+02 1.705626313287013716e+02 1.048213929661497845e-01
2.513161589901685602e+02 1.807223500360435082e+02 8.220601542968450359e-02
2.514376754244696883e+02 1.880244443933189018e+02 9.346769122225800919e-02
2.514271844660194120e+02 1.940214918940474433e+02 7.086765134434577784e-02
2.515082593291308228e+02 1.945094671697418676e+02 6.757388917007929596e-02
2.515519793248362816e+02 1.959250141873341704e+02 6.840979156122026228e-02
2.515289076519578657e+02 1.990587432322581662e+02 4.793401739290480135e-02
2.516065238730655267e+02 2.031927713615239384e+02 5.176843203116612141e-02
2.515879499685578082e+02 2.085138307336002015e+02 4.582892375649933597e-02
2.515364154358195776e+02 2.129609656589825022e+02 2.729719780978235796e-02
2.513927974355434856e+02 2.126073060936517436e+02 1.766131382383165360e-02
2.512823777972054700e+02 2.101752327489685399e+02 1.798340465344560463e-03
2.513502277642295155e+02 2.078970114572309456e+02 6.932621665976471809e-03
2.512514264022454427e+02 2.052932982100952586e+02 1.244650991579625450e-02
2.513895151766131448e+02 2.010749781438365744e+02 2.070967346124940461e-02
2.514469048605039916e+02 1.977821592355711005e+02 2.991226859307657970e-02
2.513935681528857913e+02 1.938258255494716309e+02 5.985904691789751403e-02
2.512948243071212744e+02 1.935194366478013421e+02 5.166490283593306448e-02
2.511962683476740494e+02 1.931099211644350362e+02 4.002745440880994821e-02
2.511344997622663016e+02 1.920950973174435319e+02 3.006181076396877150e-02
2.514728293378732928e+02 1.886884039632509769e+02 4.476295648706268837e-02
2.513232488228346995e+02 1.821043114158192679e+02 6.258531572570132095e-02
2.513317075415266970e+02 1.742348195524471350e+02 7.134311875949017612e-02
2.512551649565177456e+02 1.651827405328302518e+02 1.181689903219374504e-01
2.512117977269589915e+02 1.603717311615208700e+02 1.182035000536817981e-01
2.512198615009432672e+02 1.606962453411862271e+02 1.239551220110737956e-01
2.513375281829475796e+02 1.703183062623659794e+02 1.010099848157180319e-01
2.515260931916133700e+02 1.831778593229957437e+02 7.186459915029370926e-02
2.516552937928495908e+02 1.851031380849399568e+02 1.069916716514056898e-01
2.514700187119434247e+02 1.912440374852374987e+02 5.318333103268454987e-02
2.515268063927360913e+02 1.917067554717096982e+02 6.303777665301614486e-02
2.515737818064694125e+02 1.930944147916379166e+02 3.686789674688262242e-02
2.516771652939462172e+02 1.941287596435528258e+02 6.555698707035384487e-02
2.513500322090829684e+02 1.924373379959815225e+02 3.642693906348257182e-02
2.515170478074817026e+02 1.932684665408978617e+02 4.347459316860687734e-02
2.514699075139189119e+02 1.932708400435589624e+02 4.666099173300203989e-02
2.516085446095798943e+02 1.943532876271108591e+02 6.276553321369959804e-02
2.513327351646497618e+02 1.927267442752189481e+02 4.523842390220708665e-02
2.513288240617187341e+02 1.927221544808969327e+02 4.378518075430604811e-02
2.514822083160784700e+02 1.932754490099541442e+02 4.888495222319360484e-02
2.512743945459286294e+02 1.917128138468381451e+02 3.296062823049433071e-02
2.514221767205018523e+02 1.923662019356125086e+02 4.489332658476356819e-02
2.514497346585070261e+02 1.926033796530621771e+02 5.256982469056274004e-02
2.515598628813325490e+02 1.932327297964692718e+02 4.222073958189542786e-02
2.513168031718277859e+02 1.925189841868740359e+02 3.087854108191843278e-02
2.514361684995168673e+02 1.930866117578490559e+02 4.109342167824659581e-02
2.514468435098697796e+02 1.932043206184143855e+02 4.427598582800349597e-02
2.516197449347382644e+02 1.943804966333839559e+02 3.453657264681973815e-02
2.513735179987423010e+02 1.936327320971180654e+02 2.674504210187272912e-02
2.512837160079142222e+02 1.933903395757603505e+02 2.483933802665684934e-02
2.513231721345419487e+02 1.898589088789705386e+02 3.664933511250172832e-02
2.512948473136090968e+02 1.825440344177058023e+02 6.572186689979907237e-02
2.511354315250233924e+02 1.806121259528520397e+02 4.928373134557278296e-02
2.511154158806116641e+02 1.804297611926563150e+02 5.003144220003374193e-02
2.513357490145554323e+02 1.813040384054970104e+02 4.774613107562999254e-02
2.515245057439531422e+02 1.821624986579548704e+02 7.517369898311324072e-02
2.515763010168867595e+02 1.837062109848310456e+02 8.285786591818893043e-02
2.515663928894614969e+02 1.859370274083958350e+02 8.703737787389377589e-02
2.515507216368349077e+02 1.870056826024938914e+02 8.714474148376509521e-02
2.515070476541051221e+02 1.872387689995245239e+02 6.950643414776300211e-02
2.515063114464945784e+02 1.874093275970490424e+02 5.393487630178377124e-02
2.515498243838095789e+02 1.876393963097593485e+02 4.853985490575008638e-02
2.515546634150830414e+02 1.876802021503397384e+02 5.556833693768309379e-02
2.516068306262365866e+02 1.878907000107363672e+02 6.633920765655915153e-02
2.516274904523075406e+02 1.885173583950674185e+02 7.402720900627310363e-02
2.515815618337704507e+02 1.895375005751621984e+02 8.491311216429699160e-02
2.515708906578321660e+02 1.908074472001104311e+02 4.132732097118053949e-02
2.514992446203162615e+02 1.908564931977484207e+02 4.427215141336523357e-02
2.514991640976088547e+02 1.909020882222120008e+02 4.040706145799782129e-02
2.512109196460068290e+02 1.888108751667970466e+02 4.102056780011963111e-02
2.512475498090461485e+02 1.890742572738845695e+02 4.722081627018819006e-02
2.512792374116167480e+02 1.900359169619165982e+02 1.531465206521572496e-02
2.514176482768140488e+02 1.905612509394315737e+02 2.260003987791223828e-02
2.514887383242074179e+02 1.909001710148928623e+02 3.532646206230156960e-02
2.516812259390481472e+02 1.915747519133728929e+02 5.811055384285034736e-02
2.517769827758094436e+02 1.920904768478044105e+02 7.496664059264712687e-02
2.515718645991503024e+02 1.883236629396156445e+02 6.277703645761438522e-02
2.514583697602724044e+02 1.847221161367505715e+02 9.109802297581251485e-02
2.512644557431862324e+02 1.829748730808754829e+02 5.591726866976487464e-02
2.511846692433933015e+02 1.826739443856500884e+02 4.251215509440328666e-02
2.514151329008113578e+02 1.839088751361217078e+02 5.968649825917575480e-02
2.515395289805058496e+02 1.844494317397506222e+02 8.163468764858357318e-02
2.515106136597187003e+02 1.846549103513857517e+02 8.011625945183208086e-02
2.515423281031917782e+02 1.852984938419300818e+02 8.373978128498903162e-02
2.514646160217181148e+02 1.853200854307581267e+02 7.554180278838631968e-02
2.512050836669274076e+02 1.842213645914814606e+02 4.305280755839813178e-02
2.511429891562754051e+02 1.826306078314084687e+02 3.865473396831239916e-02
2.511190854154204715e+02 1.818998297519900689e+02 4.773846224635347468e-02
2.511231959079127023e+02 1.815904423380726769e+02 4.781131612448043938e-02
2.513489240632524968e+02 1.859129741253700274e+02 5.330603230110891183e-02
2.515270096167119220e+02 1.871853632724428280e+02 7.329867022500345664e-02
2.515347474654519146e+02 1.883584257427261264e+02 7.347888771300173372e-02
2.515493719228822442e+02 1.901013167379867923e+02 6.794966180462889971e-02
2.515289881746652441e+02 1.919082616297795880e+02 6.646190892498350655e-02
2.515553881194496739e+02 1.930013918925136807e+02 6.562984094848080263e-02
2.515844683200662644e+02 1.942324307121274956e+02 6.681084065706528741e-02
2.516388671605392631e+02 1.955470060890504556e+02 6.799567478028803458e-02
2.516279160723323969e+02 1.968321638368686592e+02 5.962898203960183274e-02
2.516503128882344811e+02 1.973048244604978549e+02 5.805303762327643224e-02
2.514792596512216392e+02 1.964520084663875252e+02 3.110477154557585167e-02
2.513676014969554728e+02 1.906968473442844356e+02 4.144235341032837666e-02
2.515320365343026765e+02 1.854532354790717648e+02 7.008159634350219491e-02
2.513676973573214184e+02 1.824021764137486912e+02 5.263500973941317995e-02
2.513314161260142043e+02 1.824427330173775772e+02 5.479378518075430499e-02
2.514254359729443706e+02 1.831658077577876895e+02 7.081396953941011818e-02
2.513932652341293590e+02 1.886687947667909100e+02 5.680685286584150062e-02
2.513926248868847608e+02 1.920733331799567338e+02 4.852068283255878134e-02
2.514765065415113838e+02 1.934357122041749051e+02 4.968251046795196108e-02
2.515137118667464335e+02 1.940075614656666403e+02 5.923787174649917942e-02
2.514437759781591808e+02 1.937993067378334047e+02 4.430282673047132580e-02
2.512242327336308847e+02 1.926828172211230310e+02 2.940229144618782334e-02
2.513373709719474220e+02 1.894541825794874228e+02 3.865856838295066156e-02
2.513684258961027069e+02 1.858446333532722861e+02 5.068712710317643116e-02
2.512677341677019456e+02 1.853563743308946528e+02 4.230893111857543520e-02
2.510930765809291643e+02 1.842328141535913062e+02 3.830963665086888070e-02
2.510163882881639381e+02 1.834063252503872832e+02 4.429132348655654555e-02
2.510457100569027205e+02 1.832213377505790106e+02 3.952898050583598250e-02
2.512445628000429565e+02 1.836959270847712276e+02 4.106274636114051052e-02
2.512479179128514204e+02 1.836944163254037505e+02 5.198315925090875311e-02
2.511975145324314838e+02 1.835976318655194177e+02 5.093252964002515509e-02
2.511845618797834447e+02 1.835325963588398679e+02 4.721314744091167220e-02
2.512754796852712502e+02 1.837226912989463017e+02 4.565254068313931435e-02
2.511197372659089808e+02 1.831410566112977278e+02 4.380435282749735315e-02
2.512213339161643546e+02 1.802703684105584330e+02 5.224006503167226423e-02
2.512827497354253978e+02 1.769222955873556202e+02 6.906931087900121391e-02
2.511646152548351836e+02 1.754430627770364595e+02 6.050322857712541608e-02
2.512072156014662880e+02 1.719241361063820079e+02 8.565315418948143966e-02
2.514543896378778811e+02 1.739905558367459548e+02 1.034103283792696254e-01
2.514117662847589827e+02 1.740029256583689801e+02 9.232887007469439689e-02
2.512292136382459944e+02 1.672215179680669905e+02 1.097064372152947165e-01
2.511691015199619699e+02 1.634609081427629178e+02 9.234420773324744647e-02
2.511745195478458186e+02 1.636052048344299692e+02 7.517753339775150312e-02
2.511964715716498802e+02 1.632413687326492777e+02 8.908878970536357467e-02
2.513300434055737185e+02 1.694884814184266588e+02 1.032876271108452565e-01
2.515108743999141154e+02 1.759666022485007488e+02 1.397989232963695871e-01
2.514726567892145681e+02 1.827300111964907501e+02 1.221030997407935720e-01
2.515868763324590986e+02 1.847297542907099910e+02 1.110906608997070527e-01
2.516610415803923502e+02 1.853643154036104761e+02 1.139472998052117325e-01
2.516123023359253921e+02 1.857737273577815529e+02 1.124672157548428642e-01
2.516336753631190675e+02 1.865537508243991454e+02 1.234298072056319862e-01
2.515502269973465843e+02 1.876802673353885780e+02 1.117885243638706144e-01
2.515847022193592011e+02 1.884165554686421444e+02 1.139741407076795693e-01
2.515927161459531476e+02 1.900048045215417289e+02 1.031534225985061143e-01
2.515598743845764602e+02 1.923282105553766144e+02 7.316063129802603815e-02
2.515193331186061130e+02 1.924534808816086127e+02 7.095200846638752279e-02
2.513309905059893481e+02 1.919977261921195009e+02 5.408825288731422543e-02
2.512156743201582856e+02 1.916576672955106631e+02 3.854737035844107984e-02
2.514164097608858981e+02 1.881283992085768091e+02 6.222488074970475291e-02
2.514114135186122496e+02 1.915976318655194177e+02 7.169205049157195697e-02
2.515402306783846313e+02 1.949173952054479457e+02 6.738216843816623169e-02
2.516043152502338955e+02 1.978395450850473196e+02 5.289574993481495346e-02
2.516497799045997681e+02 2.001242388686943059e+02 4.069464255586742463e-02
2.513927629258117520e+02 1.986874798693231412e+02 2.491219190478381404e-02
2.512530521940520600e+02 1.978884607125876300e+02 2.189450758447215525e-02
2.513701245417874475e+02 1.939067048574364662e+02 3.131949876531848337e-02
2.512421317811622998e+02 1.909053896532155363e+02 4.226675255755456273e-02
2.511513750210892795e+02 1.884948580499701052e+02 3.836331845580453342e-02
2.511328356263132946e+02 1.869114250218561608e+02 3.331339437721437396e-02
2.511155194098068932e+02 1.855297052102026214e+02 3.913020138345680438e-02
2.513056143499133555e+02 1.816122524885350913e+02 6.647341216889829374e-02
2.513744344238408530e+02 1.728625745793647184e+02 8.077961318425129489e-02
2.513392038221444977e+02 1.666897536772036403e+02 1.014662801576711321e-01
2.510398012239451475e+02 1.649914070767956673e+02 9.148529885427690578e-02
2.510118675133054182e+02 1.644358732495897186e+02 8.638552738538934905e-02
2.513194795932452905e+02 1.695870603843617346e+02 7.294206966364515099e-02
2.513704159572999686e+02 1.748706115124465157e+02 8.084096381846347934e-02
2.513985835672326346e+02 1.801689558122056951e+02 8.007024647617294599e-02
2.514557776959769342e+02 1.809971356922652319e+02 1.035406984769705052e-01
2.514613260939584904e+02 1.820930650776852531e+02 9.774306354391938678e-02
2.514041204619702796e+02 1.823802320587739132e+02 8.826822497277565793e-02
2.515313233331799552e+02 1.834935620178223701e+02 1.074096228469761799e-01
2.515850013037009774e+02 1.845040414730287353e+02 1.077738922376110103e-01
2.515747749198607437e+02 1.851564441172410511e+02 1.012707250111198054e-01
2.515719451218577092e+02 1.855205908066074585e+02 1.001855856684918528e-01
2.515796637985245070e+02 1.863011434224451364e+02 9.039632509701069074e-02
2.515165224926762733e+02 1.865486663905888065e+02 8.700286814214941433e-02
2.513065844568168359e+02 1.850767381401555269e+02 5.203684105584441277e-02
2.513364813877513484e+02 1.820134856362827520e+02 5.655761591435451430e-02
2.512793486096412607e+02 1.818372712771668205e+02 6.032684550376539445e-02
2.514527446739980689e+02 1.830318103038390234e+02 8.020445098851208821e-02
2.514696812834552588e+02 1.879100369637571077e+02 6.580622402184083120e-02
2.515336124787189931e+02 1.929786691513673418e+02 5.468642157088298567e-02
2.516130845565116090e+02 1.940778884645470157e+02 5.803769996472338266e-02
2.514628905351308958e+02 1.938182180708293174e+02 5.155753922606175210e-02
2.513003036856393635e+02 1.929811806929554052e+02 3.057562232549579026e-02
2.514015130600162706e+02 1.880697633399285280e+02 4.714412797742296990e-02
2.511519846930167716e+02 1.865641535913127598e+02 3.577508857497814498e-02
2.514610883602509261e+02 1.877469784812650460e+02 5.129296461602171620e-02
2.515984102516909786e+02 1.897585354069847767e+02 6.506234758201813462e-02
2.515536856393503058e+02 1.909602908020061705e+02 6.483611711836070879e-02
2.515617685854077479e+02 1.917151643430113950e+02 4.478596297489225581e-02
2.513099165631374774e+02 1.923218914400527524e+02 1.251552937928495854e-02
2.513280265034739784e+02 1.887928610868264911e+02 2.866991825027991395e-02
2.512732595591956795e+02 1.886697687081090180e+02 3.000429454439485291e-02
2.513411286982929198e+02 1.887591182380097905e+02 3.360864430436049516e-02
2.515158783110170475e+02 1.893725977392291213e+02 5.192180861669657560e-02
2.515373778738937744e+02 1.893873985797328316e+02 5.678768079265019558e-02
2.514643131029617109e+02 1.892626343962330679e+02 5.043022132241292005e-02
2.514830212119817929e+02 1.892626228929891568e+02 5.140416264053129791e-02
2.514847390297397283e+02 1.857884668476510512e+02 6.275019555514654845e-02
2.515070476541051221e+02 1.859426333225969756e+02 6.440666267887544538e-02
2.515132287305019929e+02 1.861721000322090731e+02 6.844813570760287236e-02
2.514788417000260665e+02 1.863782381631620240e+02 7.199113483335634056e-02
2.515045552845902535e+02 1.866759421156766336e+02 6.939907053789168279e-02
2.515756836761300121e+02 1.873639242933173819e+02 7.819521771806316190e-02
2.516016464976456746e+02 1.881392429331738185e+02 8.490927774965874308e-02
2.516044916333072479e+02 1.886952253868924458e+02 8.049970091565820940e-02
2.516267197349652633e+02 1.889361608306875837e+02 8.053421064740257096e-02
2.513197441678553332e+02 1.872873510329912961e+02 4.427215141336523357e-02
2.513128153806040075e+02 1.801164511725639841e+02 6.066810840657065051e-02
2.515027722817834501e+02 1.745757565300081353e+02 1.034218316231843987e-01
2.511617662847589827e+02 1.729402483166919637e+02 7.498581266583843885e-02
2.511282381631620240e+02 1.722315066181996599e+02 7.048037546588137303e-02
2.510480222089295808e+02 1.715260356753937856e+02 6.354008497062837990e-02
2.513868770993420014e+02 1.773122823969692661e+02 5.868188162395128471e-02
2.514540368717311480e+02 1.813645838126351748e+02 7.070277151490053646e-02
2.515691268270985859e+02 1.842920942038988414e+02 8.294989186950720017e-02
2.514651259988650054e+02 1.886957161919661417e+02 5.809905059893556711e-02
2.514264520928234958e+02 1.885745065108360450e+02 5.603613552355097421e-02
2.513188737557324544e+02 1.878341577324805485e+02 4.062945750701697778e-02
2.511405389653215536e+02 1.864392283623981825e+02 3.719382199113483584e-02
2.510640040491418574e+02 1.850373740394791469e+02 3.314851454776913953e-02
2.510505912667372286e+02 1.843184404668783145e+02 3.758876669887575156e-02
2.510859062255556182e+02 1.839565752542216899e+02 4.369698921762603383e-02
2.510855611282381687e+02 1.837449385726774835e+02 4.251215509440328666e-02
2.510419945091182399e+02 1.832121351554471573e+02 4.202518443534410120e-02
2.510104181045721532e+02 1.826357996288286643e+02 4.002745440880994821e-02
2.510119518704274526e+02 1.823243569686651711e+02 4.043006794582738872e-02
2.511177088605653580e+02 1.818611405082899921e+02 2.992760625162962582e-02
2.509919553980889191e+02 1.813325434439178423e+02 3.363548520682832499e-02
2.512355480912283952e+02 1.817879722081626994e+02 5.363579195999938765e-02
2.512883556496265385e+02 1.819462108314544651e+02 5.645408671912145737e-02
2.513544801300633367e+02 1.822052332090983100e+02 6.653859721774874059e-02
2.512671053237012870e+02 1.803393418610714889e+02 4.918403656497798843e-02
2.513449784505897355e+02 1.752947591220724348e+02 7.664994861884384669e-02
2.512739420850012948e+02 1.700218484946088040e+02 1.027354714029356242e-01
2.513728469761806252e+02 1.707851385757450373e+02 1.152931793432414587e-01
2.514776837068053226e+02 1.716164243316615341e+02 1.134564947315142847e-01
2.514790295863433585e+02 1.743509908127425376e+02 1.021488059632816442e-01
2.514691329621620071e+02 1.801509263945766008e+02 7.819521771806316190e-02
2.515848287550422526e+02 1.814430436049632647e+02 1.021909845243025167e-01
2.514076404546082131e+02 1.852345396401785251e+02 7.034233653890396842e-02
2.515516303931041762e+02 1.869574379975152851e+02 7.640071166735686037e-02
2.516132801116581561e+02 1.881428319452752476e+02 7.582171505697940517e-02
2.516113820764122124e+02 1.892745325848555922e+02 8.168836945351921897e-02
2.515718224205892852e+02 1.911689864875228011e+02 8.385097930949861333e-02
2.515666152855105224e+02 1.919444700072087073e+02 8.248209328363931281e-02
2.515453457875120762e+02 1.950091450789122405e+02 4.452522277949048229e-02
2.513136052700194796e+02 1.944680708293072087e+02 3.436785840273624132e-02
2.514128590929308871e+02 1.951777021119955862e+02 2.307934170769490242e-02
2.515114112179634560e+02 1.954815986441509779e+02 3.552201720885289626e-02
2.512882406171873697e+02 1.929429822543290527e+02 1.205156520805533878e-02
2.512076987377107002e+02 1.926448450129603316e+02 1.316737986778938364e-02
2.513780464424301044e+02 1.885228991242196912e+02 3.794153284559579481e-02
2.515123621527937416e+02 1.888722871516434338e+02 5.914584579518090968e-02
2.515618261016273323e+02 1.893270678998144092e+02 6.338670838509792571e-02
2.516358379729750538e+02 1.905203914170462838e+02 7.434546542124878532e-02
2.517075185202226919e+02 1.912459930367030267e+02 7.652724735041949167e-02
2.515074541020567835e+02 1.908449401064433459e+02 5.693722296354238738e-02
2.514379821776407482e+02 1.866585300388042867e+02 5.471326247335081550e-02
2.513526281077930662e+02 1.784997737695363469e+02 7.415757910397398345e-02
2.511813179649994652e+02 1.778894691636374716e+02 5.904231659994785275e-02
2.511970007208699656e+02 1.778820879154588397e+02 6.251246184757434932e-02
2.511973381493581314e+02 1.778317305480145478e+02 6.413441923955888468e-02
2.513322366907467824e+02 1.783990053528428348e+02 8.542692372582401383e-02
2.515047585085660842e+02 1.795701199404898887e+02 1.027086305004678013e-01
2.514811806929554052e+02 1.815710325311737847e+02 8.888556572953572321e-02
2.515158476356999415e+02 1.828203154956364358e+02 8.169987269743400615e-02
2.514478596297489332e+02 1.828683798831270337e+02 7.361309222534087593e-02
2.514031963680424440e+02 1.828995268332336366e+02 6.394269850764582042e-02
2.514656359760118960e+02 1.830625162962622028e+02 6.856700256138897887e-02
2.514407467905949431e+02 1.831652210923480482e+02 6.267734167701959069e-02
2.514597079709811567e+02 1.833292956947192351e+02 6.755471709688798398e-02
2.514820204297612065e+02 1.835292757557631376e+02 7.681099403365082567e-02
2.515803041457691052e+02 1.840789544318164417e+02 9.364407429561803775e-02
2.515928158407337492e+02 1.849541672418288556e+02 1.016196567432015863e-01
2.515420635285817355e+02 1.872868678967468838e+02 7.482476725103145987e-02
2.515435666191199289e+02 1.884813762481019523e+02 7.592524425221246209e-02
2.515391800487737441e+02 1.889427215141336660e+02 7.274651451709382433e-02
2.514907245509900520e+02 1.892459776990444595e+02 5.331753554502369902e-02
2.514772964309268559e+02 1.893723446678630182e+02 5.785748247672510558e-02
2.511824644549762979e+02 1.872606405006211787e+02 3.735103299130354548e-02
2.513577393825058550e+02 1.828157793831193771e+02 5.384285035046549456e-02
2.511406655010046052e+02 1.814867827727419183e+02 4.229359346002239256e-02
2.511505046089664006e+02 1.813914477215908221e+02 4.292243746069725197e-02
2.513786637831868518e+02 1.819952299881900046e+02 5.750855074464332473e-02
2.514511418886792740e+02 1.824083229804138000e+02 6.435681528857804812e-02
2.514854100523014040e+02 1.828958227886930672e+02 5.537278179113176713e-02
2.515564809276215783e+02 1.835559709504746877e+02 8.071442813540084804e-02
2.515305411125937383e+02 1.837057853648062178e+02 7.651957852114296688e-02
2.513662402797588982e+02 1.827189489102593711e+02 5.004294544394852912e-02
2.512023228883878687e+02 1.798499823616926676e+02 4.762342980720563057e-02
2.511138361017806915e+02 1.786701866593045906e+02 4.085185355603613427e-02
2.510177801806776188e+02 1.778364277059464200e+02 3.768846147947054609e-02
2.510326308685716015e+02 1.774267741836531229e+02 4.014632126259605471e-02
2.512135040414730156e+02 1.779372574732741441e+02 5.573321676712832823e-02
2.514252327489685399e+02 1.785137885550391843e+02 7.977883096366508719e-02
2.514921624564794058e+02 1.789807512385159214e+02 9.781208300740808215e-02
2.515691459991717522e+02 1.799661344499148754e+02 7.057623583183790517e-02
2.516101013819230445e+02 1.805165224926762733e+02 8.940704612033927023e-02
2.514597578183714575e+02 1.802724236568045626e+02 7.823356186444577198e-02
2.512779260418104457e+02 1.795963741775180722e+02 5.110891271338517672e-02
2.512973780272703550e+02 1.770729228975904448e+02 5.717112225647632412e-02
2.512192326569425802e+02 1.747529141551250689e+02 5.679151520728845798e-02
2.511746230770410477e+02 1.741718661329161364e+02 6.340971487292750008e-02
2.512749313639779700e+02 1.746049901072102273e+02 7.109004739336492740e-02
2.513972070123774927e+02 1.810080254298378861e+02 7.624350066718814378e-02
2.514772925965122283e+02 1.854049486955321413e+02 7.778493535176919660e-02
2.514695355756990125e+02 1.899173530268869285e+02 4.534962192671666836e-02
2.514915106059908965e+02 1.941730969800150319e+02 4.465942729182963145e-02
2.512105093636405400e+02 1.929135339499072188e+02 3.578275740425466978e-02
2.513027423733492753e+02 1.901778401509225489e+02 1.751944048221598660e-02
2.511882812619825529e+02 1.889032385466034896e+02 2.090906302243899367e-02
2.514280510437276632e+02 1.848460175769567115e+02 4.026135370174389189e-02
2.516083912329943644e+02 1.853605308363625284e+02 6.677249651068267733e-02
2.516251783002806803e+02 1.858016380619334598e+02 8.341002162609856274e-02
2.515019862267826056e+02 1.855865274007269932e+02 6.959079126980474705e-02
2.515427882329483680e+02 1.856592892529026528e+02 7.095584288102578518e-02
2.515398280648476259e+02 1.861768048589702289e+02 7.705639657049954960e-02
2.515271821653706468e+02 1.863694343471525769e+02 7.898510713354499335e-02
2.514489371002622704e+02 1.862303639626374547e+02 7.138146290587278620e-02
2.514900228531112418e+02 1.862991610300771583e+02 7.245509900458596553e-02
2.514834429975919932e+02 1.862896440129449900e+02 7.060307673430574193e-02
2.514681321799414206e+02 1.861979171459684892e+02 6.842129480513504947e-02
2.514985620945106461e+02 1.863945420942038993e+02 7.104786883234405492e-02
2.515601658000889529e+02 1.879988036626328665e+02 7.966379852451724308e-02
2.515279950612739412e+02 1.915368678967468838e+02 5.155370481142348971e-02
2.515486663905888065e+02 1.952249766100707120e+02 4.841331922268746202e-02
2.516220302458626747e+02 1.966351171030230489e+02 5.285740578843233645e-02
2.515948250740042056e+02 1.993492921670577687e+02 3.282642371815518850e-02
2.515018290157824481e+02 1.990264344545161634e+02 3.206720961977944234e-02
2.513181643890243606e+02 1.962146275249620260e+02 2.082854031503550765e-02
2.512497929416095417e+02 1.959831094035184549e+02 1.891133299590484415e-02
2.512960436509762303e+02 1.932343364162026944e+02 2.398426356232457451e-02
2.512451571343118815e+02 1.908548098897222474e+02 2.797588920075461116e-02
2.513979777297197700e+02 1.915931340971487202e+02 3.230494332735164842e-02
2.514533313394377103e+02 1.918991357229405423e+02 3.629656896578168507e-02
2.515232902345127854e+02 1.927254827528029466e+02 2.967453488550438057e-02
2.515095975398395751e+02 1.928070100768416637e+02 2.678338624825534267e-02
2.515071358456418125e+02 1.869387413917391427e+02 2.946747649503826672e-02
2.513053382720594016e+02 1.838468266384453784e+02 4.679519624534118905e-02
2.511991441586527287e+02 1.812804720931302711e+02 4.746238439239865853e-02
2.511116543198515387e+02 1.807072961241736948e+02 4.823310173468918494e-02
2.513087509010874498e+02 1.812918181260448875e+02 4.483964477982790853e-02
2.515852812159695588e+02 1.826772228101658015e+02 8.238239850304453216e-02
2.515724320925167490e+02 1.836608153499286686e+02 9.331048022208929260e-02
2.515275694412490850e+02 1.839425527998895689e+02 6.375481219037101854e-02
2.516129426831699902e+02 1.846610070706605882e+02 8.218684335649319161e-02
2.515960789275909235e+02 1.851635339499072188e+02 8.753585177686774854e-02
2.515637739842635483e+02 1.853247710854460877e+02 7.074495007592140894e-02
2.516240778232794923e+02 1.856546802865074710e+02 8.920382214451141878e-02
2.515951548336630879e+02 1.880802389607202656e+02 6.418426662985628195e-02
2.514943557416524698e+02 1.901373295602693361e+02 6.212135155447169599e-02
2.514710808447982231e+02 1.904057769290940030e+02 5.633521986533535780e-02
2.515247089679289445e+02 1.909946203162625125e+02 4.291860304605898957e-02
2.516746690900167209e+02 1.917739420850012948e+02 6.264283194527522913e-02
2.516680623935949939e+02 1.923479347842758216e+02 7.038068068528657850e-02
2.516184450681759017e+02 1.928156835227534032e+02 4.669933587938464997e-02
2.516364131351707840e+02 1.938587133238239915e+02 3.376968971916747414e-02
2.516232342520590919e+02 1.951216314667402969e+02 5.543796683998220703e-02
2.516136213745609496e+02 1.968846071258761583e+02 5.408825288731422543e-02
2.515824744244543751e+02 1.990701966287826394e+02 3.614702679488949327e-02
2.515769720394484636e+02 2.001928212089142392e+02 3.319069310879001200e-02
2.516276745042101766e+02 2.005975321707388161e+02 4.059494777527263010e-02
2.514879484347919458e+02 1.964093697756100596e+02 2.006549180202150257e-02
2.513191996809767090e+02 1.919273071672878359e+02 3.609334498995383361e-02
2.512916647494593576e+02 1.888764781668430430e+02 5.372014908204113259e-02
2.513502469363027103e+02 1.841657809168852395e+02 6.046105001610454360e-02
2.513850174082424473e+02 1.842643215386738973e+02 6.447184772772589223e-02
2.513985298854276778e+02 1.846665209589104109e+02 4.872007239374837040e-02
2.514229781131612356e+02 1.888994233040384074e+02 2.403411095262197178e-02
2.513083712940382384e+02 1.920122586235985125e+02 1.348563628276507227e-02
2.512529716713446533e+02 1.918408641236828771e+02 1.639212257856715454e-02
2.514810579916869813e+02 1.923298248439393205e+02 3.098207027715148970e-02
2.516730854767711207e+02 1.930980996641052911e+02 5.696789828064847960e-02
2.517385427690608708e+02 1.933237281246644841e+02 5.908066074633046283e-02
2.517263991779014987e+02 1.949414024754980801e+02 6.584456816822344127e-02
2.517085883219067739e+02 1.970233247442445474e+02 5.854767711161214250e-02
2.514916141351861256e+02 2.007458549977760356e+02 4.743554348993082870e-02
2.517180324851608191e+02 2.024608966395190066e+02 6.016580008895842241e-02
2.517344399453979236e+02 2.051712449577447615e+02 3.123130722863847603e-02
2.517386156229389940e+02 2.055202763846071150e+02 2.788769766407460382e-02
2.515147433242841259e+02 2.030536587984478274e+02 2.551802941762910601e-02
2.513315464961119119e+02 2.007423925213576865e+02 3.665700394177824617e-02
2.513446256844430025e+02 1.986113782419975848e+02 3.534179972085461224e-02
2.513003765395174867e+02 1.983545529839414598e+02 3.187932330250464047e-02
2.513151735456065410e+02 1.981920313194987671e+02 2.553336707618214865e-02
2.513496257611313069e+02 1.982026679857052898e+02 2.271123790242181653e-02
2.514445083513550685e+02 1.984290211506311437e+02 3.492768293992239148e-02
2.514914185800395785e+02 1.985262849123452895e+02 3.544916333072593156e-02
2.513193147134158494e+02 1.966472606941824210e+02 2.395358824521848576e-02
2.512788846454700149e+02 1.933621949723155353e+02 3.601282228255034412e-02
2.512010498627279560e+02 1.925865005598245432e+02 3.078268071596190064e-02
2.511831699872697357e+02 1.919478596297489332e+02 2.569824690562738656e-02
2.511931893127195110e+02 1.903399323609257863e+02 2.059080660746330504e-02
2.510602041442353425e+02 1.892042937775119356e+02 2.508474056350557674e-02
2.510451579011948127e+02 1.880535744413257930e+02 3.276507308394300405e-02
2.510049962422736485e+02 1.876971157533091059e+02 3.660332213684258651e-02
2.514244275218945006e+02 1.900610707219435938e+02 4.779981288056565220e-02
2.515145669412107452e+02 1.903464393625669118e+02 5.254298378809491021e-02
2.514721889906286947e+02 1.937565261737143203e+02 2.307167287841838110e-02
2.514736920811668881e+02 1.938286745195478318e+02 2.804490866424331694e-02
2.514924615408211821e+02 1.940782987469133047e+02 2.609702602800656468e-02
2.514865258669611592e+02 1.941786568812404994e+02 2.688691544348839613e-02
2.514966218807036853e+02 1.942474616175094582e+02 3.357796898725440293e-02
2.515949784505897355e+02 1.946273485789659219e+02 2.896516817742603514e-02
2.516652402644212430e+02 1.949247687847973225e+02 4.226675255755456273e-02
2.516404354361263245e+02 1.949976073252657329e+02 3.249666405926471269e-02
2.516939792021350115e+02 1.953504770011809910e+02 3.355112808478657310e-02
2.517276722035614114e+02 1.957314491019801039e+02 4.944094234574149954e-02
2.517182970597708618e+02 1.959201099710118115e+02 5.108207181091734689e-02
2.516497147195509001e+02 1.965816231844046627e+02 3.804122762619058240e-02
2.516805319099986207e+02 1.968719765640577180e+02 5.104372766453472987e-02
2.516824299452445644e+02 1.971583229804138000e+02 4.161490206905013589e-02
2.516898111934232247e+02 1.974021150631144508e+02 3.720532523504961608e-02
2.516561143575821689e+02 1.972719750302918840e+02 3.695608828356262976e-02
2.514400680992039838e+02 1.967152333624748906e+02 2.694443166306231818e-02
2.512289682357091465e+02 1.961472606941824210e+02 1.867743370297090394e-02
2.511985920029448209e+02 1.955973174435190742e+02 1.344345772174419806e-02
2.512557439531281034e+02 1.926477169895243833e+02 2.936011288516695086e-02
2.513576166812374311e+02 1.877746361140508213e+02 5.151536066504087269e-02
2.513462744827374706e+02 1.839018389852604969e+02 7.566066964217242619e-02
2.511787987545821181e+02 1.824284536572646687e+02 5.476310986364821276e-02
2.512407245509900520e+02 1.825823977361615960e+02 6.924569395236122860e-02
2.514325564809276159e+02 1.865261430390036708e+02 4.291476863142072717e-02
2.515839583429193738e+02 1.894234420773324814e+02 6.046871884538106146e-02
2.514211912759398047e+02 1.933992890995260723e+02 4.261568428963634358e-02
2.515491993742235195e+02 1.939049678676053361e+02 5.403840549701682816e-02
2.515657333701437040e+02 1.944284689949232359e+02 3.822911394346539121e-02
2.515646290587278884e+02 1.944747925581680761e+02 4.532278102424883853e-02
2.515800280679151513e+02 1.945702809859047022e+02 3.833647755333671053e-02
2.513184941486832713e+02 1.953777320204297610e+02 1.210141259835273604e-02
2.514520966579241872e+02 1.958505191797420082e+02 1.596266813908188767e-02
2.515131213668921362e+02 1.959928679887728435e+02 2.229328670685133337e-02
2.515522208929584735e+02 1.960683062623659794e+02 2.530330219788647084e-02
2.516350442491449257e+02 1.962385197625730484e+02 3.319452752342827440e-02
2.516960612892835911e+02 1.964836960689581247e+02 4.357812236383993426e-02
2.517126528014233315e+02 1.967946824337796556e+02 4.410727158391999914e-02
2.517573275663737036e+02 1.971478090154757012e+02 5.165723400665654663e-02
2.517503182564149711e+02 1.979908779275755819e+02 5.578306415742572549e-02
2.516884346385680828e+02 1.987911240969953610e+02 5.646942437767450695e-02
2.516662487154710846e+02 1.999326331692203951e+02 5.219021764137486696e-02
2.516045069709658151e+02 1.999896930934523596e+02 4.924155278455191048e-02
2.515521250325925280e+02 1.998333985183821824e+02 4.596312826883847819e-02
2.515479723615392800e+02 1.999362106780778845e+02 4.158422675194405060e-02
2.513531265816960456e+02 1.972287880182211381e+02 3.764244850381141122e-02
2.512683591772880050e+02 1.969294160953388939e+02 3.564088406263899583e-02
2.512929416095338979e+02 1.970103490851086576e+02 3.189849537569594551e-02
2.511842973051734020e+02 1.959657510084510363e+02 2.223193607263915239e-02
2.513149779904599654e+02 1.896123215079985869e+02 5.163039310418871680e-02
2.514515943496065802e+02 1.836489363333793392e+02 8.431110906608997591e-02
2.512328985107133406e+02 1.810843647908710352e+02 7.056473258792313186e-02
2.511591512139756617e+02 1.806510951088206980e+02 5.975551772266445710e-02
2.514207618215003208e+02 1.840911900489271318e+02 4.592861853709413050e-02
2.515215685823402225e+02 1.886462254022301011e+02 4.974002668752588313e-02
2.515837091059678698e+02 1.936954707894292937e+02 5.867037838003650446e-02
2.515967614533965104e+02 1.945396670194328124e+02 5.576772649887268285e-02
2.515848057485544302e+02 1.950781607079863136e+02 3.798371140661666728e-02
2.515687855641957640e+02 1.951851677172962809e+02 3.211322259543857721e-02
2.514929101673338607e+02 1.950891271338517470e+02 3.250816730317949987e-02
2.514825764198837419e+02 1.950739006733232088e+02 3.316768662096044457e-02
2.515956993205417120e+02 1.955150078988941686e+02 4.487415451157226315e-02
2.516902751575944421e+02 1.965140799705517054e+02 5.945643338088007351e-02
2.516061442660163436e+02 1.978320257979416965e+02 6.278470528689091001e-02
2.516446187824966501e+02 1.988592271353855097e+02 5.358211015506372799e-02
2.515699320541725967e+02 1.999673768002576821e+02 5.163039310418871680e-02
2.515609748615776198e+02 2.008176582462921260e+02 5.102072117670516244e-02
2.516078505805303678e+02 2.014128667617601423e+02 2.899967790917038629e-02
2.516116083068758655e+02 2.015069096151781594e+02 2.852421049402598108e-02
2.516329966717281081e+02 2.018008558413472713e+02 2.519977300265341391e-02
2.514491671651405795e+02 2.009769935121704236e+02 1.621573950520713639e-02
2.515481525790272883e+02 2.013785257442598891e+02 3.051043727664534688e-02
2.516613176582463041e+02 2.022318670531756482e+02 4.222457399653369026e-02
2.515356677249650943e+02 2.018794920167487135e+02 3.008481725179833893e-02
2.516392889461494917e+02 2.023187625577079416e+02 3.717848433258178625e-02
2.516956740134051245e+02 2.031182035000536814e+02 4.305664197303639418e-02
2.515936594119541780e+02 2.028130914584579614e+02 2.472814000214727109e-02
2.514204934124756505e+02 1.962432015828463534e+02 2.562539302750042186e-02
2.513778777281860073e+02 1.920587700731606446e+02 5.187196122639917834e-02
2.514411302320587822e+02 1.883052232396202328e+02 5.865887513612171728e-02
2.513570491878709845e+02 1.881345534440712299e+02 5.127762695746867355e-02
2.513774329360879847e+02 1.880940160125155387e+02 3.938327274958204616e-02
2.514708584487492260e+02 1.912584203745456080e+02 5.230525008052270414e-02
2.514578406110523190e+02 1.914775686743661822e+02 5.001610454148069929e-02
2.514914607586005957e+02 1.951012477185232967e+02 2.237380941425481939e-02
2.514781131612448064e+02 1.951651827482016586e+02 2.435620178223592280e-02
2.514059494777527277e+02 1.946573068605346748e+02 2.022653721682847808e-02
2.512049686344882673e+02 1.940761591435451408e+02 2.118514087639380983e-02
2.511508497062838501e+02 1.937607095200846743e+02 2.270356907314529521e-02
2.511468657494746992e+02 1.936215739505207125e+02 2.546818202733170874e-02
2.511810380527308837e+02 1.935432637003634966e+02 2.131551097409469311e-02
2.513132218285556405e+02 1.935445290571941257e+02 1.054464025521863885e-02
2.514256698722373073e+02 1.938330610898940165e+02 1.629242779797236002e-02
2.515835212196506063e+02 1.942566833847144778e+02 3.404960198776054575e-02
2.517118168990321863e+02 1.946597302105860479e+02 5.121627632325648910e-02
2.517641834997469346e+02 1.950113421984999889e+02 5.765042408625899173e-02
2.517892030552615950e+02 1.953310786975260385e+02 6.302243899446310915e-02
2.517554295311277883e+02 1.959013405113575459e+02 6.442966916670500588e-02
2.517062301569042404e+02 1.959331891593429305e+02 5.840196935535821310e-02
2.516604817558551588e+02 1.959238140155523809e+02 4.997776039509808227e-02
2.515067293976901510e+02 1.955543566619119815e+02 3.600131903863556387e-02
2.513258677280326481e+02 1.948799521465053033e+02 2.407245509900458533e-02
2.512516181229773338e+02 1.945679611650485299e+02 2.382321814751759900e-02
2.511111558459485593e+02 1.939584196076627052e+02 2.062915075384591859e-02
2.513500207058390572e+02 1.891926793355726204e+02 4.135799628828663171e-02
2.513098091995275922e+02 1.835085584134725991e+02 6.926486602555254057e-02
2.512986242120277893e+02 1.794677142287458480e+02 8.948756882774275279e-02
2.512054786116351579e+02 1.791397567447353367e+02 8.411938833417689776e-02
2.514328133867083750e+02 1.814641290510590750e+02 7.335235202993911630e-02
2.513566504087486067e+02 1.909674573229650889e+02 4.317550882682250069e-02
2.515602578260402709e+02 1.967415106059908965e+02 6.105538428503504839e-02
2.515478266537830336e+02 1.987850388809644357e+02 5.488197671743431927e-02
2.515198584334115424e+02 1.991205501618123037e+02 4.771162134388564485e-02
2.514963496372643874e+02 1.992046810533904022e+02 3.522293286706851267e-02
2.514358310710287014e+02 1.990532715225693607e+02 2.690608751667970464e-02
2.513583797297504532e+02 1.988777933710639729e+02 2.348195524471234294e-02
2.513802512308471080e+02 1.989553482415374503e+02 3.088237549655669517e-02
2.514703676436755302e+02 1.992515567723431218e+02 3.883878587094893864e-02
2.515942384085645358e+02 1.999718477277258728e+02 5.156904246997653235e-02
2.516345687817297687e+02 2.009889032040368591e+02 5.192947744597310039e-02
2.516131957545361217e+02 2.019232887007469515e+02 4.697541373333946613e-02
2.516220685900090359e+02 2.025652540683139193e+02 2.580944493013696481e-02
2.514417015598398848e+02 2.007459470237273536e+02 2.354330587892452392e-02
2.514226215125998749e+02 2.007268669764873721e+02 2.596282151566741900e-02
2.513276315587662282e+02 2.003374745011426512e+02 1.983542692372582475e-02
2.513144373379959688e+02 2.003043259865948755e+02 2.362766300096627234e-02
2.513952629641559042e+02 2.004911118268685186e+02 2.789920090798938754e-02
2.514803486249789160e+02 2.007733170754152638e+02 2.536465283209865182e-02
2.515569563950367353e+02 2.011931586374024050e+02 2.336308839092623990e-02
2.516320764122149001e+02 2.013665585361738692e+02 3.072899891102624445e-02
2.516262672740379571e+02 2.013833034248991680e+02 2.288378656114357576e-02
2.514670892191598170e+02 1.957223998834338090e+02 3.508105952545284567e-02
2.513683568766392114e+02 1.911527132317980318e+02 4.370465804690255862e-02
2.510982185309590591e+02 1.891798915627540225e+02 3.891547416371416573e-02
2.513176160677311088e+02 1.902945865734137101e+02 5.348624978910719585e-02
2.514740295096550540e+02 1.956299713185784981e+02 3.515391340357981037e-02
2.516496073559410434e+02 1.998286936916210266e+02 2.898434025061734018e-02
2.516399561342965399e+02 2.002359430359361454e+02 3.992775962821515368e-02
2.516232304176444359e+02 2.006821768738784328e+02 2.550269175907605990e-02
2.516339054279973482e+02 2.008698331262749548e+02 2.819828524977377113e-02
2.515980958296906351e+02 2.008760947253792324e+02 2.197119587723738235e-02
2.514601796039816577e+02 2.006346147947054419e+02 1.758079111642816758e-02
2.514209573766468679e+02 1.970191107225570875e+02 3.361247871899875755e-02
2.513968849215478656e+02 1.970101075169864657e+02 3.498903357413457593e-02
2.514121458918081657e+02 1.969986004386570357e+02 2.443289007500114990e-02
2.514270809368241828e+02 1.970392835779689733e+02 2.264221843893311076e-02
2.514731629319468027e+02 1.971236483688400085e+02 2.994294391018267193e-02
2.515337658553045230e+02 1.973098743845764602e+02 3.751974723538704926e-02
2.515282673047132675e+02 1.974938534333348628e+02 2.970137578797220693e-02
2.515493144066626883e+02 1.975471709688798967e+02 3.153039157042285962e-02
2.515599472384545834e+02 1.977337497507630530e+02 2.858556112823816206e-02
2.513384714489486100e+02 1.980439845703155015e+02 9.773922912928112439e-03
2.512095507599809707e+02 1.975950513044678587e+02 1.047945520636819547e-02
2.510238922376109940e+02 1.971110139726069406e+02 1.162211076857007017e-02
2.510343371830856256e+02 1.970865964201904887e+02 1.358149664872160614e-02
2.511303662632862483e+02 1.972782788079571787e+02 1.579011948036012844e-02
2.512881600944799629e+02 1.975362160462583745e+02 2.777266522492676318e-02
2.512314951149557487e+02 1.974087179251215503e+02 2.105477077869292307e-02
2.513847528336324046e+02 1.929812842221506344e+02 3.475129986656236986e-02
2.514422728876209874e+02 1.886632348655654141e+02 5.732449884200677831e-02
2.512706866669734325e+02 1.872871094648691042e+02 4.959431893127195373e-02
2.513085936900872639e+02 1.872259467169741924e+02 5.042638690777465765e-02
2.513058674212794585e+02 1.874194197763769409e+02 5.905765425850089539e-02
2.514235992883326389e+02 1.910917843831960568e+02 4.454822926732004973e-02
2.515414423534103321e+02 1.918352428718231977e+02 6.709842175493489769e-02
2.515264267856869083e+02 1.932384584119388364e+02 5.580990505989355532e-02
2.515295441647878079e+02 1.936376516510989347e+02 5.594027515759444208e-02
2.514400757680332390e+02 1.934673844690869373e+02 5.270019478826362680e-02
2.513964669703522929e+02 1.933943887176183694e+02 4.529210570714274631e-02
2.514762764766330747e+02 1.937275341646344202e+02 5.272703569073144969e-02
2.515836707618215087e+02 1.941883809567631545e+02 5.817190447706253181e-02
2.516113360634365677e+02 1.947868832344054226e+02 6.074863111397414001e-02
2.515951740057362827e+02 1.962761468734182984e+02 6.279237411616742093e-02
2.515390995260663374e+02 1.972595706989370967e+02 5.848632647739995805e-02
2.515923710486357265e+02 1.979924462031626149e+02 6.026932928419147240e-02
2.516081074863111269e+02 1.983828854737035954e+02 6.279237411616742093e-02
2.515725356217119781e+02 1.983836140124848555e+02 4.066013282412307001e-02
2.514765832298041346e+02 1.981295380297243867e+02 3.511940367183545575e-02
2.513883303424899225e+02 1.978795418641390143e+02 3.115078452123498653e-02
2.513106297642601987e+02 1.976754359729443706e+02 2.621972729643092664e-02
2.513703277657632782e+02 1.976757273884568917e+02 2.449040629457506849e-02
2.514383234405435701e+02 1.977356937989846415e+02 3.065614503289927628e-02
2.512762542370281835e+02 1.972951042193898559e+02 2.390374085492108849e-02
2.514139519011027915e+02 1.929480245095783744e+02 3.655730916118345164e-02
2.513325587815764095e+02 1.882851040660132753e+02 5.825242718446602130e-02
2.510961977944446915e+02 1.865642149419469717e+02 3.890780533443764788e-02
2.510702656482461350e+02 1.861469922851577508e+02 4.130431448335097205e-02
2.512413418917467993e+02 1.867219205816040244e+02 5.338655500851240132e-02
2.513977898434025064e+02 1.916815518642924019e+02 4.130048006871270966e-02
2.515693415543183278e+02 1.928507185693032113e+02 5.371248025276461474e-02
2.516003964784735842e+02 1.942215678154572913e+02 6.883157717142901477e-02
2.516069494930903829e+02 1.952383395450850401e+02 6.744735348701667854e-02
2.516333149281430792e+02 1.956335641650945547e+02 6.737066519425144451e-02
2.516134143161704912e+02 1.957485927698277521e+02 4.773462783171521229e-02
2.516279735885519813e+02 1.958992430865503991e+02 5.473243454654212747e-02
2.516769774076289536e+02 1.964861462599119477e+02 3.983189926225862154e-02
2.517345358057638975e+02 1.971822458933419284e+02 5.835595637969907823e-02
2.515749436341048124e+02 1.990373126888449349e+02 6.146950106596726915e-02
2.515770563965704980e+02 1.995295710056902578e+02 6.011211828402276275e-02
2.516249750763048496e+02 2.000179335572631487e+02 5.245095783677664047e-02
2.516069456586757553e+02 2.004768708109019997e+02 2.829798003036856566e-02
2.514470812435773439e+02 2.001419346922498903e+02 2.154557585239037440e-02
2.513622218132179853e+02 1.999139365634442242e+02 1.996579702142670804e-02
2.514289828064847541e+02 2.000440037423886963e+02 1.779551833617079928e-02
2.511889062715685839e+02 1.992184235954539133e+02 1.388058099050598973e-02
2.514559349069770917e+02 2.000820603076734301e+02 3.063697295970797124e-02
2.516482691452322911e+02 2.019988841853402732e+02 2.970521020261046932e-02
2.516789943097286653e+02 2.034620661359836902e+02 3.669918250279912558e-02
2.516392160922713401e+02 2.047349077439837970e+02 3.914553904200984702e-02
2.516172755717112182e+02 2.051219919017162852e+02 2.644979217472660793e-02
2.514137103329805711e+02 2.038111205693338945e+02 1.315204220923633753e-02
2.513640354913418946e+02 2.000239689259037732e+02 8.128959033114004432e-03
2.513412629028052550e+02 1.963651129618552318e+02 1.836301170263347771e-02
2.513499478519609056e+02 1.918072171352321220e+02 4.495851163361401504e-02
2.514745088114848386e+02 1.921531810303839052e+02 6.146183223669074436e-02
2.515149848924063178e+02 1.956001855856684983e+02 4.382735931532692059e-02
2.517534586420037215e+02 1.985016449638798122e+02 4.575990429301062673e-02
2.518586059602141063e+02 2.002416678169910540e+02 7.224037178484332689e-02
2.517444094234574266e+02 2.032539724535652397e+02 4.109725609288485820e-02
2.516886915443488419e+02 2.036646996119572464e+02 4.335572631482077777e-02
2.516193193147134082e+02 2.036237212227181317e+02 3.723216613751744591e-02
2.514579288025890094e+02 2.014058919615331433e+02 2.566373717388303541e-02
2.513620070859982434e+02 2.011626060215647556e+02 2.391140968419760982e-02
2.513051235448396312e+02 2.007347198576665335e+02 1.632693752971671464e-02
2.512287343364162098e+02 1.988873870764888920e+02 1.705164189634810271e-02
2.513178959799996903e+02 1.961895811285449156e+02 2.432169205049157165e-02
2.512002599733124839e+02 1.951580085584134849e+02 2.470896792895596605e-02
2.512066672801730078e+02 1.934393779045690849e+02 2.798355803003113595e-02
2.511606658077577947e+02 1.919703753125047854e+02 3.420297857329099994e-02
2.511211828402276183e+02 1.907060346017576933e+02 3.535713737940766183e-02
2.511081995122624448e+02 1.896107187226797919e+02 3.531879323302504481e-02
2.511059563796990801e+02 1.884659273915244171e+02 3.416846884154665226e-02
2.510814352980873991e+02 1.879655516188898616e+02 3.465927391524410012e-02
2.510307865151305862e+02 1.868614625991196192e+02 3.832880872406018574e-02
2.513984301906471046e+02 1.893911256307611950e+02 4.884277366217273236e-02
2.513953626589364774e+02 1.894531971349253752e+02 4.722848509946471485e-02
2.515526273409101350e+02 1.906501710148928623e+02 6.144266016349943932e-02
2.515472131474409139e+02 1.914582662310771752e+02 6.248562094510651949e-02
2.514518627586312789e+02 1.911840787435390041e+02 5.112425037193821936e-02
2.512949240019018760e+02 1.875261583766622095e+02 4.783815702694826921e-02
2.513085476771116191e+02 1.820697173269528548e+02 6.022715072317059992e-02
2.514105852850503879e+02 1.777486924646083537e+02 7.823739627908403438e-02
2.512225187502875769e+02 1.771775218945075778e+02 6.186828018834644727e-02
2.513431992821975882e+02 1.806391700792956954e+02 7.445666344575836704e-02
2.513908188775901351e+02 1.844321500329759544e+02 9.593321983466003566e-02
2.514499378824828568e+02 1.880543259865948755e+02 6.304927989693093204e-02
2.514953641927023398e+02 1.915962744827374706e+02 6.404239328824061495e-02
2.515387429255050051e+02 1.920134741330388408e+02 6.719428212089142982e-02
2.515422782558014774e+02 1.924188944615714831e+02 4.049141858003957317e-02
2.515626811760916439e+02 1.929373341615668949e+02 3.656881240509823883e-02
2.516265931992821834e+02 1.933479654595929276e+02 4.854752373502661117e-02
2.516611872881485965e+02 1.943844614181199120e+02 7.217518673599288004e-02
2.516127087838770535e+02 1.961007684166935121e+02 5.124695164036258133e-02
2.516294345005291575e+02 1.976142118744152469e+02 4.632739765947330168e-02
2.517135615576926000e+02 1.993689665485667035e+02 5.207518520222702979e-02
2.516468465774015044e+02 2.005257979416862213e+02 4.486265126765747596e-02
2.515851891900182409e+02 2.015919454286108703e+02 4.428365465728002076e-02
2.516138897835856483e+02 2.019853870458135816e+02 4.564870626850105195e-02
2.514671467353793730e+02 2.008705194864951977e+02 2.524195156367428985e-02
2.513619610730225986e+02 2.006515053911869870e+02 2.428718231874722050e-02
2.513302773048666268e+02 2.005545675547170958e+02 2.646512983327965057e-02
2.513168453503888031e+02 1.984342742986855512e+02 1.798340465344560463e-02
2.513109441862605138e+02 1.984139288946149406e+02 2.603184097915612130e-02
2.514140400926394534e+02 1.986520460436509836e+02 3.223592386386294611e-02
2.515673668307796049e+02 2.001201513826899259e+02 3.201736222948204508e-02
2.516214359115937498e+02 2.010429646160217203e+02 3.572907559931901011e-02
2.514687993680884688e+02 2.002363034709121337e+02 2.142670899860427136e-02
2.514278324820932937e+02 2.001723454347459210e+02 2.123115385205294470e-02
2.513146213898986048e+02 1.969038903970919705e+02 1.325557140446939446e-02
2.513479884660807784e+02 1.882929224374607031e+02 4.372766453473212606e-02
2.512423350051381021e+02 1.855073582416908096e+02 7.039985275847789048e-02
2.512806101320572338e+02 1.866804935658522311e+02 2.240831914599917055e-02
2.515267066979554897e+02 1.882539877912237785e+02 2.889231429929907044e-02
2.515314843785947687e+02 1.917342980720563332e+02 4.400757680332520461e-02
2.516022063221828660e+02 1.921236943818156817e+02 6.664979524225832230e-02
2.516376746575867855e+02 1.927113644381048800e+02 7.360542339606435114e-02
2.516445152533014209e+02 1.933148054418012407e+02 7.053022285617877030e-02
2.516015237963772506e+02 1.932408625899170147e+02 6.068728047976196249e-02
2.514455091335756549e+02 1.926781123943618752e+02 3.894614948082025796e-02
2.513324859276982863e+02 1.924391209987883258e+02 3.496602708630500156e-02
2.513478350894952484e+02 1.925000613506342120e+02 3.883111704167242079e-02
2.514480935290418699e+02 1.927173806346723097e+02 4.807972514915873075e-02
2.515343103421831756e+02 1.931130845565116090e+02 6.032301108912713206e-02
2.515428764244850299e+02 1.940571941287442996e+02 6.155769260264727649e-02
2.516119342321201202e+02 1.948385903158023780e+02 6.609763953434868999e-02
2.516186099480053429e+02 1.952907943373364503e+02 6.099403365082286393e-02
2.515974976610070826e+02 1.959195118023282589e+02 6.724796392582708948e-02
2.516135216797803764e+02 1.965222894522921990e+02 6.469424377674504179e-02
2.516127279559502483e+02 1.968071902943296720e+02 6.139664718784030445e-02
2.516487292749888809e+02 1.973215348394913917e+02 6.093268301661068642e-02
2.516872689765180553e+02 1.978773792542830279e+02 6.204849767634473129e-02
2.516554356661912095e+02 1.988792657862850604e+02 5.457138913173514849e-02
2.515878847835089402e+02 2.001790940045092668e+02 5.701007684166935208e-02
2.514461379775763419e+02 1.997277642295127293e+02 4.128897682479792941e-02
2.514960275464347603e+02 1.955541265970337008e+02 3.064464178898449256e-02
2.513793884875534843e+02 1.907941379469010315e+02 4.602831331768892503e-02
2.511978136167732600e+02 1.902021004923388432e+02 3.947913311553858523e-02
2.511728439086489004e+02 1.900811707234773564e+02 3.831730548014539856e-02
2.512939040476080947e+02 1.903833034248991680e+02 3.789168545529839754e-02
2.514798769919784149e+02 1.915178223592386360e+02 6.436831853249283530e-02
2.515948365772481168e+02 1.926416892897130424e+02 7.165754075982760929e-02
2.516075016487982907e+02 1.931436831853249316e+02 7.286921578551817935e-02
2.515728768846148000e+02 1.934096650255372083e+02 4.520774858510100136e-02
2.515009279283424632e+02 1.933136436141658692e+02 4.146535989815794410e-02
2.513619265632908366e+02 1.929501219343854928e+02 3.780349391861838326e-02
2.513320219635270405e+02 1.928644457737081837e+02 3.492001411064586669e-02
2.513679542631022059e+02 1.928633452967069957e+02 3.165692725348548398e-02
2.513488588782036572e+02 1.928512055399622795e+02 3.268071596190125910e-02
2.515240609518550912e+02 1.933266001012285358e+02 4.194849614257887410e-02
2.516143422445129545e+02 1.942171850795257626e+02 5.660362889001364917e-02
2.516069686651635777e+02 1.954557086765134386e+02 6.506618199665639701e-02
2.516212211843739794e+02 1.971087171582386190e+02 5.339422383778892611e-02
2.516204619702756133e+02 1.979194581205233305e+02 5.418411325327075756e-02
2.516296530621635270e+02 1.983987599503059869e+02 5.614733354806055593e-02
2.516458342919370068e+02 1.987163645147931845e+02 3.989708431110906839e-02
2.516516549333578610e+02 1.988760602156474704e+02 3.256951793739167739e-02
2.517067861470268042e+02 1.991271645270632860e+02 4.094771392199266641e-02
2.517189910888203883e+02 1.998272941302780623e+02 5.069479593245294902e-02
2.517074149910274627e+02 2.001141850335127970e+02 4.926455927238147792e-02
2.517119357658859826e+02 2.006560261660454785e+02 3.657264681973650122e-02
2.515711552324422087e+02 2.003209443396371228e+02 2.762312305403457138e-02
2.514312106013895800e+02 1.954297650270709710e+02 2.628491234528137002e-02
2.513967775579380088e+02 1.863525054065246422e+02 6.085599472384545933e-02
2.512588459945704642e+02 1.836625254988573488e+02 5.927238147824353404e-02
2.512728224359269404e+02 1.837381439899384930e+02 6.485145477691375837e-02
2.514285380143867314e+02 1.846652325955919594e+02 6.540361048482339068e-02
2.515026304084418598e+02 1.894006273102348246e+02 4.900765349161796680e-02
2.514746736913142797e+02 1.933067148269145150e+02 4.915719566251015860e-02
2.515054755441034331e+02 1.942354944094234668e+02 4.953680271169803168e-02
2.515797366524026302e+02 1.951144496081228112e+02 3.332106320649089876e-02
2.515245287504409646e+02 1.950928580192947663e+02 3.325204374300219645e-02
2.513329000444792030e+02 1.949211337597202487e+02 1.348180186812681161e-02
2.513313356033067976e+02 1.949060645101918681e+02 1.218576972039448446e-02
2.513402851270724909e+02 1.949313754812190496e+02 1.566358379729750408e-02
2.514432775042562014e+02 1.951421187441525262e+02 2.383855580607064512e-02
2.515340572708170441e+02 1.953730425313271724e+02 2.871976564057730774e-02
2.516276514977223542e+02 1.957486349483887693e+02 3.950980843264467052e-02
2.517258086780472013e+02 1.960202227028021866e+02 4.519624534118621417e-02
2.517409776223561835e+02 1.966337597202411018e+02 4.939876378472062707e-02
2.517255479378518146e+02 1.972097769904446523e+02 5.959063789321922266e-02
2.516343962330710724e+02 1.979188407797665548e+02 5.970567033236705984e-02
2.515697173269528548e+02 1.986066043957729335e+02 5.122011073789475150e-02
2.515575277228178379e+02 1.991566626788754490e+02 5.432982100952468696e-02
2.516042769060875059e+02 1.994380473626896162e+02 5.567570054755441311e-02
2.515843839629442300e+02 1.995304720931302711e+02 4.822543290541266015e-02
2.515843647908710352e+02 1.995432445282903018e+02 4.167241828862405795e-02
2.514774919860734030e+02 1.968335365573091735e+02 3.476280311047715704e-02
2.514172341600331322e+02 1.967794828141535959e+02 3.131182993604196552e-02
2.513814168928971355e+02 1.965867382935321075e+02 2.331324100062884264e-02
2.511594004509271656e+02 1.958236629396156445e+02 1.818662862927345608e-02
2.513620339269007218e+02 1.909471234221383895e+02 4.688338778202119639e-02
2.513576588597984767e+02 1.866661106765441218e+02 6.062592984554977804e-02
2.511517584625531185e+02 1.856944508351355125e+02 4.711345266031687767e-02
2.510675010352919401e+02 1.849906977100875736e+02 3.964401294498381967e-02
2.511322834706053868e+02 1.847626957468672799e+02 4.074065553152655950e-02
2.513309981748186317e+02 1.894605898863479467e+02 4.110492492216138299e-02
2.515273125354683259e+02 1.948771223485022688e+02 3.747756867436616984e-02
2.516264666635991318e+02 1.969766445804383466e+02 4.561419653675669733e-02
2.515709596772956615e+02 1.988766468810871402e+02 4.298378809490942948e-02
2.516207227104710284e+02 1.994895320480375460e+02 4.992791300480068500e-02
2.515852083620914357e+02 1.994934508197978573e+02 4.087869445850396410e-02
2.514863686559609732e+02 1.968241690823478791e+02 2.029555668031718385e-02
2.514832589456893572e+02 1.916776599334345690e+02 3.964784735962208206e-02
2.513292496817435904e+02 1.835338387091826462e+02 6.663829199834353512e-02
2.510586857160385819e+02 1.820384476755778564e+02 4.616251783002806724e-02
2.510003259252442547e+02 1.812999624227365416e+02 4.964416632156935100e-02
2.512551151091274448e+02 1.846854668016380572e+02 7.479792634856362310e-02
2.514917061611374436e+02 1.874166781699105684e+02 7.621282535008205850e-02
2.515433250509977086e+02 1.886376976640746079e+02 9.106351324406816716e-02
2.515561741744505184e+02 1.900019670547094393e+02 7.954493167073115045e-02
2.515531258148131144e+02 1.903372942836546713e+02 7.924968174358502926e-02
2.515904921854629777e+02 1.906953595914047810e+02 7.830258132793448123e-02
2.515975743492998333e+02 1.909940336508228711e+02 5.336354852068283389e-02
2.517180439884047303e+02 1.916633383947606433e+02 8.187242135615577232e-02
2.517115178146904100e+02 1.922951348947069619e+02 8.831807236307305520e-02
2.516614556971732668e+02 1.923900903388088750e+02 8.161168116075399881e-02
2.513593805119710396e+02 1.910460206444884079e+02 5.538811944968480977e-02
2.514471119188944499e+02 1.866299291400174809e+02 5.161122103099740482e-02
2.513735333364008682e+02 1.820758715624472757e+02 5.684903142686237310e-02
2.511577554870473534e+02 1.804439370235739943e+02 4.702526112363686339e-02
2.511501710148928623e+02 1.803330610898940165e+02 5.374315556987070697e-02
2.511746000705532254e+02 1.802497392598045849e+02 5.891578091688522839e-02
2.513917084617862372e+02 1.837700271476556395e+02 6.168806270034816325e-02
2.513704888111780917e+02 1.838778355496249901e+02 6.220570867651344094e-02
2.512876884614794619e+02 1.837909362106780691e+02 5.936440742956180378e-02
2.512713308486326582e+02 1.832664419699688665e+02 5.003911102931026672e-02
2.510838433104802334e+02 1.819538029724382397e+02 4.748155646558996357e-02
2.510958642003711816e+02 1.801657157318363716e+02 4.406509302289912666e-02
2.510828003496986014e+02 1.789187564226445204e+02 4.761576097792911272e-02
2.511365013267074744e+02 1.787020084663875252e+02 5.529225908372827764e-02
2.512246736913142797e+02 1.789836193806653455e+02 6.705624319391401134e-02
2.512855680301845211e+02 1.845033666160524035e+02 2.340143253730885345e-02
2.514590867958097533e+02 1.850825587815764095e+02 3.116228776514977372e-02
2.516363632877804832e+02 1.861411371340051346e+02 6.100170248009938873e-02
2.517373771070108432e+02 1.863648560560744727e+02 8.194527523428273008e-02
2.517926348563628380e+02 1.868308294605745346e+02 9.555361278547216952e-02
2.517868602279176002e+02 1.872130209052286034e+02 1.036058835258209521e-01
2.517535813432721454e+02 1.874076097792911071e+02 1.028083252810625958e-01
2.516137134005122675e+02 1.870355526925259539e+02 8.531189128667616972e-02
2.514954485498243741e+02 1.868043221521802479e+02 7.365143637172348601e-02
2.514743937790456982e+02 1.867572815533980588e+02 7.033850212426570603e-02
2.511908158100584387e+02 1.846675984294237765e+02 4.772312458780042510e-02
2.513248707802266892e+02 1.787013489470697323e+02 7.002408012392828673e-02
2.513812635163116056e+02 1.728693384867866030e+02 1.147065139035874787e-01
2.511676751177165272e+02 1.709494854215555506e+02 8.204497001487752461e-02
2.511051243117225624e+02 1.705751161827635372e+02 7.428028037239835235e-02
2.513909300756146479e+02 1.722269436647801228e+02 9.803447905642724558e-02
2.513446525253454809e+02 1.802825963588398679e+02 8.194910964892099248e-02
2.515433212165830810e+02 1.866780242028251848e+02 1.269421310142793691e-01
2.515254029969784710e+02 1.885791078084019716e+02 1.054962499424837857e-01
2.514670201996963215e+02 1.889826416049325815e+02 8.649289099526066837e-02
2.514025100078222010e+02 1.890370979616251645e+02 8.254727833248975966e-02
2.514871738830350125e+02 1.910896179389254428e+02 6.529624687495207136e-02
2.515146858080645416e+02 1.924081887759014649e+02 6.182226721268731240e-02
2.515659174220463399e+02 1.941461640515958891e+02 5.613199588950750635e-02
2.515563122133775096e+02 1.960095591956931855e+02 4.824843939324222758e-02
2.513844537492906284e+02 1.936708346753784440e+02 2.955183361708001513e-02
2.514555169557815191e+02 1.939560230985137821e+02 3.931808770073160625e-02
2.512397582785011991e+02 1.932314874461264651e+02 2.924508044601911022e-02
2.514885657755486932e+02 1.942921862298501594e+02 4.214405128913020077e-02
2.515545598858878122e+02 1.946817512538535766e+02 4.816791668583873809e-02
2.516336907007776063e+02 1.957690071933618583e+02 3.275740425466647926e-02
2.514042968450436319e+02 1.950269636037362488e+02 2.542983788094909520e-02
2.512906639672387712e+02 1.913953894998389558e+02 4.949462415067715920e-02
2.512385811132072604e+02 1.912681137747511571e+02 4.600530682985935066e-02
2.513114004816024760e+02 1.914875381524256568e+02 3.678353962484087053e-02
2.513389775916808446e+02 1.885150002300648850e+02 4.915336124787190314e-02
2.514169350756913559e+02 1.888606918817773419e+02 6.572186689979907237e-02
2.514173683645454673e+02 1.891373142226107689e+02 6.312213377505790368e-02
2.513850097394131922e+02 1.852225034126290382e+02 4.711728707495514007e-02
2.514429400757680355e+02 1.766996771422874701e+02 6.571036365588429906e-02
2.513650822865381258e+02 1.710241874875381427e+02 8.413472599272994734e-02
2.511544885657755515e+02 1.685491571956625023e+02 7.837543520606143899e-02
2.511025130753539258e+02 1.653526626175247998e+02 1.009026212058467126e-01
2.514001786837221459e+02 1.690617532477492091e+02 9.909277749658737533e-02
2.513658261629779531e+02 1.737311155079065657e+02 9.434577217441984798e-02
2.512974738876363006e+02 1.735700470866117655e+02 8.520836209144312667e-02
2.513299437107931169e+02 1.797174649917943441e+02 5.448319759505514115e-02
2.515455796868050129e+02 1.820178645377996531e+02 8.536557309161182938e-02
2.515163882881639381e+02 1.832608475590116370e+02 8.640086504394239864e-02
2.515533827205938735e+02 1.838713170447399534e+02 9.044617248730808801e-02
2.515927391524409984e+02 1.858271637601803832e+02 4.941793585791193211e-02
