2.518299877707896712e+02 1.619525987071977511e+02 5.084949336128581354e-01
2.524205800139762346e+02 2.013190207896575714e+02 6.093728162124388836e-01
2.523161338225017403e+02 1.962197894828790936e+02 4.709119496855345699e-01
2.521970868273934343e+02 1.894257250174703131e+02 4.210211390635918982e-01
2.517447632774283761e+02 1.882283936058700249e+02 2.462089447938504427e-01
2.516548261705101197e+02 1.911004585953878347e+02 1.466282320055904975e-01
2.516095824598183128e+02 1.977441911250873545e+02 4.537473794549266165e-02
2.515889369322152334e+02 1.998462919287211719e+02 3.218466107617051070e-02
2.516686451781970675e+02 2.011576083158630297e+02 1.670597484276729536e-02
2.516534591194968584e+02 2.027696278825995932e+02 1.138626834381551399e-02
2.515645920684835914e+02 2.055893867924528422e+02 6.892033542976939119e-03
2.515715583508036275e+02 2.085471829140461182e+02 1.022012578616352148e-02
2.514929070580014070e+02 2.114541579315164199e+02 1.420335429769391949e-02
2.516201738294898576e+02 2.136568701956673522e+02 2.132686932215234130e-02
2.514597047519217199e+02 2.175197982180293366e+02 1.353948287910551954e-03
2.513471829140461296e+02 2.169250917190775567e+02 1.463137665967854635e-03
2.513810578266946152e+02 2.113426231656184484e+02 4.516072676450035191e-03
2.514381070929420048e+02 2.045191081411600180e+02 8.053808525506639046e-03
2.514358403214535258e+02 2.013762185534591254e+02 1.377096436058700135e-02
2.514165006988120297e+02 1.994389281970649961e+02 1.060010482180293555e-02
2.514172300838574472e+02 1.995150462962963047e+02 1.012840670859538848e-02
2.514993929070579952e+02 2.011492269392033450e+02 1.021139063591893804e-02
2.516079402515723302e+02 2.031579140461215900e+02 5.337176799440949970e-03
2.516171470999301221e+02 2.033187237945492711e+02 7.804856743535988628e-03
2.515790793151642220e+02 2.033640679594689118e+02 6.542627533193570537e-03
2.515939378057302633e+02 2.043879367575122217e+02 5.424528301886792116e-03
2.513558263452131314e+02 2.027272798742138491e+02 6.363556953179594529e-03
2.512913128930817663e+02 2.005499912648497514e+02 7.106044723969252332e-03
2.512114736198462595e+02 1.997313984975541530e+02 5.817610062893081337e-03
2.511265330188679172e+02 1.990505546820405414e+02 4.909154437456324412e-03
2.514336477987421290e+02 2.021036119846261272e+02 5.044549266247379780e-03
2.515397099930118827e+02 2.029486635220125663e+02 1.548305380852550706e-02
2.515967417889587807e+02 2.037035333682739235e+02 8.136792452830188607e-03
2.516054245283018815e+02 2.046076257861635099e+02 7.197763801537386194e-03
2.517301013277428297e+02 2.057619016422082439e+02 4.887316561844864092e-03
2.517828660027952594e+02 2.062895483927323426e+02 7.298218029350105225e-03
2.517018474842767262e+02 2.061232442348008362e+02 6.464011180992312693e-03
2.517304594689028647e+02 2.062065906708595264e+02 7.263277428371768020e-03
2.516355957372466889e+02 2.060160639412997909e+02 5.359014675052411157e-03
2.516331848357791614e+02 2.060169287211739970e+02 5.350279524807826856e-03
2.513637491264849757e+02 2.046839316911250819e+02 6.127707896575820996e-03
2.513463792802236298e+02 1.969558481830887615e+02 2.214360587002096523e-02
2.514511224668064244e+02 1.912327655485674427e+02 3.920335429769392088e-02
2.513365697064989490e+02 1.887736460517120918e+02 3.921208944793850432e-02
2.513400026205450786e+02 1.886644697763801446e+02 3.606743535988819055e-02
2.512980564290705843e+02 1.884839972047519154e+02 2.710517120894479284e-02
2.514773672257162787e+02 1.913544898672257091e+02 2.810097833682739452e-02
2.515210691823899367e+02 1.937805249825296983e+02 3.743448637316561939e-02
2.513806079664570348e+02 1.935475803633822522e+02 3.140286512928022050e-02
2.514209949336128602e+02 1.938509914395527574e+02 2.407407407407407413e-02
2.512718597134870606e+02 1.933175096086652616e+02 1.764500349406009777e-02
2.510607791754018194e+02 1.921174790356394055e+02 1.657058001397624172e-02
2.511882948986722681e+02 1.898376048218029268e+02 1.796383647798742086e-02
2.513160115303983275e+02 1.901180380852550797e+02 2.445405310971348820e-02
2.512074117749825177e+02 1.888968073025856143e+02 1.469689028651292861e-02
2.513519566736547972e+02 1.856736285814116059e+02 4.244846261355695455e-02
2.514810752969951011e+02 1.871573637316561758e+02 5.639849755415793364e-02
2.512694662823200531e+02 1.915986940950384394e+02 3.818570929419985716e-02
2.513562456324248728e+02 1.920538347309573624e+02 5.062456324248777034e-02
2.513806429070579895e+02 1.968147929769392022e+02 3.420684835779175259e-02
2.513423043326345123e+02 1.989838749126485027e+02 5.835080363382249939e-03
2.515666710342417787e+02 1.997348925576519889e+02 9.145702306079665431e-03
2.517178633822501865e+02 2.003550576519916149e+02 2.212613556953179489e-02
2.517216238644304553e+02 2.024391727812718500e+02 4.231306778476590091e-02
2.517180555555555657e+02 2.037703135918937676e+02 3.773148148148148390e-02
2.516393343815513504e+02 2.036357005590496101e+02 3.458245981830887494e-02
2.515552541928721269e+02 1.988305686582809244e+02 3.438155136268343515e-02
2.514014369322152334e+02 1.930442566387141881e+02 7.227900069881201817e-02
2.515144785115303989e+02 1.872228686233403323e+02 8.540793151642207814e-02
2.513285377358490678e+02 1.866598576170510171e+02 6.713836477987421281e-02
2.511879716981132162e+02 1.860408761355695333e+02 5.357704402515723469e-02
2.514252838923829358e+02 1.876137578616352073e+02 5.592243186582809139e-02
2.515415487421383602e+02 1.902889675052410894e+02 5.076432564640111916e-02
2.515541404612159226e+02 1.918291622990915357e+02 5.492662473794548972e-02
2.513038434661076224e+02 1.906076126834381625e+02 2.841544374563242589e-02
2.512007075471697988e+02 1.900186713836477850e+02 2.165006988120195611e-02
2.511453703703703582e+02 1.892241046470999208e+02 1.892033542976939361e-02
2.514445012229210477e+02 1.929262054507337609e+02 3.985849056603773394e-02
2.515591194968553452e+02 1.942109364081062211e+02 5.590496156533892452e-02
2.515430948637316533e+02 1.953960648148148209e+02 5.142382948986722740e-02
2.515331761006289355e+02 2.007403563941299751e+02 1.844426974143955136e-02
2.516065033193571026e+02 2.016412473794549385e+02 2.897012578616352252e-02
2.515961914744933665e+02 2.028702131376659565e+02 3.001397624039133308e-02
2.516186277078965645e+02 2.036864998252970054e+02 3.141596785464709912e-02
2.516365522361984688e+02 2.044938242487770879e+02 1.751834381551362757e-02
2.513725279524807945e+02 2.034712351502445813e+02 1.253930817610062962e-02
2.513767732354996554e+02 2.035191823899371002e+02 1.215496156533892383e-02
2.513870195667365408e+02 2.035388539482879082e+02 1.223357791754018167e-02
2.513909329140461182e+02 2.035007031795946943e+02 1.175314465408805117e-02
2.514648934311670132e+02 2.036889412997903435e+02 1.096698113207547100e-02
2.515917059748427675e+02 2.042788696715583399e+02 2.390373864430468329e-02
2.514337089447938638e+02 2.013999781621243983e+02 3.128930817610062892e-02
2.514219994758909991e+02 1.972370588749126625e+02 3.929944095038434559e-02
2.513032582110412250e+02 1.943701869322152334e+02 4.278476589797344798e-02
2.514207983927323653e+02 1.895791928721174031e+02 5.066387141858839926e-02
2.511755721523410330e+02 1.884811626484975591e+02 2.846785464709992997e-02
2.510615828092243191e+02 1.871263801537386371e+02 2.581236897274633013e-02
2.513761312019566674e+02 1.895248777078965645e+02 3.855258560447239607e-02
2.513646008036338344e+02 1.947333726415094475e+02 3.280048916841369483e-02
2.515757730607966494e+02 1.956284809573724601e+02 4.680293501048218147e-02
2.515410202655485534e+02 1.957672257162823257e+02 4.718291404612159207e-02
2.515219601677148944e+02 1.959445055904961634e+02 3.434661076170510141e-02
2.515092679944094982e+02 1.961050270789657475e+02 2.502620545073375169e-02
2.515932957721872754e+02 1.967342679944094925e+02 3.535552061495457477e-02
2.516071802935010453e+02 1.986849274982529607e+02 4.782931516422082169e-02
2.516293195317959430e+02 1.995184748427672901e+02 4.372816212438854211e-02
2.516153651292802351e+02 2.007167321802934907e+02 4.460167714884696183e-02
2.515625174703004916e+02 2.034787080712788168e+02 2.796558350803633741e-02
2.515719601677148773e+02 2.041035595737246808e+02 2.919287211740042090e-02
2.515294025157232625e+02 2.042663172606568764e+02 2.164570230607966439e-02
2.515711871069182450e+02 2.045444051362683524e+02 1.817348008385744063e-02
2.513976851851851961e+02 2.041111067435359985e+02 1.127271139063591894e-02
2.512990216631725957e+02 2.039377271139063623e+02 1.011967155835080331e-02
2.514085255066387106e+02 2.041831629979035654e+02 1.008036338225017439e-02
2.516595169461914736e+02 2.056379280223619901e+02 2.910552061495457615e-02
2.516801974143955363e+02 2.056491701607267544e+02 2.976065688329839268e-02
2.515826170510132727e+02 2.053632381201956605e+02 1.916928721174004230e-02
2.513818177847659001e+02 2.012986416841369532e+02 2.455450733752620462e-02
2.513812281621243869e+02 1.947981743535988812e+02 4.283280922431866033e-02
2.514075559049615549e+02 1.900971960167714769e+02 3.813329839273235655e-02
2.512747947239692508e+02 1.902200165967854559e+02 9.944968553459119023e-03
2.514572938504542208e+02 1.909493186582809301e+02 2.036163522012578511e-02
2.515380590496156401e+02 1.981216588050314442e+02 2.393431167016072530e-02
2.517448943046820489e+02 2.046025812368972652e+02 1.783717679944095066e-02
2.518094033892382981e+02 2.054848183088749067e+02 2.453266946191474604e-02
2.516322763801537405e+02 2.060204839273235393e+02 2.261093640810622057e-02
2.516257861635220081e+02 2.062132381201956548e+02 2.474668064290705752e-02
2.513443177847659058e+02 2.046795291754018251e+02 1.501135569531795999e-02
2.513694182389937168e+02 2.024060228860936377e+02 1.609888190076869466e-02
2.513688286163522037e+02 2.022403432914045993e+02 1.461827393431167077e-02
2.514204577218728218e+02 2.023701476240391344e+02 1.204577218728162050e-02
2.515296034241789016e+02 2.027501091893780654e+02 1.730870020964360434e-02
2.515865697064989490e+02 2.029999082809224262e+02 2.344951083158630309e-02
2.515319793850454175e+02 2.029153563941299865e+02 1.675838574423479943e-02
2.514243579664570234e+02 2.026570492662473839e+02 1.277078965758210970e-02
2.514570361635220195e+02 2.026929419986023788e+02 1.153913347309573796e-02
2.516258953529000735e+02 2.043036731306778506e+02 5.638539482879105329e-03
2.517039657582110408e+02 2.049787735849056673e+02 1.387141858839972125e-02
2.516923349056603740e+02 2.053416710342417844e+02 8.053808525506639046e-03
2.516580145003493953e+02 2.055994758909853317e+02 8.250349406009783657e-03
2.513847877358490450e+02 2.044261748777078935e+02 4.227812718378755850e-03
2.513475017470300372e+02 2.043336914744933495e+02 5.983577917540181326e-03
2.513181429070579895e+02 2.042486853598881851e+02 6.918238993710692022e-03
2.513259390286513053e+02 2.009958508036338287e+02 5.725890985324947474e-03
2.512308569182389988e+02 1.987629454926624817e+02 1.534329140461215997e-02
2.512643955276030852e+02 1.923730564290705729e+02 2.268081761006289152e-02
2.513138714185884055e+02 1.875273672257162900e+02 3.877533193570929099e-02
2.511028869671558255e+02 1.854785988819007798e+02 3.009259259259259092e-02
2.509915618448637247e+02 1.845573375262054583e+02 2.916229909154437541e-02
2.514208508036338117e+02 1.868905529350104757e+02 4.534416491963661616e-02
2.514660639412997796e+02 1.904477288609364223e+02 4.647973445143256666e-02
2.513743798043326478e+02 1.943407931516422025e+02 3.812893081761006137e-02
2.515980913696715504e+02 1.965200034940600915e+02 4.379804332634521652e-02
2.515713312368972652e+02 1.992377838923829358e+02 2.411774982529699476e-02
2.516100410552061533e+02 2.025667190775681377e+02 1.616876310272536560e-02
2.516451301537386485e+02 2.044614954577218668e+02 2.061495457721872898e-02
2.516411906009783479e+02 2.050734757162823314e+02 2.515286512928022189e-02
2.516520003494060234e+02 2.061829053109713357e+02 1.377969951083158652e-02
2.516847964709992880e+02 2.065639238294898803e+02 8.940426275331935652e-03
2.515273934311670132e+02 2.061739255765199061e+02 7.656359189378057241e-03
2.512093640810622048e+02 2.049205057651991524e+02 4.433088749126484762e-03
2.512756027253668663e+02 2.051035202655485534e+02 8.411949685534591062e-03
2.513154175401816985e+02 2.051877664220824613e+02 8.625960866526904275e-03
2.512982966457022940e+02 2.051584425227113968e+02 6.315513626834381306e-03
2.511997641509433947e+02 2.038993535988819019e+02 2.755939902166317131e-03
2.512547693920335519e+02 2.039705145003493953e+02 6.459643605870020976e-03
2.512352113906359250e+02 2.036973183088749124e+02 5.922431865828092085e-03
2.511916055206149565e+02 2.024124956324248785e+02 2.830188679245282824e-03
2.511196584556254265e+02 2.010969077568134082e+02 8.521139063591894394e-03
2.510879935359888293e+02 2.005124956324248728e+02 9.447064989517819922e-03
2.511493230258560345e+02 2.002032189028651317e+02 7.424877707896575425e-03
2.511398759608665330e+02 1.989438810272536671e+02 3.821628232005590611e-03
2.513405310971348570e+02 1.955160421034241836e+02 2.244496855345911798e-02
2.513448680992313200e+02 1.898349930118798170e+02 3.547781271837875672e-02
2.513956018518518647e+02 1.818417147099929991e+02 3.936058700209643657e-02
2.513541972396925246e+02 1.747928677498252910e+02 7.050576519916142149e-02
2.512033717679944118e+02 1.714234757162823257e+02 8.083944793850454669e-02
2.513727725366876200e+02 1.730993535988818905e+02 1.011312019566736609e-01
2.514969295946890213e+02 1.814151336477987400e+02 5.990566037735849114e-02
2.514477026554856707e+02 1.876399720475192225e+02 5.886617749825297230e-02
2.512637447589098656e+02 1.953659722222222115e+02 8.687106918238993516e-03
2.514808438155136230e+02 2.004029917889587580e+02 7.748078266946191103e-03
2.515226895527603119e+02 2.004801930468204034e+02 1.097571628232005617e-02
2.514001222921034184e+02 2.002576912997903662e+02 8.123689727463311722e-03
2.514029917889587580e+02 2.002060097833682732e+02 9.294199860237595950e-03
2.513435403563941293e+02 2.000020920684835914e+02 7.468553459119496932e-03
2.512691998602375918e+02 1.997630765199161544e+02 6.555730258560447422e-03
2.514316998602375861e+02 2.000090103074772969e+02 1.140810621942697431e-02
2.516585298742138264e+02 2.007150113556953102e+02 2.322676450034940471e-02
2.515781490216631653e+02 2.024803197064989604e+02 2.879105520614954478e-02
2.515466981132075546e+02 2.054329751921733020e+02 1.525593990216631696e-02
2.515329533542976890e+02 2.089947545422781161e+02 2.205188679245282876e-02
2.515171733053808509e+02 2.096795990566037631e+02 2.427061495457721874e-02
2.515770134521313821e+02 2.105970780922431800e+02 8.093116701607267968e-03
2.514485849056603683e+02 2.103482136617749916e+02 6.167016072676449918e-03
2.511025768693221494e+02 2.090960779175401854e+02 6.699860237596086225e-03
2.512353074772886146e+02 2.072544636617749916e+02 1.298916841369671636e-02
2.513740435010482202e+02 2.041668151642208215e+02 1.472746331236897237e-02
2.513984102026554979e+02 2.043189159678546503e+02 1.732617051013277468e-02
2.513256201956673692e+02 2.023779175401816985e+02 8.350803633822501820e-03
2.513388583158630354e+02 1.991122641509433890e+02 1.820842068483577783e-02
2.513535377358490450e+02 1.941893736897274607e+02 2.260656883298392886e-02
2.513279830538085378e+02 1.905609407756813312e+02 4.777690426275332108e-02
2.511486940950384223e+02 1.900019479385045429e+02 2.967330538085255140e-02
2.511804507337526218e+02 1.899526773235499775e+02 2.162823200559049752e-02
2.514094907407407504e+02 1.959453048567435474e+02 1.070055904961565371e-02
2.515863513277428467e+02 1.991719863731656233e+02 1.888102725366876469e-02
2.515834861984626230e+02 1.994775856044724094e+02 1.953179594689028603e-02
2.516038915094339643e+02 1.998329751921733077e+02 1.494584206848357730e-02
2.515892339273235621e+02 1.998751572327043959e+02 1.433438155136268315e-02
2.513287211740041869e+02 1.981307783018868065e+02 1.327742837176799397e-02
2.511861416841369703e+02 1.962538784067085942e+02 1.947938504542278196e-02
2.511161338225017516e+02 1.956789613906359193e+02 1.879367575122291995e-02
2.511616046470999208e+02 1.953358534241789073e+02 1.256114605171208994e-02
2.510351153039832184e+02 1.944575515373864505e+02 1.580188679245283015e-02
2.509678502795248107e+02 1.939754280223619958e+02 1.510307477288609299e-02
2.510201345213137643e+02 1.938984233053808452e+02 1.893780573025856048e-02
2.511167583857442480e+02 1.939625829839273194e+02 2.311320754716980966e-02
2.512705232354996383e+02 1.943946060447239574e+02 1.948375262054507367e-02
2.515245108315862979e+02 1.977181560097833710e+02 2.233577917540181812e-02
2.515699467155835123e+02 1.978652646750524013e+02 2.552847658979734424e-02
2.515954184136967058e+02 1.980503057302585717e+02 2.494758909853249385e-02
2.515932215234101932e+02 1.982493798043326478e+02 2.106918238993710571e-02
2.517058438155136173e+02 1.988064072327044016e+02 3.028913347309573553e-02
2.516718204053109673e+02 2.005420553808525597e+02 3.518081761006289221e-02
2.516856306778476551e+02 2.012575559049615777e+02 3.420684835779175259e-02
2.515871374912648548e+02 2.010451039482879025e+02 2.594339622641509552e-02
2.514081935709294271e+02 1.980459250524108938e+02 2.255852550663871303e-02
2.514301100628930783e+02 1.937611940950384337e+02 4.087176799440950248e-02
2.513224143955276020e+02 1.908307346261355804e+02 2.722746331236897133e-02
2.511607791754018137e+02 1.900252489517819754e+02 2.799615653389238290e-02
2.511322108665269184e+02 1.898135001747029946e+02 2.382948986722571716e-02
2.513938679245283083e+02 1.921611897274633236e+02 2.138801537386442880e-02
2.514906708595387954e+02 1.926213487071977681e+02 3.431603773584905592e-02
2.515774327393431236e+02 1.949308831236897390e+02 4.062281621243885726e-02
2.514657844164919709e+02 1.964152646750524127e+02 3.716369671558350518e-02
2.515785290006988077e+02 1.976130808874912645e+02 4.255328441649196269e-02
2.514875480433263419e+02 1.975608315863032942e+02 3.290094339622641473e-02
2.514935883997204655e+02 1.975550620195667477e+02 2.666404612159329127e-02
2.514186233403214601e+02 1.974457634521313878e+02 2.224842767295597337e-02
2.513544068832983953e+02 1.973126091893780654e+02 7.896575821104123358e-03
2.514662168064290597e+02 1.976325078616352187e+02 7.953354297693920882e-03
2.516149196366177421e+02 1.980088399720475252e+02 2.023497554157931491e-02
2.516915618448637417e+02 1.981305511879804442e+02 2.657669461914744999e-02
2.516754411250873602e+02 1.981937762054507459e+02 2.635394828791055161e-02
2.516795859538784157e+02 1.983445929419985987e+02 2.641946191474493430e-02
2.516430162473794496e+02 2.007754367575122387e+02 3.363906359189378081e-02
2.516615566037735903e+02 2.024067784765898068e+02 3.649982529699510869e-02
2.517860543326345351e+02 2.030146444793850549e+02 4.319968553459119232e-02
2.516845780922431857e+02 2.038208289657582100e+02 4.413434661076170301e-02
2.517225759958071194e+02 2.043824685534591197e+02 4.406009783368274035e-02
2.514969732704402645e+02 2.037735062893081874e+02 2.263714185883997088e-02
2.515610543326345123e+02 2.038691299790356481e+02 2.061932215234102070e-02
2.516088181341719121e+02 2.039721174004192790e+02 2.549790356394129875e-02
2.516461259608665273e+02 2.043013495807127811e+02 2.078092243186582810e-02
2.516347921034241892e+02 2.043200253319357103e+02 1.847484276729559685e-02
2.515050576519916206e+02 1.982115435010482258e+02 1.313766596785464688e-02
2.514324641858839868e+02 1.937132948986722454e+02 2.554157931516421939e-02
2.513139019916142445e+02 1.900289482879105663e+02 4.050925925925925875e-02
2.512843160377358629e+02 1.898259084556254379e+02 3.866614255765199459e-02
2.513679201607267544e+02 1.901529088050314442e+02 3.338137665967854523e-02
2.515354734451432535e+02 1.931843466107617076e+02 3.327655485674353708e-02
2.515602856394129958e+02 1.979707590845562493e+02 2.575995807127882606e-02
2.515849668064290654e+02 1.996887141858840096e+02 3.484451432564639878e-02
2.514310272536687592e+02 2.032425925925925867e+02 1.707721872816212599e-02
2.514622466806429202e+02 2.037444575471698158e+02 2.284678546470999411e-02
2.514880066387141824e+02 2.039181079664570291e+02 1.899895178197065146e-02
2.514949423480083794e+02 2.039391771488469658e+02 1.700733752620545158e-02
2.514636879804332636e+02 2.038567915793151712e+02 1.381900768693221544e-02
2.514743361285813990e+02 2.038621025506638773e+02 1.392819706498951704e-02
2.515281228162124307e+02 2.040402908805031359e+02 1.526030747728860867e-02
2.515754979035639280e+02 2.042735150244584190e+02 1.409853249475890961e-02
2.513949205101327777e+02 2.036717592592592609e+02 6.603773584905660646e-03
2.514224449685534637e+02 2.037454271488469715e+02 1.147361984626135527e-02
2.515465627183787660e+02 2.041770483927323596e+02 9.617400419287212496e-03
2.516655529350104814e+02 2.045130896226415018e+02 2.097746331236897271e-02
2.514169898672257091e+02 2.035397711390635891e+02 8.197938504542277849e-03
2.514752533193570798e+02 2.036744802585604361e+02 1.177498252969951149e-02
2.515682258909853317e+02 2.040541797693920216e+02 1.136006289308176022e-02
2.516778389238294835e+02 2.046894785115304103e+02 1.180118798043326353e-02
2.517341762753319472e+02 2.052374825296995198e+02 1.114168413696715529e-02
2.516365216631726014e+02 2.049599100279524748e+02 9.547519217330538085e-03
2.516850934661076167e+02 2.050639980782669340e+02 1.191037735849056686e-02
2.517011836128581308e+02 2.050624388539482936e+02 1.055206149545772146e-02
2.516855258560447339e+02 2.050132992662473725e+02 1.023759608665269008e-02
2.515036949685534466e+02 2.012255765199161317e+02 5.481306778476589640e-03
2.513493448637316590e+02 1.947651860587002091e+02 1.930468204053109593e-02
2.511680773934311617e+02 1.942484145702306080e+02 1.813853948287910689e-02
2.511769741439552774e+02 1.941054332634521415e+02 1.670597484276729536e-02
2.512451170510132670e+02 1.941703747379454796e+02 1.556603773584905662e-02
2.514337700908455702e+02 1.971339185883997231e+02 1.074860237596086607e-02
2.514901161774982654e+02 1.973025419287211832e+02 1.999912648497554138e-02
2.516062631027253644e+02 1.980666273584905639e+02 1.588923829489867143e-02
2.516282276380153746e+02 1.980861460517120918e+02 2.161949685534591062e-02
2.514826956673654763e+02 1.976651118099231326e+02 1.104122990915443712e-02
2.513914308176100576e+02 1.974774065338923776e+02 1.093640810621942724e-02
2.514477681691125213e+02 1.975511836128581535e+02 1.222484276729559824e-02
2.515553328092243248e+02 1.977496636967155723e+02 1.986373165618448774e-02
2.516329358839971917e+02 1.980660857791754097e+02 2.872554157931516555e-02
2.516165006988120183e+02 1.985704839273235507e+02 1.764063591893780605e-02
2.513948156883298282e+02 2.000700078616352187e+02 3.323724668064290642e-03
2.515227201257861509e+02 2.005300314465408746e+02 3.991963661774982318e-03
2.516296383647798791e+02 2.007677061495457735e+02 1.129891684136967098e-02
2.518059966806429202e+02 2.012305773934311617e+02 2.181167016072676351e-02
2.518589797344514238e+02 2.014415006988120069e+02 2.625349406009783518e-02
2.518751790705800033e+02 2.015707590845562436e+02 2.781271837875611344e-02
2.518669156184486440e+02 2.016869671558350774e+02 2.793937805730258711e-02
2.518790050663871511e+02 2.018340321453528929e+02 2.707896575821104254e-02
2.518781490216631767e+02 2.021938242487770765e+02 3.200995807127882814e-02
2.518335167714884619e+02 2.024981612508735225e+02 2.721872816212438789e-02
2.515467286862333935e+02 2.016053240740740762e+02 1.166142557651991644e-02
2.514077655485674256e+02 1.968717636268343938e+02 2.124388539482879174e-02
2.513490915443745735e+02 1.931590714535290090e+02 4.111635220125785944e-02
2.512023366526904340e+02 1.923762403913347327e+02 2.983053808525506709e-02
2.511361722571628263e+02 1.920010351153039778e+02 2.480782669461914849e-02
2.511773977987421347e+02 1.918710036687631089e+02 2.121767994409503796e-02
2.512918282669461973e+02 1.921190033193570912e+02 2.978249475890985473e-02
2.514562194269741440e+02 1.955190994060097864e+02 3.292278127183787678e-02
2.514801013277428297e+02 1.956916797693920387e+02 3.144654088050314461e-02
2.514551886792452819e+02 1.959167714884696068e+02 2.122641509433962140e-02
2.514771663172606679e+02 1.961777734102026614e+02 1.893780573025856048e-02
2.514960648148148152e+02 1.962159198113207594e+02 2.392557651991614187e-02
2.512804856743535993e+02 1.953893256464011188e+02 1.376659678546470963e-02
2.511004585953878347e+02 1.948842679944094982e+02 1.098008385744234788e-02
2.511298654786862414e+02 1.948740566037735960e+02 1.454402515723270464e-02
2.511911469252271161e+02 1.950452873864430501e+02 1.616002795248078217e-02
2.512489910901467454e+02 1.951925270789657532e+02 1.534765897973445169e-02
2.514311408106219403e+02 1.984536993361285795e+02 1.536512928022362029e-02
2.514524545772187309e+02 1.985977201257861680e+02 1.765373864430468120e-02
2.513988032844164877e+02 1.984836084905660414e+02 1.709032145352900114e-02
2.513311058700209628e+02 1.982569968553459034e+02 1.309399021663172624e-02
2.512306691125087355e+02 1.980068003144654085e+02 1.194095038434661062e-02
2.512397973445143293e+02 1.979090889238295006e+02 1.189727463312368998e-02
2.513540662124388518e+02 1.980981568832984010e+02 1.296733053808525431e-02
2.515007293850454175e+02 1.986512403913347384e+02 1.164832285115303956e-02
2.516011443046820375e+02 1.990661076170510171e+02 2.388626834381551295e-02
2.515284416491963668e+02 1.988907844164919538e+02 1.693308874912648546e-02
2.514090365129280258e+02 1.950678808525506724e+02 2.780835080363382172e-02
2.514209993011879760e+02 1.904433612858141203e+02 4.020789657582110599e-02
2.514545466457022940e+02 1.866909241788958695e+02 5.587875611460517422e-02
2.511733228511530456e+02 1.850867356743536050e+02 3.343815513626834102e-02
2.510569357092942084e+02 1.841488120195667477e+02 2.960779175401816871e-02
2.514162342767295684e+02 1.874107049266247316e+02 4.784678546470999549e-02
2.515944007686932196e+02 1.895804245283018759e+02 5.890111809923130604e-02
2.514688548218029212e+02 1.932409722222222115e+02 4.408193570929420241e-02
2.515802629280223641e+02 1.952797737596086733e+02 4.316037735849056339e-02
2.515786076170510057e+02 1.960459468902865012e+02 3.717243186582809555e-02
2.515818003144653972e+02 1.962779175401817042e+02 3.685359888190076899e-02
2.515112377707896485e+02 1.999591325995807267e+02 1.165705800139762473e-02
2.515398235499650639e+02 2.000052061495457849e+02 1.560534591194968554e-02
2.516000262054507459e+02 2.004745326694619223e+02 1.330363382250174774e-02
2.516974537037037010e+02 2.019966631726065600e+02 3.746069182389936969e-02
2.516027777777777885e+02 2.037206673654786755e+02 3.131114605171209098e-02
2.516342723619846140e+02 2.048690644654087976e+02 4.037823200559049336e-02
2.516315295248078314e+02 2.066008516771488530e+02 1.066125087351502479e-02
2.517199816561844727e+02 2.071523279175401910e+02 1.673218029350104913e-02
2.515265504891684145e+02 2.064053022361984517e+02 8.586652690426275353e-03
2.511754236547868686e+02 2.051904437456324217e+02 8.966631726065687688e-03
2.511088399720475195e+02 2.048994147449336083e+02 6.970649895178196963e-03
2.512021488469601707e+02 2.049607835429769409e+02 8.014500349406010124e-03
2.513183569182390045e+02 2.050743929070580123e+02 2.297344514325646517e-03
2.512581367924528308e+02 2.030461696366177478e+02 5.642907058001397913e-03
2.513018867924528195e+02 2.030931341719077636e+02 8.739517819706499324e-03
2.514390068134171941e+02 2.034868929070580066e+02 1.774109014675052248e-02
2.516068701956673692e+02 2.041600148497554130e+02 2.912299091544374649e-02
2.515826257861635327e+02 2.043951738294898632e+02 2.777777777777777624e-02
2.513004935359888066e+02 2.032243929070579895e+02 1.077044025157232639e-02
2.513966762753319415e+02 1.977043544723969148e+02 2.370283018867924696e-02
2.513892077218728218e+02 1.934160595737246808e+02 4.127795248078267032e-02
2.512064902166317211e+02 1.917525069881201887e+02 2.793064290705800021e-02
2.511583726415094304e+02 1.904268824248777037e+02 2.099493361285813958e-02
2.511644304682040456e+02 1.899770527603074868e+02 2.644566736547868460e-02
2.514325340670859532e+02 1.921340539832285117e+02 3.919025157232704226e-02
2.516230738993710645e+02 1.933034547519217199e+02 4.960255066387141837e-02
2.513190994060097694e+02 1.923047475541579274e+02 2.770352900069881358e-02
2.512109276729559610e+02 1.918055730258560345e+02 2.639762403913347225e-02
2.511402865129280144e+02 1.898913696715583512e+02 2.688242487770789793e-02
2.510921733053808396e+02 1.881004848008385864e+02 2.776030747728860937e-02
2.514219470649895243e+02 1.898708813766596677e+02 5.014849755415792809e-02
2.516459861984626230e+02 1.911724624388539553e+02 7.492575122292102763e-02
2.516338268693221494e+02 1.921401991614255849e+02 7.757250174703005097e-02
2.516111111111111143e+02 1.968510613207547237e+02 4.040880503144653885e-02
2.516200646401118206e+02 1.984405223619846197e+02 3.510656883298392955e-02
2.515182870370370267e+02 2.013710473445143236e+02 3.159503843466107686e-02
2.515897580363382247e+02 2.029996986373165555e+02 2.326607267645003363e-02
2.516433481830887615e+02 2.041461914744933495e+02 2.537561146051712027e-02
2.516364998252969940e+02 2.050159241788958866e+02 1.443046820405310959e-02
2.517129716981131935e+02 2.060120108315863092e+02 1.053895877009084631e-02
2.514846523410202792e+02 2.055210779175401683e+02 9.276729559748427348e-03
2.514138015373864334e+02 2.053342854647100069e+02 8.114954577218728288e-03
2.514506944444444514e+02 2.053585997554157814e+02 8.835604472396925771e-03
2.512741133822501638e+02 2.046508080013976212e+02 5.909329140461216066e-03
2.514691692872117414e+02 2.052012272886093740e+02 1.240391334730957425e-02
2.516216675401817042e+02 2.055573943046820489e+02 1.902952480782669348e-02
2.516818832983927336e+02 2.057991745283018759e+02 1.686757512229210276e-02
2.514484713487071872e+02 2.047074510831586167e+02 6.402865129280223451e-03
2.513398890635918974e+02 1.981784372816212567e+02 1.111547868623340325e-02
2.513459425227113968e+02 1.935243142907058029e+02 2.410027952480782790e-02
2.512680075122292180e+02 1.933729472396925360e+02 2.075034940600978262e-02
2.513161338225017403e+02 1.934757250174702961e+02 1.971086652690426377e-02
2.513788827742837100e+02 1.936261224668064358e+02 1.843553459119496793e-02
2.515085298742138491e+02 1.965972702655485591e+02 1.357879105520615019e-02
2.515352157582110522e+02 1.968551974143955192e+02 2.247117400419287175e-02
2.515793632075471749e+02 1.971543937805730309e+02 1.929157931516422078e-02
2.515915312718378800e+02 1.971822851153039835e+02 2.234014675052410984e-02
2.515437849406009718e+02 1.970453965758211154e+02 2.102987421383647679e-02
2.514422693920335519e+02 1.968795641160027969e+02 1.877183787561146136e-02
2.514860849056603911e+02 1.969188198812019550e+02 1.734364081062194154e-02
2.516007774283717708e+02 1.972208289657582156e+02 2.503057302585604341e-02
2.517282931516422195e+02 1.979068439902166290e+02 4.008997204751921922e-02
2.517074467155835009e+02 1.990736504192872189e+02 2.148410202655485698e-02
2.517481612508735225e+02 1.998609145702306193e+02 3.142470300489168256e-02
2.517609451432564640e+02 2.006772449336128545e+02 3.548654786862334015e-02
2.516431778476589898e+02 2.019208813766596791e+02 1.774545772187281767e-02
2.517099449685534580e+02 2.024685578266946209e+02 2.520527603074772943e-02
2.517192653738644310e+02 2.029252183787561137e+02 1.932215234102026627e-02
2.517263059049615777e+02 2.033643125436757373e+02 1.610324947589098638e-02
2.517419418238993671e+02 2.038341020265548593e+02 1.251747030048916756e-02
2.514744671558350717e+02 2.032478380503144706e+02 9.093291404612159623e-03
2.514414395527603006e+02 2.032142863382250084e+02 1.012840670859538848e-02
2.513470169461914736e+02 2.033892077218728218e+02 1.738294898672257090e-03
2.514280179944095153e+02 2.035878188329839134e+02 3.642557651991614170e-03
2.514800445492662391e+02 2.036422999650594079e+02 7.044898672257163090e-03
2.514663347309573851e+02 2.035869846261355747e+02 5.817610062893081337e-03
2.513603205800139904e+02 2.004003625087351566e+02 1.354385045422781299e-02
2.513970518867924397e+02 1.951828660027952367e+02 3.050314465408805048e-02
2.513889849755415753e+02 1.883267426624738050e+02 3.017994409503843567e-02
2.512532931516421968e+02 1.876659678546471071e+02 2.449336128581411712e-02
2.512180555555555657e+02 1.874553022361984631e+02 3.029786862334032244e-02
2.514630896226415189e+02 1.910633866177498135e+02 4.844077568134171757e-02
2.515361722571628320e+02 1.943568265199161544e+02 4.671558350803634019e-02
2.515824074074074019e+02 1.980104210342418014e+02 3.247292103424179177e-02
2.516240915443745507e+02 1.987232660726764379e+02 3.359102026554856846e-02
2.516249650593990168e+02 1.995996069182390045e+02 1.730870020964360434e-02
2.516415574772886146e+02 1.998057826694619052e+02 1.510744234800838644e-02
2.515409198113207481e+02 1.995795815863032772e+02 1.227288609364081060e-02
2.513690994060097808e+02 1.992054026904262685e+02 1.030747728860936449e-02
2.515231481481481524e+02 1.995136879804332750e+02 1.928721174004192906e-02
2.516380546820405186e+02 2.002417278127183806e+02 2.667278127183787470e-02
2.517443570929420105e+02 2.011080494409503956e+02 3.221960167714884443e-02
2.516843597134870834e+02 2.022876659678546503e+02 1.469689028651292861e-02
2.516855957372466719e+02 2.029799484626135495e+02 2.428371767994409389e-02
2.516476764500349361e+02 2.037070230607966437e+02 1.277078965758210970e-02
2.517163522012578483e+02 2.042995195667365351e+02 1.181865828092243213e-02
2.517383385744234943e+02 2.050854778127183806e+02 9.958071278825995909e-03
2.516218728162124307e+02 2.048283018867924454e+02 8.700209643605870402e-03
2.516900637665967793e+02 2.050205669112508815e+02 1.256988120195667337e-02
2.517545815863032885e+02 2.053797344514325687e+02 1.233403214535289984e-02
2.517023803284416488e+02 2.070009870719776472e+02 7.752445842068483688e-03
2.517348052061495594e+02 2.082139238294898576e+02 1.872379454926624900e-02
2.516249519566736410e+02 2.079338443396226523e+02 1.078354297693920327e-02
2.513828092243186632e+02 2.072943265199161544e+02 7.516596785464710155e-03
2.513723619846261386e+02 2.071722615303983162e+02 5.393955276030747495e-03
2.514730651642208272e+02 2.073729734451432591e+02 5.804507337526205318e-03
2.514135438504542321e+02 2.071079795597484292e+02 4.454926624737945082e-03
2.513316911250873602e+02 2.027593466107616962e+02 3.349930118798043113e-03
2.513238819007686971e+02 1.980000349406009832e+02 1.369671558350803696e-02
2.515387709643605945e+02 1.922639762403913437e+02 2.779524807826694657e-02
2.512870414046121539e+02 1.913421907756813312e+02 2.265897973445143293e-02
2.513062412648497457e+02 1.913189727463312408e+02 1.808612858141159935e-02
2.514133647798742004e+02 1.916412211740041869e+02 2.034416491963661824e-02
2.513909329140461182e+02 1.956595606219426884e+02 1.220737246680642964e-02
2.515593116701607244e+02 1.986032844164919595e+02 1.711652690426275492e-02
2.515632075471698101e+02 1.992091413347309583e+02 1.979385045422781333e-02
2.515815644654088032e+02 1.995975803633822636e+02 1.510307477288609299e-02
2.515682171558350717e+02 1.995325253319357159e+02 1.559224318658280865e-02
2.515084294199860153e+02 1.993774895178196971e+02 1.175314465408805117e-02
2.514936146051712171e+02 1.993085342417889478e+02 1.185796645702306105e-02
2.515216457023060741e+02 1.993782713137665894e+02 1.262229210342417918e-02
2.516593204053109787e+02 1.996493754367575093e+02 2.140111809923130742e-02
2.517412997903564076e+02 2.003439902166317381e+02 3.492749825296995181e-02
2.517072458071278902e+02 2.014589142208245960e+02 3.872728860936407863e-02
2.516352856394129844e+02 2.023980520614954628e+02 1.846174004192872170e-02
2.516408761355695276e+02 2.024705974842767375e+02 1.831761006289308116e-02
2.516449510831586167e+02 2.024856787211739970e+02 1.846174004192872170e-02
2.516719951083158548e+02 2.027719295946890270e+02 1.719077568134171757e-02
2.517756682389937168e+02 2.031038434661076053e+02 2.694793850454227715e-02
2.517749475890985309e+02 2.033440469951083287e+02 2.490828092243186492e-02
2.517906140810621878e+02 2.034787080712788168e+02 2.481219426974144021e-02
2.518261705101327834e+02 2.035759652341020285e+02 2.880852550663871511e-02
2.513219776380153689e+02 2.044950733752620522e+02 2.402166317260656832e-03
2.513718597134870834e+02 2.045964972047519268e+02 2.319182389937106837e-03
2.514551144304681998e+02 2.047147187281621257e+02 4.594689028651293035e-03
2.515425489168413833e+02 2.048443046820405300e+02 7.175925925925925875e-03
2.514389587700908351e+02 2.008655922431865690e+02 1.085779175401816940e-02
2.513270877009084643e+02 1.959770440251572268e+02 1.956673654786862324e-02
2.515451825646401005e+02 1.919329315164220873e+02 3.122379454926624623e-02
2.513718029350104928e+02 1.912537080712788224e+02 2.804419986023759526e-02
2.513812237945492711e+02 1.912495457721872754e+02 2.801362683438154977e-02
2.514643125436757600e+02 1.916032232704402531e+02 3.640810621942697223e-02
2.513330276030747825e+02 1.953463225017470393e+02 3.350366876310272718e-02
2.514768212788260087e+02 1.989331062194269748e+02 2.832372466806428943e-02
2.514744409503843485e+02 1.992944269741439598e+02 2.941998602375960753e-02
2.514535988819007741e+02 1.993134914395527630e+02 2.153651292802236106e-02
2.514372947239692451e+02 1.993323156883298282e+02 1.903389238294898519e-02
2.514318396226415189e+02 1.993891247379454796e+02 1.654874213836477967e-02
2.514201039482879025e+02 1.993103162124388632e+02 1.693745632424877717e-02
2.514393911600279523e+02 1.993897230957372528e+02 1.578878406708595500e-02
2.515648453878406769e+02 1.999733097484276811e+02 1.611635220125786153e-02
2.516911906009783308e+02 2.006903607617051080e+02 2.524895178197065007e-02
2.516943308874912759e+02 2.012193046820405300e+02 3.123689727463312485e-02
2.516895789657582156e+02 2.017153127183787547e+02 1.789395527603074645e-02
2.516670684835779070e+02 2.018629323899371002e+02 1.584556254367575079e-02
2.516507381201956548e+02 2.019287299091544412e+02 1.334730957372466838e-02
2.516630808874912759e+02 2.021446147798742174e+02 1.368361285814116007e-02
2.517365566037735789e+02 2.025358315863032885e+02 2.634521313766596817e-02
2.516962133123689682e+02 2.025687936757512091e+02 2.025681341719077697e-02
2.516604035639412871e+02 2.025037211740041982e+02 1.801187980433263322e-02
2.517051624737945588e+02 2.027186233403214430e+02 2.017382948986722740e-02
2.517585342417889649e+02 2.032639893431166911e+02 3.369584206848357660e-02
2.517563417190775681e+02 2.040559267994409538e+02 4.706498951781970530e-02
2.516817566387141767e+02 2.043579620894479376e+02 2.831498951781970599e-02
2.514501266596785456e+02 2.025783586652690360e+02 9.599930118798043893e-03
2.514637622292103458e+02 1.941494191125087241e+02 2.285115303983228582e-02
2.514016509433962199e+02 1.899173960517121031e+02 3.332896575821104462e-02
2.511915531097134817e+02 1.893202087700908578e+02 2.425751222921034359e-02
2.511364692522711266e+02 1.892508997204751893e+02 2.316998602375960892e-02
2.513450559049615549e+02 1.933987814465408803e+02 2.108228511530398433e-02
2.515181385394828908e+02 1.965329446191474574e+02 2.756376659678546476e-02
2.515934093291404565e+02 1.971252926275331845e+02 3.558263452131376486e-02
2.515822239692522828e+02 1.979183438155136230e+02 1.531708595387840620e-02
2.515403651292802181e+02 1.979570492662473669e+02 1.551362683438155081e-02
2.512920117051013165e+02 1.973795160726764379e+02 8.643431167016072877e-03
2.510707765548567352e+02 1.963488775331935585e+02 1.131201956673654786e-02
2.510127402166317268e+02 1.958227157582110465e+02 1.088836477987421315e-02
2.511431734800838456e+02 1.959458158630328342e+02 1.154786862334032140e-02
2.511954708245981749e+02 1.960789482879105492e+02 1.667540181691124987e-02
2.512537866876310204e+02 1.962333377009084643e+02 1.544374563242487813e-02
2.514109757162823087e+02 1.967412997903564076e+02 2.628406708595387720e-02
2.516914089797344616e+02 1.983049965059398971e+02 3.225017470300488992e-02
2.516960124039133575e+02 1.993068439902166347e+02 2.991788958770090837e-02
2.516295510132774211e+02 2.002886530398322975e+02 3.384433962264150886e-02
2.515622204751921629e+02 2.015524327393431179e+02 3.620719776380153937e-02
2.515969426974143914e+02 2.031695448986722567e+02 4.319531795946890407e-02
2.515978467854646965e+02 2.053350410552061476e+02 2.026554856743536040e-02
2.516835953878406826e+02 2.065709425227113911e+02 2.041841369671558437e-02
2.516770090845562606e+02 2.075626484975541644e+02 8.944793850454227369e-03
2.516852812718378800e+02 2.078643474842767205e+02 9.368448637316562078e-03
2.515714578965758221e+02 2.075414308176100633e+02 8.342068483577918386e-03
2.513005328441649056e+02 2.062132686932215222e+02 6.105870020964360677e-03
2.513823768343815459e+02 2.060130677847658944e+02 1.546121593291404630e-03
2.513637403913347441e+02 2.025361460517120804e+02 4.363207547169811219e-03
2.512484189378057238e+02 1.971614648846960165e+02 9.848881900768692577e-03
2.515825122292103515e+02 1.886841675401817042e+02 6.819968553459120064e-02
2.513045946890286473e+02 1.863712744584206860e+02 6.502882599580712963e-02
2.511513277428371680e+02 1.853429026904262855e+02 5.256376659678546615e-02
2.514514150943396089e+02 1.889927236198462595e+02 4.108577917540181396e-02
2.514925314465408803e+02 1.931733883647798677e+02 5.269916142557651978e-02
2.516446933962264154e+02 1.961813460866526952e+02 4.015111809923131020e-02
2.515972222222222285e+02 1.973482879105520738e+02 3.985412299091544569e-02
2.515397711390635891e+02 1.980777384696016838e+02 3.533805031446540790e-02
2.515366963661774946e+02 1.982172562893081817e+02 2.660290006988120029e-02
2.514525812368972879e+02 1.980726415094339643e+02 2.297344514325646431e-02
2.514148715932913944e+02 1.979408630328441632e+02 1.881114605171209028e-02
2.514460298742138491e+02 1.980217286862334163e+02 2.032669461914744791e-02
2.515258429419986044e+02 1.983402908805031473e+02 1.830887491264849773e-02
2.516825952131376596e+02 1.987810796645702283e+02 3.662648497554157889e-02
2.517276423829490000e+02 1.994884259259259238e+02 4.546208944793850293e-02
2.516272405660377274e+02 2.004234364081062267e+02 2.636705101327742676e-02
2.517378188329839190e+02 2.010452044025157363e+02 3.486198462613557258e-02
2.516963574423480168e+02 2.017050270789657702e+02 1.761006289308176057e-02
2.517362945492662334e+02 2.021326825646401062e+02 2.807040531097134903e-02
2.517500829839273138e+02 2.025529000698811899e+02 3.805904961565338696e-02
2.517209250524109052e+02 2.031829926624737936e+02 2.734102026554856638e-02
2.517178066037735960e+02 2.037650419287211605e+02 2.015635918937805707e-02
2.517794505590496215e+02 2.040157145352900159e+02 2.861198462613557050e-02
2.517781228162124307e+02 2.045736198462613515e+02 2.121331236897274625e-02
2.517541273584905639e+02 2.048820885744234772e+02 1.996418588399720417e-02
2.514875000000000114e+02 2.015825209643605831e+02 9.940600978336827306e-03
2.513766291055206068e+02 1.969620894479384958e+02 1.758385744234800679e-02
2.514945536338225054e+02 1.910330581761006385e+02 5.669112508735150296e-02
2.511880808874912532e+02 1.892911949685534694e+02 3.542540181691124918e-02
2.511474362334032264e+02 1.888837700908455588e+02 3.107529699510831744e-02
2.513121855345912081e+02 1.893181516422082495e+02 2.778214535290007142e-02
2.514433481830887445e+02 1.934087526205450729e+02 2.992225716282320008e-02
2.515432608315863092e+02 1.972030267295597525e+02 2.628406708595387720e-02
2.515834119496855408e+02 1.975910202655485648e+02 3.420248078266946434e-02
2.515546602026554979e+02 1.977932302585604418e+02 2.148846960167714870e-02
2.514665749475890948e+02 1.975515373864430444e+02 1.399371069182389973e-02
2.512337831935709289e+02 1.969071890286512883e+02 1.035115303983228513e-02
2.510996200209643519e+02 1.964792059748427562e+02 1.049965059399021738e-02
2.511775768693221664e+02 1.964800576519916149e+02 1.035115303983228513e-02
2.512816605520614814e+02 1.966839797344514409e+02 1.144304682040531151e-02
2.514054507337526161e+02 1.969878537735849022e+02 2.212613556953179489e-02
2.515259958071278845e+02 1.974458027603074868e+02 2.160639412997903547e-02
2.515743667016072607e+02 1.975925270789657588e+02 2.462002096436058732e-02
2.516063329839273308e+02 1.978068876659678494e+02 2.105607966457023056e-02
2.516255896226415132e+02 1.979668806778476551e+02 1.908193570929420102e-02
2.516372510482180189e+02 1.980395265548567352e+02 2.355870020964360642e-02
2.516660202655485534e+02 1.981043195317959373e+02 2.660726764500349548e-02
2.516633822501746920e+02 1.982656009783368347e+02 2.227900069881201886e-02
2.516596523410202622e+02 1.983999388539482993e+02 2.042714884696016781e-02
2.517036119846261215e+02 1.986094820055905075e+02 2.662037037037037063e-02
2.516978686233403266e+02 1.991052148846960108e+02 2.008211041229909094e-02
2.516873646051712115e+02 1.991512753319357216e+02 2.127445842068483722e-02
2.514189945842068425e+02 1.956647929769391965e+02 1.226415094339622716e-02
2.513703703703703809e+02 1.892413915094339529e+02 4.384171907756813369e-02
2.513116046470999265e+02 1.839910945143256527e+02 4.359713487071977672e-02
2.510272405660377331e+02 1.821188024109014805e+02 3.662211740041929064e-02
2.510079620894479433e+02 1.814613251222920951e+02 3.220649895178197275e-02
2.512583901118099163e+02 1.852001441299790372e+02 1.899895178197065146e-02
2.513693046820405357e+02 1.888900419287211605e+02 2.153651292802236106e-02
2.514671995108315912e+02 1.930322938504542378e+02 2.600454227812718302e-02
2.516219776380153803e+02 1.960199685534591083e+02 5.630677847658979718e-02
2.516224362334032207e+02 1.960993230258560516e+02 5.168151642208246299e-02
2.514658237246680699e+02 1.957014806079664595e+02 3.669199860237595812e-02
2.513065732005590576e+02 1.952395614954577354e+02 2.652428371767994245e-02
2.512935228860936547e+02 1.951569750174703017e+02 2.628843466107616891e-02
2.513771357442348062e+02 1.954011748777078878e+02 2.965146750524108935e-02
2.514725716282320036e+02 1.959514412997903605e+02 3.446453529000698818e-02
2.515416972396925246e+02 1.975724799091544241e+02 3.671383647798742017e-02
2.516074117749825234e+02 1.979347527952480732e+02 3.667016072676450300e-02
2.516276074423480225e+02 1.980915356394129958e+02 3.672693920335429879e-02
2.516197938504542151e+02 1.982674091544374448e+02 3.733403214535289949e-02
2.516113950034940672e+02 1.985887796995108374e+02 3.822064989517819783e-02
2.516457721872816080e+02 1.989605695317959544e+02 4.192872117400419513e-02
2.516062587351502486e+02 1.995392120894479433e+02 4.711303284416491766e-02
2.516537430118798113e+02 2.003315513626834274e+02 4.533106219426974448e-02
2.516201650943396260e+02 2.011642470300489265e+02 4.558874912648497313e-02
2.516234538784067070e+02 2.019799266247379421e+02 2.135307477288609507e-02
2.516945448986722624e+02 2.025035508385744265e+02 3.599318658280922095e-02
2.517526598532494688e+02 2.033783237246680642e+02 4.440950384346610547e-02
2.517109844514325516e+02 2.041951039482879082e+02 4.676799440950384079e-02
2.517019828791055147e+02 2.042648672257162730e+02 4.278913347309573623e-02
2.516707590845562663e+02 2.045379280223619958e+02 3.178721174004192629e-02
2.515387534940601029e+02 2.039592636268343711e+02 1.773672257162823077e-02
2.513018955276030795e+02 1.952275069881201830e+02 2.397798742138364941e-02
2.513072414395527687e+02 1.890355214884696124e+02 2.818832983927323579e-02
2.513155835080363261e+02 1.858336565338923947e+02 5.138015373864430330e-02
2.512046121593291446e+02 1.854579315164220930e+02 4.381114605171208820e-02
2.512732573375262177e+02 1.855511006289308114e+02 4.903476589797344659e-02
2.514065076869322013e+02 1.901680992313067691e+02 4.351415094339622369e-02
2.514482922781271839e+02 1.945796907756813425e+02 4.939727463312369032e-02
2.515278127183787547e+02 1.990435141509433947e+02 2.939814814814814894e-02
2.515750480433263476e+02 1.996380197414395639e+02 3.197501747030048747e-02
2.515617356743535993e+02 2.001603948287910555e+02 1.611635220125786153e-02
2.515136923480083908e+02 2.000279000698812126e+02 1.285814116002795271e-02
2.512853773584905639e+02 1.995379323899371116e+02 1.069619147449336199e-02
2.512515548567435246e+02 1.993607529699510792e+02 1.070929419986023715e-02
2.513660246331236863e+02 1.995125043675751328e+02 1.422955974842767327e-02
2.515457241439552831e+02 1.999705538085254943e+02 2.515286512928022189e-02
2.516450471698113347e+02 2.010892776030747768e+02 3.319357092941998405e-02
2.516315557302585546e+02 2.026235718029350039e+02 4.271488469601677357e-02
2.516509696016771613e+02 2.038209556254367669e+02 3.971436058700209687e-02
2.516172955974842864e+02 2.047241526904262798e+02 3.404961565338923690e-02
2.516151991614255792e+02 2.058177803983228387e+02 1.592417889587700863e-02
2.517158149895178099e+02 2.068257905310971410e+02 2.976939203354297611e-02
2.516004105520615042e+02 2.063473095737246581e+02 1.569706498951781853e-02
2.516413784067085828e+02 2.066090583508036218e+02 2.157582110412298998e-02
2.515445711041229799e+02 2.063430773934311730e+02 1.517732354996505911e-02
2.515940775681341677e+02 2.064271401118099334e+02 1.775856044723969282e-02
2.516679419986023731e+02 2.073402865129280315e+02 1.223357791754018167e-02
2.515539177148847045e+02 2.069642251921733020e+02 8.682739343116701800e-03
2.515690950384346536e+02 2.070025812368972709e+02 9.394654088050314114e-03
2.516328791055206011e+02 2.072013102725366878e+02 1.051712089447938425e-02
2.513952000349406148e+02 2.063739124737945474e+02 5.865653389238294560e-03
2.512118099231306871e+02 2.046948025856044637e+02 5.948637316561844988e-03
2.512911076170510114e+02 2.048371374912648548e+02 7.250174703004892002e-03
2.513195623689727540e+02 2.049367968204053057e+02 7.472921034241788649e-03
2.512953310621942649e+02 2.044725716282320036e+02 5.590496156533892105e-03
2.513701432564640186e+02 1.990360019217330603e+02 4.751921733053808723e-03
2.513058612858141032e+02 1.898538128930817663e+02 1.290618448637316507e-02
2.512194138714185954e+02 1.870236984626135666e+02 2.724493361285814166e-02
2.512093553459119448e+02 1.869139456673654820e+02 2.993535988819007523e-02
2.512646794199860096e+02 1.870881769741439484e+02 3.706761006289308047e-02
2.515248515024458413e+02 1.913098488819007628e+02 5.970475192173305135e-02
2.516394086303284325e+02 1.946803939552760312e+02 7.828441649196365981e-02
2.516717854647099841e+02 1.983259652341020285e+02 4.556254367575122283e-02
2.517120981830887558e+02 1.985212482529699400e+02 4.987770789657582082e-02
2.515838530747728896e+02 1.984425314465408690e+02 4.294199860237596367e-02
2.514164046121593401e+02 1.979965277777777715e+02 3.178721174004192629e-02
2.513221523410202565e+02 1.977935272536687705e+02 2.698724668064290608e-02
2.513246549615653294e+02 1.977683962264150921e+02 1.706848357791753909e-02
2.514251048218029325e+02 1.979524196366177478e+02 2.366788958770090975e-02
2.515581367924528422e+02 1.988881507686932082e+02 3.599318658280922095e-02
2.517292889587700984e+02 2.006458333333333428e+02 3.249475890985324689e-02
2.516639675052410894e+02 2.016426406359189514e+02 3.193134171907757030e-02
2.516119016422082382e+02 2.025112639762404001e+02 4.019916142557652255e-02
2.515976196715583626e+02 2.045437106918238896e+02 1.275768693221523455e-02
2.515250131027253531e+02 2.044068527253668890e+02 1.236897274633123704e-02
2.516518125436757600e+02 2.053126703354297717e+02 9.385918937805730680e-03
2.517214884696016668e+02 2.056967767295597582e+02 1.826519916142557709e-02
2.514749912648497627e+02 2.048621680642906995e+02 8.307127882599581181e-03
2.514631376659678494e+02 2.048460124039133348e+02 9.604297693920335610e-03
2.513230214884696068e+02 2.026303240740740819e+02 1.037299091544374545e-02
2.513541754018169172e+02 2.026471654437456209e+02 1.500262054507337482e-02
2.514278389238294835e+02 2.029500742487770708e+02 1.408106219426974101e-02
2.514961827393431122e+02 2.033025593990216748e+02 1.316387141858839892e-02
2.515743579664570291e+02 2.035611722571628093e+02 2.129629629629629581e-02
2.514836565338923720e+02 2.033692697414395525e+02 1.427323549965059390e-02
2.514764718728162052e+02 1.992302148846960108e+02 2.128319357092942066e-02
2.514251310272536557e+02 1.930491963661775117e+02 2.630153738644304753e-02
2.513307346261355804e+02 1.850482660726764550e+02 4.677672955974842423e-02
2.511493535988819019e+02 1.843162211740041982e+02 3.310621942697414277e-02
2.511498646051712171e+02 1.842148672257162900e+02 3.380939902166317512e-02
2.512965365129280144e+02 1.881865172955974970e+02 2.773410202655485560e-02
2.514715583508036332e+02 1.945835342417889535e+02 3.469601677148846652e-02
2.515818483577917561e+02 1.954948855695317889e+02 5.381289308176100822e-02
2.515912648497554187e+02 1.969967417889587580e+02 4.593815513626834518e-02
2.515650987071977625e+02 1.974397056254367442e+02 4.485499650593990223e-02
2.514802017819706634e+02 1.974304419986023618e+02 2.854647099930118781e-02
2.514058569182389817e+02 1.973338137665967906e+02 2.292976939203354367e-02
2.513980564290705786e+02 1.973274764150943383e+02 2.480782669461914849e-02
2.514981743535988699e+02 1.975631813417190870e+02 3.338574423480084041e-02
2.516265897973445078e+02 1.983070754716981128e+02 3.714185883997205007e-02
2.516423611111111143e+02 1.994438067784765849e+02 3.888015373864430607e-02
2.516152908805031529e+02 2.004645614954577297e+02 4.206411600279524876e-02
2.516346654437456323e+02 2.015517208245981919e+02 1.733490566037735811e-02
2.517376091893780483e+02 2.026567697414395468e+02 3.484888190076869396e-02
2.516678895877008983e+02 2.038052498252969826e+02 4.330450733752620740e-02
2.516271226415094304e+02 2.047197414395527630e+02 1.826956673654786881e-02
2.516883080013976155e+02 2.053980171208944796e+02 1.037735849056603717e-02
2.517233403214535201e+02 2.055463137665967963e+02 1.128581411600279583e-02
2.517387316561844841e+02 2.058580712788260030e+02 1.117225716282320078e-02
2.515409940600978302e+02 2.051816823899370945e+02 5.660377358490565648e-03
2.515682783018868065e+02 2.052349799091544469e+02 1.135132774283717678e-02
2.513182477288609391e+02 2.042249475890985195e+02 6.843990216631725895e-03
2.513700384346610690e+02 2.043370545073375126e+02 1.194968553459119578e-02
2.515323768343815516e+02 2.048231525157232795e+02 1.388015373864430468e-02
2.515607092941998530e+02 2.050309704751921629e+02 1.012840670859538848e-02
2.513334381551362640e+02 2.046929114255765114e+02 3.109713487071977429e-03
2.513082110412298960e+02 1.975184661076170585e+02 5.398322851153040079e-03
2.513745414046121596e+02 1.909382992662473839e+02 2.462002096436058732e-02
2.513680380852550797e+02 1.856612159329140468e+02 5.859975541579315328e-02
2.511032451083158605e+02 1.839486373165618431e+02 5.371243885394828832e-02
2.510563722921034184e+02 1.824983970999301164e+02 4.101153039832285130e-02
2.514833595387840717e+02 1.843642819706498983e+02 7.054070580013976910e-02
2.515388452131376766e+02 1.859583245981830828e+02 7.587788259958071213e-02
2.515598663522012544e+02 1.893868317610062775e+02 7.783018867924527961e-02
2.516008560447239688e+02 1.919790793151642276e+02 7.417016072676449467e-02
2.514858665269042604e+02 1.919255110062892982e+02 6.666666666666666574e-02
2.512959381551362696e+02 1.912634171907756695e+02 4.412561146051711958e-02
2.515261530398322805e+02 1.929011312019566731e+02 4.955450733752620601e-02
2.515523977987421347e+02 1.932020833333333201e+02 5.554682040531096904e-02
2.515243273934311787e+02 1.953556079664570291e+02 6.040793151642208370e-02
2.515599012928022375e+02 1.965664570230607922e+02 4.967243186582809278e-02
2.515088225017470336e+02 1.985702699161425642e+02 4.840146750524108865e-02
2.514916142557651995e+02 2.005048436408106340e+02 4.267557651991614465e-02
2.516826869322152334e+02 2.019050707547169736e+02 3.827306079664570537e-02
2.516347047519217313e+02 2.030511705101327777e+02 2.636705101327742676e-02
2.515816212438853938e+02 2.038906795946890327e+02 2.419199860237596089e-02
2.516280485674353713e+02 2.045911687631027291e+02 3.101415094339622647e-02
2.516249170160726862e+02 2.047307215234102102e+02 2.758997204751921853e-02
2.516342941998602498e+02 2.052307084206848344e+02 1.888102725366876469e-02
2.514807914046121482e+02 2.047142470300489094e+02 1.370981830887491211e-02
2.515078529000698779e+02 2.047500393081760990e+02 1.616439552760307388e-02
2.515131726065688440e+02 2.046940120545073398e+02 1.548305380852550706e-02
2.515908892382948920e+02 2.050340670859538648e+02 1.464011180992313109e-02
2.516643780573025992e+02 2.064010656883298509e+02 3.073025856044724058e-02
2.516186015024458413e+02 2.063499606918238953e+02 2.472047519217330375e-02
2.516152078965758108e+02 2.063506726065688213e+02 1.976327742837176785e-02
2.513601939203354334e+02 2.029024589447938638e+02 9.556254367575121519e-03
2.514993099231306815e+02 1.990673611111110972e+02 1.857966457023060847e-02
2.513618142907058086e+02 1.944706979385045429e+02 4.227375960866527199e-02
2.514283630328441745e+02 1.946534241788958752e+02 4.511705101327742606e-02
2.515304900419287151e+02 1.955182258909853203e+02 2.434486373165618486e-02
2.516419199860237654e+02 1.961133254716981185e+02 4.385482180293501231e-02
2.514540181691125156e+02 1.985534634870719799e+02 2.150157232704402385e-02
2.515850759958071308e+02 1.993429201607267771e+02 3.877096436058700274e-02
2.516459163172606566e+02 1.998879280223619901e+02 4.102463312368972992e-02
2.515893693221523506e+02 1.999209337875611538e+02 3.027166317260656866e-02
2.515073113207547237e+02 1.997436713836478077e+02 2.583857442348008390e-02
2.514576869322152390e+02 1.995875262054507289e+02 1.621680642907058142e-02
2.514843902865129337e+02 1.996183918588399706e+02 1.538259958071278889e-02
2.515752009084556278e+02 1.999535202655485762e+02 2.310883997204751794e-02
2.517402908805031529e+02 2.006832721872816307e+02 4.101153039832285130e-02
2.516728249475891062e+02 2.018427279874213696e+02 1.944007686932215304e-02
2.516999082809224433e+02 2.027399851502445927e+02 3.210167714884695767e-02
2.516786163522012600e+02 2.035675663871418521e+02 4.270178197064989495e-02
2.516057040531097186e+02 2.044278301886792519e+02 2.034853249475890996e-02
2.516081280573025936e+02 2.046653476589797265e+02 1.544811320754716985e-02
2.516563635569531812e+02 2.049269566736547858e+02 1.308525506638714107e-02
2.513905310971348683e+02 2.039611329489867160e+02 7.424877707896575425e-03
2.513724842767295513e+02 2.039543020614954685e+02 8.363906359189378706e-03
2.514067959468902984e+02 2.040837089447938411e+02 1.119846261355695281e-02
2.514332328791055318e+02 2.041604952830188608e+02 9.495108315863032278e-03
2.515279743186582948e+02 2.044059792103424229e+02 9.774633123689728184e-03
2.516604647099930219e+02 2.049104996505939766e+02 1.050401816911250910e-02
2.515657232704402588e+02 2.047345780922431970e+02 9.971174004192872795e-03
2.513635001747030060e+02 1.968951301537386485e+02 2.310010482180293451e-02
2.513025768693221664e+02 1.906877838923829529e+02 1.199772886093640814e-02
2.512470082110412193e+02 1.863101109364081083e+02 1.764500349406009777e-02
2.511201301537386428e+02 1.860196846610761838e+02 2.061058700209643726e-02
2.513774283717679907e+02 1.864564465408805063e+02 4.400331935709294456e-02
2.514996680642907165e+02 1.908092243186582948e+02 4.119060097833682904e-02
2.516634390286512826e+02 1.916731874563242570e+02 6.550925925925925319e-02
2.516672431865828230e+02 1.922797999650593965e+02 6.590670859538784454e-02
2.513760962613556842e+02 1.904324903913347384e+02 3.710691823899370939e-02
2.513889107267644931e+02 1.866714928371767996e+02 7.761617749825297508e-02
2.512438242487770879e+02 1.858769785115304103e+02 5.680031446540880630e-02
2.514024676799440954e+02 1.867399851502445927e+02 7.213923829489866935e-02
2.515386355695318059e+02 1.887393212788259973e+02 8.399283717679943695e-02
2.514514587700908521e+02 1.960211521663172505e+02 3.723794549266247478e-02
2.517789875960866652e+02 2.033695405310971296e+02 7.440164220824597996e-02
2.518078791055206125e+02 2.058661076170510000e+02 5.982267645003493811e-02
2.515672126135569613e+02 2.071756551362683467e+02 2.589972047519217488e-02
2.515578878406708725e+02 2.073426493710691716e+02 2.054070580013976285e-02
2.514560709294199796e+02 2.069091063941299922e+02 9.853249475890986028e-03
2.514491657931516500e+02 2.026291928721174145e+02 7.337526205450734147e-03
2.513729472396925360e+02 1.980375611460517007e+02 2.348881900768693201e-02
2.511859844514325744e+02 1.977179769392033677e+02 1.832634521313766460e-02
2.512944619147449430e+02 1.980190994060097864e+02 2.346698113207547343e-02
2.513279917889587693e+02 1.981159634870719799e+02 2.471174004192872031e-02
2.513197720125786248e+02 1.980852725366876257e+02 2.045772187281621329e-02
2.513900419287211605e+02 1.983483796296296191e+02 3.122379454926624623e-02
2.516139194619147474e+02 1.996714360587002091e+02 4.019479385045422737e-02
2.515154699510831620e+02 2.033567784765897954e+02 2.511792452830188815e-02
2.515274240041928806e+02 2.058807040531097243e+02 1.588050314465408799e-02
2.513198943046820375e+02 2.047944007686932082e+02 8.997204751921733176e-03
2.514601109364081140e+02 1.975741264849755510e+02 2.444095038434660958e-02
2.513094121243885297e+02 1.954627969951083060e+02 2.035290006988120168e-02
2.514508997204752063e+02 1.961771488469601650e+02 2.847658979734451340e-02
2.515233883647798621e+02 1.990819400768693299e+02 1.930468204053109593e-02
2.516293937805730252e+02 2.024017776030747768e+02 2.007337526205450751e-02
2.516294287211740084e+02 2.036966631726065771e+02 2.976065688329839268e-02
2.516198331586303425e+02 2.059874825296995198e+02 6.140810621942697015e-03
2.515669854996505990e+02 2.087552323549965081e+02 1.685883997204751933e-02
2.515363163871418521e+02 2.112840408805031416e+02 1.130328441649196443e-02
2.515474187631027121e+02 2.113611809923130807e+02 1.135569531795946850e-02
2.515498908106219460e+02 2.124224231306778563e+02 4.201607267645003814e-03
2.512357660726764550e+02 2.114971479734451520e+02 3.847833682739343081e-03
2.514368754367575036e+02 2.074390286512928014e+02 2.694793850454227889e-03
2.513832590845562436e+02 2.039952655485674313e+02 1.350890985324947578e-02
2.514323593640810657e+02 2.010844383298392870e+02 7.931516422082460563e-03
2.513416797693920444e+02 2.007559399021663182e+02 7.320055904961565545e-03
2.512829795597484406e+02 2.000447589098532433e+02 1.786338225017470313e-03
2.512858534241788959e+02 1.970936539133473104e+02 1.262665967854647089e-02
2.512789570230607978e+02 1.970818046820405414e+02 1.750524109014674895e-02
2.512792933263452255e+02 1.968209949336128659e+02 1.371418588399720556e-02
2.512061801187980450e+02 1.963963923829489886e+02 1.146488469601677183e-02
2.510442173305380891e+02 1.956214229559748503e+02 1.208508036338224942e-02
2.509325559049615606e+02 1.951756114605171319e+02 1.095387840670859585e-02
2.510545641160028083e+02 1.952293806778476721e+02 1.254804332634521305e-02
2.511150375611460390e+02 1.929223663522012657e+02 2.585604472396925077e-02
2.512386574074074019e+02 1.900092417889587750e+02 4.431341719077568075e-02
2.514228336827393377e+02 1.980162386443046785e+02 2.337962962962962868e-02
2.516898322851153011e+02 2.035457852900069895e+02 1.460953878406708560e-02
2.517067304332634592e+02 2.051415225366876314e+02 1.596785464709992927e-02
2.515167016072676347e+02 2.046764150943396317e+02 1.031621243885394792e-02
2.513817042278127190e+02 2.041340190426275285e+02 5.350279524807826856e-03
2.513232311320754775e+02 2.019831629979035768e+02 1.716457023060796554e-03
2.513073244234800825e+02 2.019599624388539496e+02 2.445842068483577905e-03
2.514732223969252232e+02 2.022554769392033620e+02 8.970999301187981140e-03
2.516217286862334106e+02 2.025919330887491299e+02 1.322064989517819644e-02
2.517523235499650696e+02 2.031390461215932817e+02 2.962962962962963076e-02
2.517385132774283818e+02 2.038311757512229292e+02 3.522449336128581632e-02
2.516117444095038422e+02 2.036286818658280993e+02 2.560272536687631037e-02
2.514002882599580744e+02 2.030067304332634421e+02 8.394479385045422459e-03
2.511826563591893660e+02 2.016053633822501752e+02 9.875087351502446348e-03
2.512622641509433947e+02 1.965110587002096452e+02 2.434049615653389315e-02
2.512757948986722454e+02 1.964887796995108431e+02 2.347134870719776514e-02
2.513383866177498192e+02 1.966869496855345858e+02 2.954227812718378601e-02
2.514475585255066505e+02 1.971167496505939880e+02 2.932826694619147453e-02
2.515881595038434568e+02 1.987570842068483614e+02 3.614168413696715321e-02
2.516358359538783986e+02 2.003220387840670753e+02 3.269566736547868668e-02
2.516258385744234829e+02 2.014414744933612837e+02 3.359975541579315189e-02
2.516382512229210420e+02 2.030738993710691886e+02 3.233315863032844295e-02
2.516519173654786812e+02 2.034775331935709346e+02 3.470911949685534514e-02
2.516477812718378857e+02 2.041493361285814103e+02 1.970213137665967687e-02
2.516588356044723866e+02 2.044202786512927901e+02 1.444793850454227820e-02
2.516549397274633009e+02 2.044859407756813425e+02 1.497641509433962279e-02
2.514618535988819019e+02 2.040222091194968641e+02 1.042976939203354297e-02
2.513946759259259238e+02 1.986548960517120861e+02 2.082023060796645703e-02
2.513865391334730930e+02 1.904575908455625495e+02 2.914919636617749679e-02
2.513097484276729574e+02 1.796688504542278224e+02 6.169199860237595950e-02
2.511901904262753362e+02 1.764268998951781953e+02 5.878319357092941927e-02
2.510907669461914793e+02 1.759154568483577918e+02 5.016596785464710190e-02
2.513185534591194994e+02 1.841267907058001470e+02 3.353860936408106092e-02
2.514629323899370945e+02 1.896278476589797322e+02 4.515199161425576674e-02
2.513854821802935078e+02 1.979282363731656176e+02 3.782756813417190861e-02
2.515646401118099220e+02 2.015211958420684937e+02 1.909503843466107617e-02
2.515728336827393434e+02 2.021590365129280258e+02 2.876921733053808619e-02
2.515134958071278959e+02 2.019902821453528929e+02 1.811233403214535312e-02
2.513812980433263533e+02 2.016418107966457001e+02 1.059136967155835038e-02
2.513053677498253080e+02 2.014768474842767318e+02 1.018081761006289256e-02
2.512854385045422703e+02 2.013520745981830942e+02 9.822676450034940540e-03
2.513459294199860210e+02 2.014042190775681433e+02 9.254891684136967028e-03
2.514640242837176913e+02 2.017264544025157136e+02 1.746593291404612003e-02
2.516753799790356254e+02 2.023913128930817606e+02 2.834119496855345977e-02
2.516719863731656233e+02 2.034672169811320828e+02 1.613382250174702839e-02
2.516921689378057181e+02 2.045035857791754097e+02 2.738906359189378220e-02
2.516702917540181659e+02 2.052147886093640921e+02 3.197501747030048747e-02
2.516919025157232568e+02 2.062533106219426884e+02 9.237421383647798426e-03
2.515720300489168437e+02 2.059022929769392078e+02 6.167016072676449918e-03
2.515630939902166290e+02 2.059326781970650018e+02 8.844339622641509205e-03
2.516277865129280258e+02 2.061149414744933495e+02 9.377183787561145512e-03
2.516366177498252910e+02 2.061089360587002091e+02 1.039482879105520577e-02
2.514107573375262064e+02 2.001109888190076731e+02 1.175314465408805117e-02
2.513948986722571703e+02 1.903268736897274493e+02 3.642994409503843428e-02
2.513084643605870099e+02 1.853123689727463272e+02 3.389238294898672121e-02
2.510118885394828681e+02 1.839323812019566731e+02 3.662211740041929064e-02
