2.513480286053003852e+02 8.306747867987303380e+01 6.025469425217025998e-01
2.521313090366744518e+02 1.862006195265593362e+02 8.067765497724578294e-01
2.520709396152816453e+02 1.860539752954223900e+02 7.469578186546330656e-01
2.520351676928372058e+02 1.861952694175685394e+02 7.112241385903859126e-01
2.518657501242877288e+02 1.915512524379517458e+02 2.540479559447780256e-01
2.518284064400168347e+02 1.968262878121534243e+02 1.335538643925197888e-01
2.515766644995984507e+02 1.974778079467666032e+02 6.284752763011969279e-02
2.514639259627519152e+02 1.981002256300432123e+02 4.973803969559065230e-02
2.514694825805958089e+02 1.983311101762973863e+02 3.494971127002944461e-02
2.513668859229798329e+02 1.979043519828674107e+02 1.916708095911889495e-02
2.513256109220237988e+02 1.934067000650120463e+02 1.956862595127920740e-02
2.513371295269417658e+02 1.934290221423381411e+02 2.600099430188534955e-02
2.514040957589200218e+02 1.937078855787984253e+02 2.253241041722436888e-02
2.514837890550307975e+02 1.943737427817507353e+02 2.312516731041339840e-02
2.515408849286779684e+02 1.954827144441470068e+02 1.883054801330834999e-02
2.516562315958545355e+02 1.962741022601246641e+02 2.263948908180045058e-02
2.517474779150254278e+02 1.972784351218019765e+02 2.201613828444682480e-02
2.517285517610615955e+02 1.977854831924738903e+02 2.070060040536923079e-02
2.514229874947416761e+02 1.961033729779341570e+02 1.962216528356724998e-02
2.514555049906306294e+02 1.963949634785269041e+02 2.700294466327584145e-02
2.514396152816551364e+02 1.964535278595739669e+02 1.886114191747294278e-02
2.512996825882442806e+02 1.959429844353512635e+02 1.528930360625645364e-02
2.512627366247275233e+02 1.872634823511415334e+02 2.925542085739416334e-02
2.512509159050059395e+02 1.822416918429003090e+02 5.738651573673945322e-02
2.512102757275612817e+02 1.788992772190141238e+02 5.666755898887147064e-02
2.511575471337336012e+02 1.786141305594860285e+02 5.844200543041799117e-02
2.512813300699835679e+02 1.788403916019732947e+02 5.688171631802363404e-02
2.513715476691269259e+02 1.841240582813874198e+02 6.357030861600826421e-02
2.514584496539064560e+02 1.852072431068109779e+02 7.792649814524456320e-02
2.514285326398714915e+02 1.854027955179930416e+02 8.345252208497457025e-02
2.513107805269800110e+02 1.851011128532639987e+02 6.281693372595510694e-02
2.511452177903552752e+02 1.844262801636773759e+02 4.359248919652759097e-02
2.510588894412788363e+02 1.840067344831542187e+02 4.046043825767715874e-02
2.510411717465294998e+02 1.836127270641324856e+02 3.660560633293816202e-02
2.511495430035565448e+02 1.838891391640215716e+02 4.479712417300852484e-02
2.514126811732762121e+02 1.850638380052774608e+02 6.783433400894871290e-02
2.514840758728823289e+02 1.865539791196603971e+02 7.106963937435466228e-02
2.515030555661784319e+02 1.886418142185169700e+02 6.091628742972962640e-02
2.515704462885769885e+02 1.897827603350032462e+02 7.121878465715705819e-02
2.516048414853340489e+02 1.904168342957665629e+02 7.156296607900876350e-02
2.515444873608933278e+02 1.907103139699414953e+02 4.626563157290909667e-02
2.515326819381238295e+02 1.909134383724043005e+02 4.145474014302650417e-02
2.515910398103177954e+02 1.914562430685685968e+02 5.706910398103177962e-02
2.516164289265364005e+02 1.916587058778538335e+02 6.698152893036062039e-02
2.513900263872423295e+02 1.908899804963861015e+02 4.444529427511568348e-02
2.514206585337871331e+02 1.852038242380205872e+02 4.937473708363608604e-02
2.514196221652835561e+02 1.783404068989253801e+02 6.597957856897013196e-02
2.513195648017132555e+02 1.705047497036215418e+02 8.252705648399556726e-02
2.513066618226318383e+02 1.706235764273968414e+02 8.632834907644651445e-02
2.513347432024169166e+02 1.711322650961795944e+02 7.419021759914337655e-02
2.514190294083903723e+02 1.766529465753948500e+02 7.180389307430494472e-02
2.514070557191479622e+02 1.831090060805384496e+02 6.543271253202799509e-02
2.514769742628781160e+02 1.836940877280201789e+02 7.416344793299935179e-02
2.514126964702282976e+02 1.837966346705418914e+02 7.493211977513480893e-02
2.513597460705954347e+02 1.836410264254847107e+02 5.018547554399786087e-02
2.513221079199969381e+02 1.835887414432674234e+02 5.298481777505831963e-02
2.512460744196718849e+02 1.834689357145588815e+02 4.634976480936173204e-02
2.512675322192053216e+02 1.835865004397873861e+02 4.220429079505908648e-02
2.514453669356380772e+02 1.845591609621782823e+02 6.324907262228000870e-02
2.515460935408619889e+02 1.870302879651229375e+02 7.604879727714253246e-02
2.512965122949252361e+02 1.893184901908294648e+02 1.800068836284370380e-02
2.514253661707904826e+02 1.899872729358675372e+02 2.245974989483345494e-02
2.516719568625951240e+02 1.907434548166277750e+02 4.248728440858159233e-02
2.517551684576848174e+02 1.914090328502045963e+02 5.512639106657998139e-02
2.517530804237255779e+02 1.918591456652262082e+02 6.393361122796283047e-02
2.514059964052162570e+02 1.902960419136487076e+02 3.643351562201231630e-02
2.514835060614172733e+02 1.906675283949672917e+02 4.744349688324601272e-02
2.514936517648858398e+02 1.907070327737198454e+02 4.906497380396956237e-02
2.515869249302076582e+02 1.909907338712761486e+02 5.142835290068453746e-02
2.512918696699682641e+02 1.900357528012543469e+02 3.620406134077785304e-02
2.513219549504761119e+02 1.801745343990209847e+02 6.078243909900952341e-02
2.513957053807029070e+02 1.749510344563845763e+02 1.199128073731308974e-01
2.511633179089066630e+02 1.733101227580404498e+02 8.879880683773758165e-02
2.509957933381773785e+02 1.726060461203105376e+02 7.205629278366285084e-02
2.510005392175609131e+02 1.724550078396879371e+02 7.948678725763891340e-02
2.513866151669279816e+02 1.776875674021950999e+02 6.902367203334736079e-02
2.513385062526291733e+02 1.823021377490535144e+02 5.948984664805537226e-02
2.514353512562621802e+02 1.830913610463115333e+02 8.344104937091284535e-02
2.515151745764656255e+02 1.840541588588473871e+02 8.822899537267199499e-02
2.514949252361466847e+02 1.843548586944051522e+02 8.394584878962867147e-02
2.514414853340472007e+02 1.843492255918008311e+02 8.185781483039504536e-02
2.514451718994990301e+02 1.843979731538491080e+02 8.347929175111859501e-02
2.514713373360357878e+02 1.846693563807411351e+02 6.560480324295384080e-02
2.515521702550766747e+02 1.852457531836781470e+02 7.929175111858961789e-02
2.515521205399824112e+02 1.864331331982102427e+02 7.864927913113312075e-02
2.515666296990324611e+02 1.877650847068721589e+02 8.424413935523346331e-02
2.515762170637500503e+02 1.888307009828291712e+02 7.885578798424414115e-02
2.515926000994302001e+02 1.895990707101609871e+02 7.452292630693334308e-02
2.516372480783203969e+02 1.903709319668056139e+02 7.397988450801178117e-02
2.516632299514321858e+02 1.910844009331140683e+02 7.040422195877471534e-02
2.516242992083827232e+02 1.917019503613904874e+02 8.002982905656047530e-02
2.513661516692799012e+02 1.893648208344487500e+02 4.395579180848215722e-02
2.514420589697502635e+02 1.896196030440934521e+02 4.237638150598493220e-02
2.515327813683123566e+02 1.902520364067459582e+02 6.199472255153160721e-02
2.513840491032161708e+02 1.898715629660790114e+02 3.971471184366515139e-02
2.513145932922865029e+02 1.857310719339171783e+02 4.563463229951432443e-02
2.512942024551608142e+02 1.811877203717159261e+02 5.738651573673945322e-02
2.512071092584802443e+02 1.789928983899957871e+02 4.840338062641019040e-02
2.511369077211365664e+02 1.783679873035297589e+02 4.310298672989407165e-02
2.511296378446594417e+02 1.782834372251329000e+02 4.221193927110023641e-02
2.511233125549734098e+02 1.781216604841485207e+02 4.455237293969176865e-02
2.514463765344755188e+02 1.790334429614899250e+02 5.914948946422425580e-02
2.515601552640636385e+02 1.803240276874832659e+02 8.936479406478259335e-02
2.515355845347814352e+02 1.811256797583081664e+02 9.221002715208995171e-02
2.514844544724463731e+02 1.812191173658648609e+02 8.831312860912463036e-02
2.513848598416765583e+02 1.811486328349076587e+02 5.978813721366017797e-02
2.513586752839496796e+02 1.811402921717847789e+02 6.064094229224827048e-02
2.513947990362920279e+02 1.813161612298749503e+02 6.515354315652606421e-02
2.513996825882443034e+02 1.815057669509350262e+02 6.441546521855520679e-02
2.514687942177521052e+02 1.820841906000229358e+02 8.566293166086656752e-02
2.514947378484836804e+02 1.830027075605185587e+02 9.612987112317870897e-02
2.515164327507744133e+02 1.839454166507323407e+02 9.687942177521129128e-02
2.515377719989292018e+02 1.847683123637615097e+02 9.290221423381390953e-02
2.515616428926536514e+02 1.856038433592106855e+02 9.413361887643886816e-02
2.515872958812956597e+02 1.865131897969329486e+02 9.851237140999655195e-02
2.516061340777850148e+02 1.872159853149260016e+02 6.257600673065891184e-02
2.516056560480324436e+02 1.877485907682894322e+02 7.355921832574859043e-02
2.516385215495812417e+02 1.885814600940762489e+02 8.107002179815671339e-02
2.516313166851504945e+02 1.896090634441087559e+02 5.352403533595931351e-02
2.516830089104745980e+02 1.906231595854526120e+02 7.430494473976059777e-02
2.513304562315958606e+02 1.909057401812688681e+02 1.261998546789552117e-02
2.511732685762361825e+02 1.893693716776932092e+02 1.207694366897395753e-02
2.512875903476232224e+02 1.815256644613560866e+02 4.747026654939003748e-02
2.510587900110902808e+02 1.806808673371830594e+02 3.250219893686182721e-02
2.510959118895559925e+02 1.806438410646678676e+02 3.764579907453440011e-02
2.513044093464377227e+02 1.812983708746032221e+02 5.270564839955638875e-02
2.514456575777276441e+02 1.818550307851160710e+02 6.654939003403571862e-02
2.515824735171516977e+02 1.830058816780756388e+02 8.279475314543577324e-02
2.516324677807946841e+02 1.840741978660751954e+02 9.079888332249799743e-02
2.516442120157558691e+02 1.847117748288653445e+02 9.473402424566905455e-02
2.515493211977513397e+02 1.857786263337030164e+02 9.169757925733297566e-02
2.514740716662205102e+02 1.858471643275077554e+02 8.736854181804275254e-02
2.514375004780297616e+02 1.858211403877777457e+02 8.361696431985926603e-02
2.513871314390607665e+02 1.858208994607824422e+02 7.114229989674557275e-02
2.514281119736892549e+02 1.860743087689777724e+02 7.934529045087766741e-02
2.515144288500516154e+02 1.865451298328808036e+02 8.502428391143064534e-02
2.515329343378331828e+02 1.871950896783815779e+02 9.264599028643542844e-02
2.515544189070327832e+02 1.877590921258939147e+02 8.705113006233508588e-02
2.515836322612719300e+02 1.884239397300087830e+02 9.342613484263261048e-02
2.515652950399632743e+02 1.892272629928486651e+02 9.020612642930896097e-02
2.515847795326781124e+02 1.898873991357222053e+02 8.495544762706030983e-02
2.514812841791273001e+02 1.899441699491376312e+02 7.434701135798692240e-02
2.515362499521970108e+02 1.901911889556006088e+02 6.886687827450380106e-02
2.513640712837967044e+02 1.878811465065585651e+02 4.132089181230640118e-02
2.513836246127958987e+02 1.879865463306436197e+02 5.398294389842824004e-02
2.514633179089066459e+02 1.883515086618991177e+02 5.957397988450801457e-02
2.514416688974721694e+02 1.884703851007686808e+02 4.372633752724769396e-02
2.511477150177827014e+02 1.866503307965887757e+02 3.690772113656354270e-02
2.512855405560441966e+02 1.818410646678649414e+02 5.295039963287315188e-02
2.511065203258250733e+02 1.800981681899881437e+02 4.311063520593521464e-02
2.510783777582316816e+02 1.793580404604382466e+02 4.199013346590691614e-02
2.510695628895942377e+02 1.790914872461661957e+02 4.689280660828330088e-02
2.511077096638494766e+02 1.788685073999005795e+02 5.510726987647711350e-02
2.512086810203066989e+02 1.789331064285441073e+02 5.659872270450112819e-02
2.513902634899996258e+02 1.796890626792611556e+02 7.384221193927109628e-02
2.513651535431565378e+02 1.796933534743202472e+02 6.846915752036407399e-02
2.512333091131592084e+02 1.793048453095720731e+02 5.315690848598416535e-02
2.511454395961604575e+02 1.789258977398753245e+02 5.230410340739607977e-02
2.511079467666067444e+02 1.782752610042448964e+02 3.769168993078129276e-02
2.510117518834372277e+02 1.776638303568014123e+02 3.733221155684730147e-02
2.510682358790011222e+02 1.778266893571455967e+02 4.621591647864162905e-02
2.513020115491988236e+02 1.784278519255038304e+02 6.218975869058090272e-02
2.514961069256950452e+02 1.794477456116868836e+02 7.426670235955486199e-02
2.515987609468813275e+02 1.803502963784465862e+02 9.341083789055031061e-02
2.516174882404680773e+02 1.810940724310680991e+02 1.026999120425255291e-01
2.515220467321886133e+02 1.820407090137290140e+02 1.003327087077899721e-01
2.515099009522352560e+02 1.832883207770851755e+02 9.577804122528586761e-02
2.515560595051435939e+02 1.848441852460897223e+02 8.620979769780871826e-02
2.515818807602585139e+02 1.858606638877203636e+02 8.699376649202646139e-02
2.515264178362461394e+02 1.865970515124861322e+02 8.861906765077058601e-02
2.515649164403992586e+02 1.873584420054304189e+02 9.018318100118551117e-02
2.515111438295919584e+02 1.881764771119354407e+02 9.091361046311521865e-02
2.515566713832268988e+02 1.889700523920608930e+02 8.306244980687597923e-02
2.515777544074343268e+02 1.904296340204214175e+02 7.177329917014034499e-02
2.515644231136946019e+02 1.917783548128035420e+02 6.290871543844889224e-02
2.513656851122413798e+02 1.902427473325939786e+02 4.046426249569773370e-02
2.513432215381085371e+02 1.863217254961948868e+02 4.080844391754942513e-02
2.512333664767295147e+02 1.802701938888676523e+02 5.427741022601246385e-02
2.511428429385445042e+02 1.800743011205017297e+02 4.780297525718000401e-02
2.511981184748938745e+02 1.801764044514130489e+02 4.296913839917396172e-02
2.512861065432712451e+02 1.801379326169260651e+02 2.760335003250602437e-02
2.513380282228766021e+02 1.804370606906573755e+02 3.514474740907874012e-02
2.515666029293663257e+02 1.811822976022027660e+02 5.841906000229454138e-02
2.517480477264904835e+02 1.818113503384450667e+02 8.842785574974186547e-02
2.517433553864392479e+02 1.823378484836896121e+02 9.202263948908180613e-02
2.516478297449233139e+02 1.823137596083980156e+02 8.269532295690083801e-02
2.514921335423916844e+02 1.820610692569505602e+02 6.974645301923591834e-02
2.514699529618723375e+02 1.819181727790737568e+02 6.176526827029714395e-02
2.514857279437072179e+02 1.819342651726643396e+02 6.137137175417797796e-02
2.515301502925541968e+02 1.820465295039963394e+02 7.113082718268384785e-02
2.515659030938085721e+02 1.823720256988794972e+02 7.455352021109794280e-02
2.515845194844927164e+02 1.829543538949864114e+02 8.497074457914260970e-02
2.516122872767600995e+02 1.838001491452828020e+02 8.485601743852537460e-02
2.515693028414088417e+02 1.844378561321656775e+02 9.226739072239856232e-02
2.515889479521205487e+02 1.852787410608436289e+02 9.069180465792191226e-02
2.515949328846227502e+02 1.864489387739492940e+02 8.956747867987303879e-02
2.515451030632146683e+02 1.880139202263949016e+02 8.175073616581896019e-02
2.516069983555776446e+02 1.901037783471643365e+02 7.299705533672415370e-02
2.515856667558988988e+02 1.915076943668973968e+02 6.551684576848063046e-02
2.515369497877547929e+02 1.927961107499330637e+02 5.553176029676087228e-02
2.515502045967340905e+02 1.932094267467207089e+02 5.755860644766530587e-02
2.513037439290221471e+02 1.921736739454663621e+02 3.800145321044781643e-02
2.514524838425943756e+02 1.927028069907071028e+02 4.538223259015641137e-02
2.515461623771463451e+02 1.933668285594095266e+02 5.214730964855252698e-02
2.515783127461853326e+02 1.955575471337336069e+02 1.901028720027534563e-02
2.514040728134919220e+02 1.951716050326972436e+02 1.580939997705457095e-02
2.515996328731500284e+02 1.961547057248843089e+02 3.176794523691154476e-02
2.516342575241883139e+02 1.965439099009522295e+02 3.539714711843665318e-02
2.515221461623771404e+02 1.961733221155684816e+02 2.192818080997361446e-02
2.513301273471260799e+02 1.903968182339668829e+02 3.045240735783395075e-02
2.512580481089142950e+02 1.853321733144670986e+02 6.416688974721786176e-02
2.513333205858732526e+02 1.855877050747638464e+02 7.083636085509961711e-02
2.514279475314543504e+02 1.862181842517878181e+02 4.541665073234157912e-02
2.515061111323568639e+02 1.866195495047611814e+02 4.447206394125970130e-02
2.516026807908524177e+02 1.869469042793223537e+02 6.991089525412061412e-02
2.515767333358828353e+02 1.884009292898390129e+02 4.322918658457302471e-02
2.516328616773107854e+02 1.889576274427320470e+02 5.840376305021224845e-02
2.516593712952694091e+02 1.893385291980572731e+02 6.548625186431603074e-02
2.515962331255497304e+02 1.893820987418257005e+02 6.412099889097097605e-02
2.514938850434051005e+02 1.892980496386095126e+02 4.790240544571493925e-02
2.514095032314811249e+02 1.891873226509617893e+02 4.408964013920226716e-02
2.514042525526788836e+02 1.891285594095376439e+02 3.441814218516960761e-02
2.513662472752304211e+02 1.890841217637385796e+02 4.029217178477188105e-02
2.514321733144670930e+02 1.892128991548433987e+02 4.689280660828330088e-02
2.514828100500975268e+02 1.895101877700868158e+02 4.205514551225668363e-02
2.515502543118283540e+02 1.898267237752877747e+02 5.734444911851313553e-02
2.516716241538873362e+02 1.903519752189376391e+02 6.501969482580595427e-02
2.515924241844812457e+02 1.916394890818004626e+02 6.381888408734559537e-02
2.516007266052239117e+02 1.925541359134192589e+02 5.962751921679605022e-02
2.515854220046655598e+02 1.930684423878542191e+02 3.455963899193086053e-02
2.516786760487972856e+02 1.937212245210141930e+02 5.324869019847795065e-02
2.516521970247428328e+02 1.945670082985965053e+02 6.300432138896325251e-02
2.516384833072010281e+02 1.950966767371601236e+02 4.581819572450189504e-02
2.516568014073195911e+02 1.958301464683162010e+02 3.397070633676239904e-02
2.517209109334964978e+02 1.962627480974415732e+02 4.507246931048988769e-02
2.517199854678955262e+02 1.971232016520708328e+02 3.288462273891926829e-02
2.517536999502848971e+02 1.978098129947607902e+02 5.046464491949979175e-02
2.516890588550231485e+02 1.987139890626792749e+02 2.977169299017170742e-02
2.517004589085624673e+02 1.993585567325710315e+02 4.110673448315423084e-02
2.516653982943898313e+02 1.995456308080615031e+02 3.371065815136334298e-02
2.513225324104172103e+02 1.970634249875712385e+02 8.669547592642165915e-03
2.512997055336724088e+02 1.935368771272324011e+02 1.775211289150636570e-02
2.512845997934911395e+02 1.882210103636850249e+02 3.252514436498527700e-02
2.511736318788481412e+02 1.879926268690963411e+02 3.014264407816742361e-02
2.511690542659375183e+02 1.878838578913151593e+02 2.646755134039542601e-02
2.511412444070518859e+02 1.877491720524685377e+02 3.124402462809285422e-02
2.514192779838617184e+02 1.912059275689318838e+02 4.624651038280622878e-02
2.515256682855940937e+02 1.915830853952350026e+02 5.532907568167042683e-02
2.515682894183333929e+02 1.928633102604306089e+02 5.335194462503346086e-02
2.515579830968679573e+02 1.931872346934873121e+02 5.483192473899575758e-02
2.515449156755516356e+02 1.932962254770737047e+02 5.384527132968756208e-02
2.515383265134422004e+02 1.934348846992236872e+02 4.997131821484569053e-02
2.515801330834831049e+02 1.938179280278404519e+02 5.657195303835711037e-02
2.516221882289953840e+02 1.943825882442923216e+02 6.196412864736701442e-02
2.516298978928448378e+02 1.949346705418945191e+02 6.475199816436574829e-02
2.516029102451336712e+02 1.954348043902252527e+02 4.237255726796435723e-02
2.517137175417798005e+02 1.959196833530918980e+02 5.295804810891430181e-02
2.517330146468316059e+02 1.963349114688898283e+02 6.064476653026884545e-02
2.517301158744120357e+02 1.966561971777123290e+02 4.785269035144747163e-02
2.517241271176717987e+02 1.971362881945772187e+02 3.501472331637921209e-02
2.517590347623236084e+02 1.974644460591227073e+02 4.050632911392405139e-02
2.517655359669585948e+02 1.980221423381391332e+02 5.434242227236223133e-02
2.517278863436460199e+02 1.986277677922673774e+02 6.617079046999885250e-02
2.516029714329419846e+02 1.996791846724539994e+02 2.925924509541473831e-02
2.516645340165972016e+02 2.007015373436842651e+02 4.495774216987265259e-02
2.516295919538032138e+02 2.017883704921794390e+02 4.609354086198325096e-02
2.516320471146124191e+02 2.027912501434089165e+02 2.223411985161956317e-02
2.515703353856744116e+02 2.027086160082603499e+02 1.699491376343263693e-02
2.513627289762514749e+02 2.006246433898045893e+02 1.037515774981834921e-02
2.514321235993728294e+02 1.933948372786722132e+02 3.182913304524073728e-02
2.512503002026846275e+02 1.905503460935408668e+02 3.397453057478297400e-02
2.512391869669968401e+02 1.881236184940150622e+02 2.758805308042372451e-02
2.511279245860262392e+02 1.869979731538491023e+02 2.508700141496806799e-02
2.510858273738957394e+02 1.865122719798080198e+02 2.234119851619564834e-02
2.513755248766683223e+02 1.893079888332249823e+02 4.445676698917740838e-02
2.515414585643810597e+02 1.905115721442502661e+02 6.367738728058434938e-02
2.515757275612834007e+02 1.910515966193735835e+02 5.932540441317067648e-02
2.513906344410876272e+02 1.944674557344449113e+02 2.068147921526635943e-02
2.512964893494971079e+02 1.942580328119622095e+02 2.049409155225821386e-02
2.512986156258365611e+02 1.941318023633791086e+02 1.857049982790929046e-02
2.513225668285594168e+02 1.941796244598263854e+02 1.795479750659681115e-02
2.514053730544189023e+02 1.944021912883857794e+02 2.665493900340357158e-02
2.515259053883513616e+02 1.948384641860109241e+02 3.482351141535049155e-02
2.516165513021530558e+02 1.958017247313472922e+02 2.720945351638685838e-02
2.517164327507744019e+02 1.965637921144212044e+02 4.420436727981949532e-02
2.517428773566866766e+02 1.971328578530727782e+02 4.692722475046846864e-02
2.517480706719186117e+02 1.978515583769933812e+02 2.689586599869975975e-02
2.517549160579754357e+02 1.982632911392404935e+02 3.768021721671956786e-02
2.517337144823893880e+02 1.987407702015373445e+02 3.044858311981337579e-02
2.517198592680408353e+02 1.990603044093464291e+02 2.356113044475888207e-02
2.517473096485525161e+02 1.992748747562048379e+02 3.090749168228230578e-02
2.517429959080653248e+02 1.996048338368580062e+02 2.729741099086007219e-02
2.517675054495391862e+02 2.001180236337909548e+02 2.537381926651114880e-02
2.518001988603770656e+02 2.004627710428697185e+02 4.286970821063903342e-02
2.516837584611266152e+02 2.001720524685456439e+02 3.002409269952961701e-02
2.514197789590424179e+02 1.967665073234158228e+02 2.349229416038854310e-02
2.513145741710964103e+02 1.903025239970935729e+02 4.246433898045814254e-02
2.511136945963516780e+02 1.890520861218402331e+02 2.925924509541473831e-02
2.510126046885158075e+02 1.882281005009751880e+02 3.711422998967455616e-02
2.510595472102183692e+02 1.880324677807946898e+02 3.024972274274350878e-02
2.512978584267084727e+02 1.913784389460400064e+02 1.325480897931087185e-02
2.514220735018547543e+02 1.942932119775134936e+02 1.432177138705112950e-02
2.514765956633140718e+02 1.945452980993537153e+02 2.272744655627366092e-02
2.514749321197751328e+02 1.945941412673524837e+02 2.417683276607136139e-02
2.512365864851428228e+02 1.939640751080347343e+02 1.559906688592297905e-02
2.510899957933381756e+02 1.927835710734636052e+02 2.203525947454969616e-02
2.510479712417300959e+02 1.918223832651344196e+02 2.013843741634479406e-02
2.510547707369306636e+02 1.915492141190867699e+02 2.351523958851198942e-02
2.510275268652721081e+02 1.914583425752418862e+02 2.379823320203449527e-02
2.513697732226853816e+02 1.922287812153428490e+02 4.015832345405177806e-02
2.515302764924088876e+02 1.929074916822823127e+02 5.187196451107117107e-02
2.515879880683773706e+02 1.939205667520746488e+02 4.630387395311483939e-02
2.516290948028605214e+02 1.948414585643810426e+02 5.490076102336609309e-02
2.515719033232628306e+02 1.968849975142452990e+02 4.987953650235190522e-02
2.515803740104784083e+02 1.982148839343760756e+02 5.808635129450456791e-02
2.515931737351332629e+02 1.987439366706183819e+02 5.648399556388389309e-02
2.516425408237408590e+02 1.992548357489770297e+02 4.937473708363608604e-02
2.516801292592450920e+02 1.995440246280928420e+02 4.712990936555891408e-02
2.516342575241883139e+02 1.997224826953229524e+02 3.561895292362996651e-02
2.516868560939232964e+02 1.998750544953917938e+02 4.366897395693908335e-02
2.516847221691078005e+02 2.003417109640903959e+02 3.443726337527247550e-02
2.516532984052927588e+02 2.001830815709969897e+02 3.486940227159738420e-02
2.513602241003480060e+02 1.967948219817201334e+02 2.914069371677693171e-02
2.513026004818540002e+02 1.915559983173352805e+02 3.045240735783395075e-02
2.511561627595701509e+02 1.891087842747332672e+02 4.235726031588205737e-02
2.510794447206394011e+02 1.879533787142911763e+02 3.664767295116447970e-02
2.509939615281654994e+02 1.872081265057937287e+02 2.873150024857547280e-02
2.509881754560403806e+02 1.868835213583693360e+02 3.359975524876668285e-02
2.513652453248690222e+02 1.880773796321082898e+02 4.655244942445217748e-02
2.514044475888179306e+02 1.916897586905809021e+02 3.368006424719874325e-02
2.514565337106581637e+02 1.919948602241003357e+02 4.243374507629354975e-02
2.514565681288003418e+02 1.923505793720601105e+02 4.506864507246931273e-02
2.515052009637079777e+02 1.931749282955371143e+02 2.873532448659604430e-02
2.515705227733374159e+02 1.936258900913992989e+02 3.893456728746796935e-02
2.516538720409958216e+02 1.944798577383456291e+02 5.841141152625339145e-02
2.516827871046693872e+02 1.956090252017285422e+02 6.231595854525985578e-02
2.516488584649508482e+02 1.971312019580098536e+02 5.075911124708401556e-02
2.514692225324104129e+02 2.002206279398829736e+02 2.991318979693296035e-02
2.515609660025239975e+02 2.018816245363111364e+02 3.052124364220428973e-02
2.516081570996978769e+02 2.025062908715438539e+02 3.202416918429003279e-02
2.516019618341045430e+02 2.032293280813797764e+02 1.607709663849478041e-02
2.516657348273356547e+02 2.036520172855558428e+02 1.598149068798042013e-02
2.514669432865501619e+02 2.030894412788252055e+02 1.001185513786378121e-02
2.514108723086924897e+02 2.030027419786607652e+02 1.081494512218440437e-02
2.513465715706145431e+02 2.028939500554514552e+02 7.648476041148800919e-03
2.514568396496997877e+02 2.031468469157520360e+02 1.022601246701594635e-02
2.512183716394508508e+02 2.025129335729855882e+02 9.464989100921640877e-03
2.512079697120348669e+02 2.024613101839458409e+02 1.118589621018012230e-02
2.511765268270297042e+02 2.019727140617231953e+02 7.327240047420551482e-03
2.512613943171822939e+02 1.971527591877318457e+02 2.541588588473746649e-02
2.513581398906268021e+02 1.935646181498336489e+02 3.181001185513786245e-02
2.511553864392519699e+02 1.925240888752915964e+02 1.939271100233278672e-02
2.511295728326130927e+02 1.923564763470878347e+02 2.085356992619220515e-02
2.512567249225591866e+02 1.925536234655244812e+02 2.074266702359554848e-02
2.514255267887873231e+02 1.931895865998699833e+02 3.635703086160082392e-02
2.515331714405904506e+02 1.936223870893724381e+02 4.538223259015641137e-02
2.515610692569505602e+02 1.940237829362499440e+02 3.070098282917128885e-02
2.515949940724310636e+02 1.942785498489425891e+02 3.957321503690389847e-02
2.515989751042104956e+02 1.944915713794026431e+02 2.955753566101954055e-02
2.515662549237064525e+02 1.944652109067268384e+02 3.063214654480094987e-02
2.512939844735936390e+02 1.948365405942865891e+02 1.135798692110596975e-02
2.513696967379249543e+02 1.950248575471337347e+02 1.405407472561092178e-02
2.515056139814142000e+02 1.953215954721021888e+02 2.450189299782018493e-02
2.517150904432291725e+02 1.960030364449883393e+02 4.239167845806723206e-02
2.518227236223182501e+02 1.969884010860835986e+02 5.528700906344410915e-02
2.517979960992772135e+02 1.977433821561053833e+02 5.931775593712952654e-02
2.516589735745152723e+02 1.984098818310451691e+02 4.999808788098971529e-02
2.516308998432062367e+02 1.986913113312172641e+02 4.851428352900684360e-02
2.516113732838731778e+02 1.989391716700447432e+02 5.314161153390187242e-02
2.515941948066847544e+02 1.993234081609239468e+02 5.488928830930436820e-02
2.515717388810279544e+02 1.997308271826838393e+02 5.727943707216336805e-02
2.515673983708745993e+02 2.002040842862059833e+02 5.892385942101036056e-02
2.516308424796359304e+02 2.005749321197751271e+02 5.930245898504722668e-02
2.514688974721786678e+02 2.000469616428926543e+02 3.528241997781941808e-02
2.514153198975104146e+02 1.961708784274733262e+02 2.197789590424107861e-02
2.513100080308998372e+02 1.925526482848292460e+02 3.773758078702818541e-02
2.510926651114765491e+02 1.914969597307736535e+02 3.434165742475811522e-02
2.510524073578339426e+02 1.909607212512906926e+02 2.785574974186393396e-02
2.510735324486595914e+02 1.909561092202378632e+02 3.101457034685838748e-02
2.514258403763050183e+02 1.918614134383724092e+02 2.728593827679834730e-02
2.514913992886917242e+02 1.959107728785039626e+02 2.564916440399250472e-02
2.514882901831809932e+02 1.958906153198975062e+02 2.702589009139928777e-02
2.513872652873915001e+02 1.955271941565642919e+02 1.546139431718230109e-02
2.511550996214004385e+02 1.945024016214769347e+02 1.529312784427702861e-02
2.510912463191708923e+02 1.934443420398485500e+02 1.468889823702627245e-02
2.510842747332594058e+02 1.923558032811962164e+02 2.049026731423763889e-02
2.510902175991433580e+02 1.921410952617690953e+02 2.211939271100233154e-02
2.512381697196833557e+02 1.924935752801254409e+02 2.885387586523385089e-02
2.515651076523002700e+02 1.942402654021186379e+02 4.100730429461929560e-02
2.516390913610462974e+02 1.953442311369459503e+02 4.030364449883360595e-02
2.516095911889555907e+02 1.967953879689471819e+02 4.624651038280622878e-02
2.515891047458793821e+02 1.974267811388580753e+02 4.664423113694596279e-02
2.513723584075872850e+02 1.966101036368503685e+02 3.035297716929901551e-02
2.512188458449653865e+02 1.948928754445676645e+02 2.490343798998049737e-02
2.511601705610157182e+02 1.940279972465486367e+02 2.110596963555011821e-02
2.511329075681670417e+02 1.937128876821293488e+02 1.942712914451795447e-02
2.511214157329152101e+02 1.936137443114459415e+02 2.154193276989559841e-02
2.510835137098933103e+02 1.934583425752418862e+02 2.130100577459941025e-02
2.512458755592948023e+02 1.904418065700409102e+02 3.032238326513442273e-02
2.513107422845997974e+02 1.858904967685188865e+02 5.229645493135492984e-02
2.510973765727178773e+02 1.842688859994646009e+02 4.027687483268958812e-02
2.511022486519561028e+02 1.832041454740142967e+02 4.598646219740716579e-02
2.513434815862939331e+02 1.860691804657921864e+02 5.318750239014876507e-02
2.513754292707178024e+02 1.901413706069065768e+02 3.828062258594974732e-02
2.515032658992695644e+02 1.912947072545795208e+02 6.317258786186852326e-02
2.514875865233852039e+02 1.932722016138284573e+02 5.843435695437684124e-02
2.515774484683926744e+02 1.950992772190141125e+02 5.324869019847795065e-02
2.515926383418103853e+02 1.955864660216451796e+02 4.934796741749206128e-02
2.515627519216795918e+02 1.957762706030823381e+02 3.660560633293816202e-02
2.515147386133313034e+02 1.956665876324142346e+02 3.439902099506673278e-02
2.515736165818960615e+02 1.959408811044399386e+02 4.120616467168916608e-02
2.516084439175494367e+02 1.963955179930398742e+02 3.066656468698611762e-02
2.517042946192971158e+02 1.968956250717044725e+02 4.086963172587861765e-02
2.517143179471490271e+02 1.976455810929672339e+02 4.836896248422501571e-02
2.516580060422960798e+02 1.977084592145015165e+02 3.191709051971394762e-02
2.516773260927760134e+02 1.978087613293051277e+02 3.685418180427550011e-02
2.514078358637041504e+02 1.965704998279092877e+02 1.222991318979693362e-02
2.514347623236070319e+02 1.966946192971050493e+02 1.612681173276224803e-02
2.514278939921220797e+02 1.966794676660675236e+02 1.851696049562124788e-02
2.515451948449271526e+02 1.971141037898198647e+02 1.716318023633791115e-02
2.514043558071054463e+02 1.977387548281004968e+02 8.378905503078511868e-03
2.512353589047382343e+02 1.965837240429844428e+02 7.598760946881334168e-03
2.515096867949061163e+02 1.979850242839114287e+02 3.466289341848636379e-02
2.516153849095567807e+02 1.982354889288309323e+02 3.867451910206891330e-02
2.514856744043749188e+02 1.980098550613790280e+02 2.980228689433630368e-02
2.513217943324792429e+02 1.950788902061264309e+02 4.693487322650961857e-02
2.513708134154269658e+02 1.903448583119813406e+02 3.610080691422234284e-02
2.513306015526406441e+02 1.863752342345787554e+02 6.286664882022256762e-02
2.513371677693219510e+02 1.801313625760067225e+02 6.134077785001338518e-02
2.511520134613178357e+02 1.798072545795250221e+02 4.872079238211786401e-02
2.511671650923553614e+02 1.798825308807220154e+02 5.544380282228766194e-02
2.512950399632873086e+02 1.841901143447168181e+02 5.567325710352212520e-02
2.514477417874488481e+02 1.884617384986041486e+02 4.805155072851734210e-02
2.514652873914872373e+02 1.886565643045623233e+02 5.435007074840338126e-02
2.514609660025240032e+02 1.891283949673027678e+02 6.298137596083980272e-02
2.513324792535087511e+02 1.887992580978240085e+02 4.213545451068874403e-02
2.512123637615205212e+02 1.880811732762247175e+02 3.372595510344563591e-02
2.511642166048414992e+02 1.877697502772572591e+02 3.383685800604229604e-02
2.511587823626142608e+02 1.876118015985314855e+02 3.819648934949711194e-02
2.511699108952541337e+02 1.876785077823243739e+02 3.691919385062526066e-02
2.513377681746912060e+02 1.881700562162988888e+02 3.589429806111132243e-02
2.514193544686221173e+02 1.921753872040995930e+02 2.950399632873150144e-02
2.513565031167539985e+02 1.921312860912463236e+02 3.057860721251290728e-02
2.512819801904470580e+02 1.919636697388045548e+02 2.667406019350644295e-02
2.512434242227236325e+02 1.917980037477532562e+02 3.242953841447091673e-02
2.512078970515124752e+02 1.913460323530536584e+02 2.082680026004818385e-02
2.510763126697005703e+02 1.909949520058128485e+02 1.716700447435848265e-02
2.511987188802631010e+02 1.911402156870243516e+02 2.271597384221193949e-02
2.514255191403112804e+02 1.918081379785077729e+02 3.983708746032352949e-02
2.515590883016558905e+02 1.923954032658992617e+02 5.203640674595586685e-02
2.515121266587632363e+02 1.941310987035833193e+02 6.096600252399709402e-02
2.515599755248766769e+02 1.952926153963822742e+02 6.154346246510383062e-02
2.515937741405025179e+02 1.958819648934949669e+02 6.043443343913725008e-02
2.516101992428008600e+02 1.966309266128723721e+02 3.845653753489617493e-02
2.516596810585490971e+02 1.975318023633790858e+02 5.015488163983326114e-02
2.517007724960801625e+02 1.984484836896248510e+02 5.667138322689203866e-02
2.516527171211136249e+02 1.994949405330987702e+02 5.021606944816245366e-02
2.516020956824352766e+02 1.998122719798080311e+02 4.239932693410838199e-02
2.513507323415809367e+02 1.982812727064132332e+02 1.902175991433706706e-02
2.513228154040307345e+02 1.933381888408734426e+02 3.031091055107269783e-02
2.510952158782362744e+02 1.924438448889058861e+02 2.238708937244254099e-02
2.511064017744464536e+02 1.922996137519599245e+02 1.991280737313090229e-02
2.512494244521778910e+02 1.925699491376343246e+02 2.199701709434395344e-02
2.512395234999426350e+02 1.925128264943210183e+02 2.476194118321924445e-02
2.512541397376572831e+02 1.925044590615320033e+02 2.711002332785192662e-02
2.513781138858082613e+02 1.928616467168916699e+02 2.703353856744043771e-02
2.514355348196871773e+02 1.930502619603043968e+02 4.190982446747485574e-02
2.515035259474549605e+02 1.932423343148877564e+02 5.419327698955982847e-02
2.515658227848101376e+02 1.935947493211977530e+02 5.332899919691001800e-02
2.515666794141267246e+02 1.938904049868063737e+02 4.114880110138054853e-02
2.515813912577918927e+02 1.939994837278672151e+02 4.584114115262533790e-02
2.515437263375272607e+02 1.941197445409002285e+02 4.766147845041875108e-02
2.515708631305212464e+02 1.944170369803816527e+02 3.871276148227465602e-02
2.516457072928218963e+02 1.948349382385559636e+02 4.747026654939003748e-02
2.516921564878198012e+02 1.954694022715973745e+02 6.365444185246089959e-02
2.516353053654059408e+02 1.961795632720180436e+02 3.881984014685074119e-02
2.516505908447741717e+02 1.966901411143829534e+02 4.628475276301197150e-02
2.516800068836284368e+02 1.973546177674098487e+02 3.221155684729817836e-02
2.517744540900225729e+02 1.977610616084745061e+02 4.584114115262533790e-02
2.517388045431947603e+02 1.981190752992466173e+02 3.443726337527247550e-02
2.513473937817889805e+02 1.989790890665034908e+02 6.497380396955906162e-03
2.513625913036827342e+02 1.990024551608092054e+02 6.742131630272668423e-03
2.514030555661784376e+02 1.990298825958927580e+02 9.407625530613025061e-03
2.514711881907529971e+02 1.991633867451910191e+02 1.247084018509312005e-02
2.515428544112585598e+02 1.992911430647443467e+02 1.574821216872538190e-02
2.516395426211327333e+02 1.996192397414815218e+02 2.386706948640483425e-02
2.517027228574706612e+02 1.999079658877968484e+02 2.713679299399594791e-02
2.516271100233278446e+02 1.997688248116562875e+02 2.469310489884890547e-02
2.514724004742055286e+02 1.966895292362996770e+02 2.412711767180389377e-02
2.513646908103560236e+02 1.932604229607250659e+02 4.635358904738230701e-02
2.513408811044399442e+02 1.882346399479903596e+02 6.214004359631343510e-02
2.513061570232131317e+02 1.880468163218478708e+02 6.083215419327699103e-02
2.512147883284255556e+02 1.878010707866457665e+02 4.861371371754177884e-02
2.514428888294007436e+02 1.903596083980266940e+02 5.105740181268882127e-02
2.514827029714329285e+02 1.910277945619335469e+02 6.010937320738842654e-02
2.514757313855214420e+02 1.911462809285249875e+02 5.508050021033308874e-02
2.514568893647940513e+02 1.911627633943936644e+02 5.134804390225247706e-02
2.513763853302229450e+02 1.910099200734253770e+02 4.756204826188382279e-02
2.513711002332785256e+02 1.909767906994531472e+02 4.261348426326054539e-02
2.514272821140387748e+02 1.911291330452407351e+02 4.236873302994378226e-02
2.514932119775134822e+02 1.914602623427282140e+02 5.005162721327775094e-02
2.515886075949367182e+02 1.921622088798806942e+02 6.334467857279436898e-02
2.516420092546560170e+02 1.928614325595625019e+02 6.757046158552908188e-02
2.516246548625186392e+02 1.935452407357834090e+02 7.005621629890244895e-02
2.516546445370759955e+02 1.942236184940150565e+02 7.212512906803320023e-02
2.516199395770392755e+02 1.947979004933266935e+02 6.618991166010172733e-02
2.516219434777620449e+02 1.954498642395502657e+02 6.724157711575969032e-02
2.515890626792611613e+02 1.976978737236605639e+02 3.405483957321503441e-02
2.515841753030708503e+02 1.989917167004474265e+02 5.161574056369268304e-02
2.516391907912348529e+02 2.000658648514283584e+02 4.698076408275651122e-02
2.516046349764809236e+02 2.015970859306283103e+02 4.998661516692799039e-02
2.515918429003021117e+02 2.029665532142720679e+02 1.791655512639106496e-02
2.516396076331790823e+02 2.034913075069792399e+02 2.945810547248460878e-02
2.517033844506482012e+02 2.043313587517687040e+02 1.733144670924318190e-02
2.514370377452292757e+02 2.032886496615549277e+02 1.027190332326284074e-02
2.512582393208153348e+02 2.028986806378829044e+02 1.050135760449730400e-02
2.512920188152510548e+02 2.004477876783051045e+02 1.367547516157405565e-02
2.513408352135836878e+02 1.933208612184022286e+02 2.977169299017170742e-02
2.512168916593368806e+02 1.909404107231634100e+02 4.190217599143370580e-02
2.510974339362881835e+02 1.901021645187196327e+02 3.405483957321503441e-02
2.510995028490573304e+02 1.896339248154805261e+02 3.207006004053692544e-02
2.510496845003632984e+02 1.893534399020994954e+02 3.116371562966079034e-02
2.513802860530039425e+02 1.921798845080117815e+02 3.968029370147997670e-02
2.514281119736892549e+02 1.924996749397682549e+02 4.658304332861677027e-02
2.515239091361046349e+02 1.936262113273930083e+02 2.853263987150560232e-02
2.515826532563386877e+02 1.940516922253241034e+02 3.991739645875558989e-02
2.515456996443458593e+02 1.940822746567746435e+02 4.432674289647787341e-02
2.514765688936479364e+02 1.939802592833378014e+02 3.221538108531875333e-02
2.514240888752916021e+02 1.938960572106007874e+02 3.258250793529389455e-02
2.514719912807373134e+02 1.939791923209300535e+02 3.574515277830891957e-02
2.515221193927110050e+02 1.942943439519675621e+02 2.958048108914298688e-02
2.516035221232169476e+02 1.946139011052047749e+02 4.461356074802095423e-02
2.516662740448965678e+02 1.952750353742016785e+02 5.420857394164212834e-02
2.516820528509694554e+02 1.959407816742514115e+02 6.231978278328043075e-02
2.516226088951776489e+02 1.967083062449806903e+02 3.880454319476844133e-02
2.516342231060461074e+02 1.973754598646219733e+02 5.224291559906688726e-02
2.516819840146850709e+02 1.978521855520287716e+02 5.731385521434854274e-02
2.516721327775440784e+02 1.982854870167119259e+02 4.184098818310451329e-02
2.517039504378752497e+02 1.985698038165895412e+02 4.900378599564036985e-02
2.516734942062794005e+02 1.991214233813912529e+02 3.268576236184940476e-02
2.513228842403151191e+02 2.004534628475276179e+02 4.512600864277792855e-03
2.514029905541320886e+02 2.007174232284217510e+02 6.573865157367394206e-03
2.515059275689318952e+02 2.009120157558606365e+02 1.255114918352518219e-02
2.515571188190752991e+02 2.009780526979999138e+02 1.549198822134689735e-02
2.516416536005201010e+02 2.011287009063444202e+02 2.084209721213048372e-02
2.517155264063635229e+02 2.013612872385177184e+02 2.615396382270832390e-02
2.517461853225744903e+02 2.015593407013652438e+02 2.942751156832001252e-02
2.513725381467742466e+02 1.998641745382232671e+02 2.025316455696202569e-02
2.511528586179203728e+02 1.985350338445064722e+02 1.910206891276913094e-02
2.514078129182760222e+02 1.936912004283146587e+02 3.820413782553826187e-02
2.513392558032811905e+02 1.900289035909594872e+02 4.834984129412214782e-02
2.511469692913686913e+02 1.890020956824352822e+02 3.745076293548510460e-02
2.510708669547592535e+02 1.883754598646219733e+02 3.233010822593598149e-02
2.511010325442655642e+02 1.881481242112509165e+02 3.305288921182454598e-02
2.513813262457455266e+02 1.913626945581092968e+02 4.716050326972350687e-02
2.514207694366897385e+02 1.918167425140540843e+02 6.212092240621056027e-02
2.514559868446212079e+02 1.922199931163715689e+02 6.345175723737045415e-02
2.514506137902023113e+02 1.924415465218555141e+02 5.464453707598761201e-02
2.514074572641401062e+02 1.924745726414012097e+02 5.293892691881142698e-02
2.513267084783356893e+02 1.922490267314237542e+02 4.368427090902137627e-02
2.512759493670886002e+02 1.921249493288462133e+02 4.390607671421468960e-02
2.513369497877547758e+02 1.922823396688209812e+02 3.692301808864583562e-02
2.514509579716241490e+02 1.925802554590997602e+02 5.636544418524608996e-02
2.515313319821025573e+02 1.931052965696584920e+02 6.515354315652606421e-02
2.516424413935523319e+02 1.941809782400856648e+02 6.408658074878580135e-02
2.516300929289839132e+02 1.950493862097976887e+02 6.786492791311331263e-02
2.516261539638227021e+02 1.957892041760679263e+02 6.839649699797314963e-02
2.516451910206891398e+02 1.964424184481242150e+02 6.724540135378026529e-02
2.516086160082603556e+02 1.970272209262304557e+02 6.791464300738077331e-02
2.516182186699300303e+02 1.975462732800489505e+02 6.670235955485868951e-02
2.516117174652950439e+02 1.981530268843932845e+02 4.007801445561971765e-02
2.516824046808673359e+02 1.987068798041990192e+02 6.121075375731385715e-02
2.517344143179471416e+02 1.992562736624727506e+02 6.270985506137902177e-02
2.516377834716432744e+02 1.999665417415579896e+02 3.716012084592144882e-02
2.516864430762170741e+02 2.007035450686450702e+02 5.173046770430991814e-02
2.516990898313511025e+02 2.015868331484951739e+02 5.960074955065203239e-02
2.516841179395005668e+02 2.019842479635932477e+02 6.279781253585223211e-02
2.516812688821752317e+02 2.023392711002332760e+02 3.670886075949367222e-02
2.514986309227886352e+02 1.980696929136869358e+02 1.620712073119430843e-02
2.513706298520019971e+02 1.944339248154805091e+02 2.497227427435083635e-02
2.511605223909135987e+02 1.929444032276568919e+02 2.058587326475199916e-02
2.510832077708516579e+02 1.922048567822861287e+02 2.362614249110864609e-02
2.511957092049409255e+02 1.922472790546483736e+02 2.025316455696202569e-02
2.512573253279284131e+02 1.923691995869822904e+02 2.872002753451374790e-02
2.514439557918084915e+02 1.959004856782286197e+02 3.394776090863895618e-02
2.515050632911392370e+02 1.960506443841064765e+02 3.285785307277525047e-02
2.515215036903896930e+02 1.962969444338215510e+02 2.637194538988106574e-02
2.515342957665685049e+02 1.963780909403801331e+02 2.459367471031397023e-02
2.514759455428505817e+02 1.962292401239052992e+02 2.085356992619220515e-02
2.513677731462006193e+02 1.959877356686680230e+02 1.969482580595816393e-02
2.513856935255650171e+02 1.959567249225591752e+02 1.997781941948066978e-02
2.514843626907338603e+02 1.962046349764809463e+02 1.863168763623847951e-02
2.516259398064935624e+02 1.970420474970362079e+02 3.407013652529733427e-02
2.516405254503040396e+02 1.984039848560174448e+02 4.713373360357948905e-02
2.516271100233278446e+02 1.991150292554208647e+02 4.889670733106428469e-02
2.516080270756051789e+02 1.997712073119431011e+02 2.792841026425484791e-02
2.516307086313052253e+02 2.002608627480974519e+02 2.344640330414165044e-02
2.516908562468927926e+02 2.008779609162874351e+02 2.210409575892003514e-02
2.517763547363187797e+02 2.012876668323836498e+02 3.550422578301273141e-02
2.517646793376419794e+02 2.018127614822746523e+02 2.949252361466977654e-02
2.513246892806608344e+02 2.029894412788251827e+02 3.923668209109334830e-03
2.513752533557688764e+02 2.031791923209300421e+02 4.982982140808444281e-03
2.510826417836246094e+02 2.021729320432903876e+02 6.940992007342537164e-03
2.511456269838234618e+02 2.022078932272744680e+02 9.346437722283834279e-03
2.510385636161994682e+02 2.019148265708057579e+02 9.545298099353703020e-03
2.513850242839114344e+02 1.982596466404068849e+02 2.776779226739072362e-02
2.513050097518069492e+02 1.902139278748709330e+02 4.151592795135568975e-02
2.514008910474587992e+02 1.865696393743546651e+02 6.503881601590882910e-02
2.512302420742666982e+02 1.857457952502963678e+02 4.171478832842556023e-02
2.511161421086848407e+02 1.850986576924547649e+02 3.698803013499560310e-02
2.514172511377108208e+02 1.880065623924432998e+02 4.186393361122796308e-02
2.514935676316493982e+02 1.917901755325251543e+02 4.397873723660560702e-02
2.515726605223909189e+02 1.928082871237905920e+02 5.192167960533863869e-02
2.515871735056790044e+02 1.936043290374392996e+02 5.568472981758384316e-02
2.515969903246778188e+02 1.939635664843779921e+02 5.268270297143293895e-02
2.515536196412864740e+02 1.939847106963937335e+02 4.910704042219588006e-02
2.515304332861677210e+02 1.939777046923400405e+02 4.599028643542774075e-02
2.515599831733527196e+02 1.941755401736204192e+02 4.735936364679337734e-02
2.516138934567287606e+02 1.947917778882557513e+02 4.692340051244789367e-02
2.515959463076981990e+02 1.957498642395502770e+02 5.618952923629966928e-02
2.516816589544533258e+02 1.967679528853875865e+02 5.572297219778959282e-02
2.516747332593980673e+02 1.978114918352518146e+02 5.387968947187272983e-02
2.516597843129756313e+02 1.986228307009828313e+02 5.478603388274886493e-02
2.516104134001300281e+02 1.993820566752074512e+02 5.960839802669318233e-02
2.516412864736701351e+02 2.000279016405981167e+02 5.296569658495544480e-02
2.516317335270947240e+02 2.006838425943630853e+02 3.167616352441775945e-02
2.516994072431068048e+02 2.010496080156028995e+02 2.615396382270832390e-02
2.517597843129756257e+02 2.012674863283490652e+02 3.805499254273585902e-02
2.517251214195571549e+02 2.012817354392137474e+02 3.406248804925618434e-02
2.517293701479979973e+02 2.015105166545565680e+02 2.656315729090978628e-02
2.517746376534475417e+02 2.016886458373169262e+02 3.802439863857126623e-02
2.517243680446671021e+02 2.021800718956747858e+02 2.918276033500324940e-02
2.514439404948564061e+02 2.007614287353245004e+02 2.248651956097747623e-02
2.511589353321350586e+02 1.989734865578033691e+02 2.153046005583387351e-02
2.515002944663275741e+02 1.933891353397835360e+02 3.764579907453440011e-02
2.514564954682779501e+02 1.878164289265363891e+02 4.377222838349458661e-02
2.511315078970515060e+02 1.862855176106160968e+02 3.964205132127423398e-02
2.510792420360243113e+02 1.855723086924930101e+02 3.950055451451298105e-02
2.511655856820528641e+02 1.855856246892806496e+02 4.050632911392405139e-02
2.514269952961872434e+02 1.895914604765000604e+02 5.376113809323491977e-02
2.515208612184022456e+02 1.932396076331790766e+02 3.705686641936593861e-02
2.515388619067650779e+02 1.937981911354162605e+02 4.164212780603464975e-02
2.515282993613522535e+02 1.946697655742093502e+02 2.868560939232858015e-02
2.515797315384909609e+02 1.948910283376037285e+02 4.034188687903934867e-02
2.516026387242341968e+02 1.950190370568664093e+02 4.255229645493135288e-02
2.516297181536578762e+02 1.953128035488928731e+02 3.383685800604229604e-02
2.517080576695093441e+02 1.956958392290336235e+02 4.597116524532486592e-02
2.517256491644039897e+02 1.963007724960801568e+02 5.755478220964473091e-02
2.516211518604918069e+02 1.973580098665341040e+02 3.589812229913189739e-02
2.517131936211709728e+02 1.983125014340892562e+02 4.737466059887567721e-02
2.516779723890014964e+02 1.993301388198401582e+02 5.352021109793873854e-02
2.516621209224062170e+02 2.002125587976595682e+02 5.426976174997132085e-02
2.516219434777620449e+02 2.011836093158438246e+02 3.206623580251635047e-02
2.517042640253929449e+02 2.016598760946881441e+02 4.000152969520823221e-02
2.517231328157864425e+02 2.023789322727446631e+02 2.883093043711040457e-02
2.514399709357910524e+02 2.016806149374737060e+02 2.126276339439366753e-02
2.514795556235420122e+02 2.018278175073616580e+02 2.595510344563845689e-02
2.515551416880186650e+02 2.020046732188611429e+02 2.185169604956212555e-02
2.515998240850510399e+02 2.021183945848789563e+02 2.098741825691231161e-02
2.516588588473746597e+02 2.024447665302688506e+02 1.927798386171555162e-02
2.513361390492944167e+02 2.010937626677884396e+02 4.091934682014608179e-03
2.515033882748862197e+02 2.015911889556005860e+02 3.831886496615549524e-03
2.516190561780565247e+02 2.017956671383226990e+02 1.333894221576350896e-02
2.513228421736968983e+02 1.997707598760947008e+02 1.461623771463535851e-02
2.513718383112164929e+02 1.946035412444070403e+02 4.496921488393437749e-02
2.513850128111973561e+02 1.878649049676851917e+02 5.611686871390875186e-02
2.512396458755592903e+02 1.873561857049982677e+02 4.462503346208267913e-02
2.511908447741787427e+02 1.870774522926306815e+02 4.538605682817698633e-02
2.514073540097135719e+02 1.902905158897089848e+02 3.773758078702818541e-02
2.515234081609239354e+02 1.908222494168037144e+02 4.650273433018470987e-02
2.514480056598722797e+02 1.954543194768442333e+02 3.641057019388886651e-02
2.515285785307277422e+02 1.959826953229569142e+02 4.235726031588205737e-02
2.515284446823970370e+02 1.963250066924165367e+02 4.610118933802440089e-02
2.514802631075758086e+02 1.962771042869708253e+02 4.131706757428582621e-02
2.514204749703621644e+02 1.961369995028490507e+02 3.377567019771310353e-02
2.514240429844353457e+02 1.961019503613904931e+02 3.841447091666985031e-02
2.514708822517113447e+02 1.961887567402195032e+02 3.122872767601055435e-02
2.515420704424643361e+02 1.964217599143370592e+02 4.135148571647099397e-02
2.516133312937397193e+02 1.968115759684882846e+02 4.979922750391984482e-02
2.516152013461317836e+02 1.973415044552372990e+02 3.494588703200886964e-02
2.516562660139967136e+02 1.976266090481471451e+02 4.355424681632184825e-02
2.517355807105434167e+02 1.978890091399288735e+02 5.232322459749894766e-02
2.517274656774637549e+02 1.982511453592871646e+02 3.893839152548854432e-02
2.517504455237294110e+02 1.983469195762744164e+02 4.595204405522199803e-02
2.517327928410264235e+02 1.984823320203449555e+02 4.107231634096906309e-02
2.517475505755478196e+02 1.985671803893074241e+02 4.367279819495965137e-02
2.517544800948411137e+02 1.987799571685341675e+02 3.639527324180656664e-02
2.517952311751883485e+02 1.989238288271062061e+02 4.098818310451642771e-02
2.518070404221958825e+02 1.992378025928333898e+02 3.875865233852154867e-02
2.517473440666947226e+02 1.990655895062908769e+02 3.836858006042295766e-02
2.514685265210906664e+02 1.954535584534781378e+02 3.990209950667329697e-02
2.513489846648055277e+02 1.898402080385483259e+02 4.743967264522543775e-02
2.514200696011319849e+02 1.860141114382959131e+02 5.618188076025851935e-02
2.512354277410225905e+02 1.853381658954453428e+02 3.792496845003633099e-02
2.512867222455925571e+02 1.852122605070939585e+02 4.229607250755287179e-02
2.513189223297258081e+02 1.892041760679184677e+02 5.491223373742781799e-02
2.515079735362728854e+02 1.903519943401277317e+02 6.828559409537648950e-02
2.515304600558338848e+02 1.948796627022065877e+02 3.566866801789743413e-02
2.515513824620444439e+02 1.949522620367891648e+02 3.710275727561283127e-02
2.514716815174576539e+02 1.950311292974874675e+02 2.271979808023251446e-02
2.513208726911163069e+02 1.947240888752915851e+02 2.024551608092087576e-02
2.512169337259551014e+02 1.943583043328616782e+02 2.016520708248881535e-02
2.511673563042563728e+02 1.941579410302497308e+02 2.042907950590844637e-02
2.512103598607977233e+02 1.941549122337374342e+02 1.696814409728861564e-02
2.512838502428391223e+02 1.943199969406095704e+02 2.143867834334008821e-02
2.514038854258289177e+02 1.946755363493823836e+02 2.488049256185705105e-02
2.514809361734674269e+02 1.949648284829247871e+02 3.145818195724502109e-02
2.515410761405789799e+02 1.952905273624230347e+02 2.836437339860032811e-02
2.516217981567172615e+02 1.956315729090978550e+02 3.942024551608092064e-02
2.516243145053348087e+02 1.959943248307774581e+02 2.979846265631572871e-02
2.517148571647099402e+02 1.963384756587250024e+02 4.376840414547401165e-02
2.517416880186622734e+02 1.966878503958086242e+02 4.734406669471107748e-02
2.517068071436766274e+02 1.969886993766492083e+02 3.378714291177482842e-02
2.516753948525756357e+02 1.970075911124708341e+02 3.621170981681899603e-02
2.516862671612681197e+02 1.972842250181651309e+02 3.099544915675551612e-02
2.516539561742322917e+02 1.972950629087154368e+02 3.188267237752877986e-02
2.516310681096791484e+02 1.973267887873341238e+02 2.525909212589391717e-02
2.514440246280928477e+02 1.933572450189299730e+02 3.333970706336762679e-02
2.513264025392940368e+02 1.892812841791273115e+02 3.317144059046234911e-02
2.512209682970668041e+02 1.817104172243680580e+02 4.464033041416497899e-02
2.512728249646258121e+02 1.749380779379708599e+02 4.252170255076676009e-02
2.511076446518031275e+02 1.729227236223182445e+02 4.939003403571838591e-02
2.509632796665264323e+02 1.724421469272247407e+02 5.108799571685341406e-02
2.513896018968220574e+02 1.758316035030020146e+02 7.698191135416268538e-02
2.515663467054189368e+02 1.797737427817507410e+02 9.644728287888637563e-02
2.515953535508050152e+02 1.807234158093999667e+02 1.103254426555508871e-01
2.515577192244445257e+02 1.822377834716432687e+02 8.915063673563042301e-02
2.515575892003518277e+02 1.874654365367700564e+02 6.861830280316646991e-02
2.515002485754713462e+02 1.874084859841676405e+02 6.824735171517075372e-02
2.512746261807334918e+02 1.867550346093540838e+02 5.648399556388389309e-02
2.510974721786683972e+02 1.861600099430188493e+02 4.654097671039045259e-02
2.510582240238632323e+02 1.860075796397567842e+02 4.332479253508738498e-02
2.512323109870358451e+02 1.864033806264101827e+02 4.582201996252247000e-02
2.513637347508508810e+02 1.867480056598722626e+02 5.619717771234081921e-02
2.515168725381467709e+02 1.873984014685073873e+02 7.507361658189605491e-02
2.516270220658533674e+02 1.884832460132318772e+02 8.532639871505602602e-02
2.516235305365405850e+02 1.893685073999005795e+02 8.129182760335003366e-02
2.516135913419251153e+02 1.900949481815748072e+02 8.044667100080309108e-02
2.515470266549390033e+02 1.910574209338789160e+02 6.478259206853034802e-02
2.516012811197368819e+02 1.920568052315576040e+02 7.355921832574859043e-02
2.515983173352709343e+02 1.926307354009713606e+02 7.082106390301731724e-02
2.516040957589200389e+02 1.931617117289380019e+02 6.717274083138934093e-02
2.512940494856399880e+02 1.915567249225591695e+02 3.938965161191632786e-02
2.513196948258059535e+02 1.916667406019350608e+02 4.412405828138743491e-02
2.514559333052889087e+02 1.922275727561283531e+02 4.606294695781865123e-02
2.515277869134575042e+02 1.924664193659413343e+02 5.407472561092202534e-02
2.516194806684767968e+02 1.928959348349841321e+02 5.820490267314237798e-02
2.513691383991739769e+02 1.920388925006692489e+02 3.239894451030632394e-02
2.512568014073195855e+02 1.823277830892194800e+02 5.248001835634250045e-02
2.513591494894642153e+02 1.763162262419212993e+02 7.564725228498221654e-02
2.514269647022830725e+02 1.717272744655627434e+02 8.450036330261195827e-02
2.513150560250869887e+02 1.717071054342422372e+02 7.257256491644040186e-02
2.513379555623542103e+02 1.722301885349344275e+02 6.019350644384106191e-02
2.513683123637615324e+02 1.774575471337336126e+02 7.228957130291789601e-02
2.513499177788825705e+02 1.813709625607097848e+02 4.844544724463650809e-02
2.513332632223029464e+02 1.814359975524876631e+02 5.428505870205361378e-02
2.514253049829821407e+02 1.820517763585605451e+02 4.805537496653791707e-02
2.513030555661784433e+02 1.817878083291903977e+02 4.961183984091169924e-02
2.511322306780373879e+02 1.811572411946919487e+02 3.687712723239894297e-02
2.510212857088225178e+02 1.802170561015717567e+02 3.285020459673410054e-02
2.509921411908677271e+02 1.798107116906956264e+02 3.037592259742246184e-02
2.511095682435274909e+02 1.800839649699797178e+02 4.498068759799610239e-02
2.513844200543041723e+02 1.813431297563960243e+02 6.919193850625263154e-02
2.515447856514589375e+02 1.831911354162683097e+02 7.762820757963975749e-02
2.515671153772610751e+02 1.847502198936861930e+02 8.462656315729090439e-02
2.515743125932158080e+02 1.858287582699147151e+02 8.811809247007533485e-02
2.515509885655283142e+02 1.871261195456805240e+02 8.814868637423993458e-02
2.515175570767524675e+02 1.883088148686374268e+02 8.092087651535431747e-02
2.515040039772075318e+02 1.891582813874335613e+02 7.351332746950170471e-02
2.514885655283184747e+02 1.896423878542200328e+02 7.747906229683736157e-02
2.514570346858388348e+02 1.903897510421048480e+02 7.471413820796206362e-02
2.515110558721174812e+02 1.910331982102566144e+02 7.319591571379402417e-02
2.514778155952426459e+02 1.913161688783509931e+02 4.873226509617958890e-02
2.515954032658992787e+02 1.918802937014799852e+02 6.333320585873264408e-02
2.516244904202837631e+02 1.926873494206279531e+02 7.189185054877815506e-02
2.515798386171555308e+02 1.928103024972274397e+02 4.911086466021645502e-02
2.513745305747829661e+02 1.849845233087307292e+02 4.582966843856361300e-02
2.513321580175150132e+02 1.791823779112012005e+02 5.755478220964473091e-02
2.513383647558223970e+02 1.745969712034876977e+02 7.098933037592260187e-02
2.511187005239206087e+02 1.734003403571838362e+02 6.620520861218402719e-02
2.512678037401047959e+02 1.736896554361543394e+02 4.503422693028413804e-02
2.514576197942560043e+02 1.751300087957474432e+02 5.476691269264599010e-02
2.514848866113426880e+02 1.809248651956097831e+02 7.205629278366285084e-02
2.516074457914260449e+02 1.821563386745191053e+02 9.752189376266778842e-02
2.516697617499713147e+02 1.833883666679414262e+02 1.121801980955294681e-01
2.515767065662166715e+02 1.838623809705916017e+02 9.946460667711957970e-02
2.514600367126849960e+02 1.836304753527859646e+02 8.578148303950437759e-02
2.513855023136640057e+02 1.834754025010516614e+02 6.989177406401773929e-02
2.514184442999732312e+02 1.836936594133618996e+02 7.995716853416956482e-02
2.515364870549543070e+02 1.841274236108455398e+02 9.036674442617308178e-02
2.515842020727370141e+02 1.846515851466595279e+02 9.758690580901754896e-02
2.515472943516004420e+02 1.853768136448812527e+02 9.347202569887949619e-02
2.515566216681326353e+02 1.859379364411641120e+02 8.998432062411564070e-02
2.516021033309113193e+02 1.867746758958277553e+02 8.278328043137404835e-02
2.516354736318788525e+02 1.878123408160923873e+02 8.561704080461968180e-02
2.515364449883360862e+02 1.888864698458831981e+02 8.817545604038395934e-02
2.515877739110482310e+02 1.898622088798806828e+02 8.934184863665914356e-02
2.515498068759799537e+02 1.907087116142108698e+02 8.174308768977781026e-02
2.515448965543615429e+02 1.911149795403266012e+02 7.440819916631610798e-02
2.515679911277677832e+02 1.917020574400550572e+02 7.809858885617040891e-02
2.512752495315308465e+02 1.898733335882825486e+02 4.379899804963861137e-02
2.513795020842097188e+02 1.901752839496730303e+02 5.821637538720410288e-02
2.514861715553176111e+02 1.907437225132892138e+02 6.035412444070518967e-02
2.514177368159394348e+02 1.907100003824238001e+02 6.087039657348273375e-02
2.512864927913113320e+02 1.882572297219778932e+02 3.016176526827029844e-02
2.513429653141611482e+02 1.773570920494091467e+02 7.438907797621323315e-02
2.512542621132739384e+02 1.717320279934223208e+02 8.079850089869593244e-02
2.510252705648399569e+02 1.698683812000458886e+02 6.205208612184022476e-02
2.509756051856667511e+02 1.687004856782286026e+02 5.499636697388045337e-02
2.513014264407816825e+02 1.721430685685877222e+02 8.475658724999043936e-02
2.513888141037898265e+02 1.770084400933114068e+02 7.341007304294619451e-02
2.514821408084439156e+02 1.780030326207503037e+02 9.003403571838311525e-02
2.514778691345749451e+02 1.800642013078893910e+02 8.845462541588589023e-02
2.513706222035259543e+02 1.858553367241577234e+02 5.018547554399786087e-02
2.513428773566866710e+02 1.859042525526788836e+02 5.820490267314237798e-02
2.513279131133121780e+02 1.858818807602585252e+02 4.669394623121343041e-02
2.513194194806684720e+02 1.859113503384450610e+02 5.068262648667253012e-02
2.514889364794064761e+02 1.864121649011434556e+02 6.364679337641974965e-02
2.515846380358713645e+02 1.872559065356227848e+02 6.792993995946307317e-02
2.516100348005659839e+02 1.890778423649088040e+02 7.697426287812153545e-02
2.516481471566790447e+02 1.905738001453210586e+02 6.399862327431259101e-02
2.515453286932578578e+02 1.916915446097364963e+02 6.817086695475926827e-02
2.515624459826379677e+02 1.925961604650273387e+02 6.353589047382308952e-02
2.516113579869210923e+02 1.932342804696164364e+02 7.269876477111934798e-02
2.513308310069218692e+02 1.908555814753910340e+02 3.209682970668094326e-02
2.513687139087536764e+02 1.910256070977857803e+02 4.020039007227809574e-02
2.513453592871620401e+02 1.910789169757925663e+02 3.312937397223603142e-02
2.514368503575662430e+02 1.913792726299284936e+02 4.636123752342345694e-02
2.515351791655512557e+02 1.920158705877853720e+02 5.596389919308578098e-02
2.516402577536426008e+02 1.926347126085127570e+02 3.814677425522964432e-02
2.512945389881066092e+02 1.910125358522314514e+02 3.992504493479673983e-02
2.514018050403457210e+02 1.914969176641554043e+02 4.230754522161459669e-02
2.513915560824505633e+02 1.915779341466212884e+02 4.249110864660216730e-02
2.514800986653409325e+02 1.920754560403839548e+02 3.327469501701785931e-02
2.514762094152740133e+02 1.921865157367394659e+02 3.635703086160082392e-02
2.512628895942483496e+02 1.853462503346208337e+02 3.442961489923132556e-02
2.511616849592718665e+02 1.795338483307201045e+02 5.615128685609392656e-02
2.513777620559103525e+02 1.749840605759302434e+02 6.488202225706528325e-02
2.512617805652223808e+02 1.745745611686871257e+02 6.015526406363531919e-02
2.513629393093426074e+02 1.749246931048988358e+02 4.782592068530345381e-02
2.513011855137863790e+02 1.765011893380244032e+02 3.868216757811006323e-02
2.513087842747332559e+02 1.813023557306206612e+02 3.914107614057898976e-02
2.513913266281693382e+02 1.820619603044093537e+02 6.176909250831771891e-02
2.516170905197139405e+02 1.828584381811923834e+02 9.283720218746414898e-02
2.517040039772075488e+02 1.833931584381811888e+02 1.108570117404107241e-01
2.516327890167883936e+02 1.837001032544265513e+02 1.022333550040154526e-01
2.516416000611878019e+02 1.840036139049294377e+02 1.053921756090099027e-01
2.516692340051244798e+02 1.842943439519675621e+02 1.085204023098397669e-01
2.516298825958927807e+02 1.848337221308654250e+02 1.221576350912080833e-01
2.515628284064400191e+02 1.857521893762667844e+02 1.062488049256185701e-01
2.515759264216604834e+02 1.867277677922674002e+02 9.754483919079123821e-02
2.516091131592030194e+02 1.871618799954109136e+02 1.041110558721174834e-01
2.515757352097594435e+02 1.876286129488699430e+02 9.241271176718038327e-02
2.516011702168343049e+02 1.880403036444988345e+02 8.952541206164671417e-02
2.515876821293357182e+02 1.886324027687483351e+02 9.963287315002486433e-02
2.515738995755095857e+02 1.893040039772075431e+02 1.006654174155799525e-01
2.515678687521511279e+02 1.902368082909480336e+02 8.157482121687253951e-02
2.515727523041034033e+02 1.913525756243068656e+02 7.674480859688706524e-02
2.515953879689471933e+02 1.920240047420551548e+02 8.050021033309112672e-02
2.513182530880721970e+02 1.898663275842288556e+02 4.839190791234846550e-02
2.514276607136028190e+02 1.901091246319170978e+02 6.035030020268461470e-02
2.514464606677119605e+02 1.904597881372136499e+02 6.289724272438716735e-02
2.515287085548204402e+02 1.910732150369038891e+02 4.377605262151516158e-02
2.516285517610616012e+02 1.918075796397567672e+02 6.272515201346132163e-02
2.516660675360434425e+02 1.921820604994454982e+02 6.537152472369880951e-02
2.515854067077134744e+02 1.921491338100883297e+02 4.862901066962407870e-02
2.513871046693946312e+02 1.882718115415503348e+02 4.259053883513709560e-02
2.514518337221308570e+02 1.783675398676813586e+02 5.404795594477800058e-02
2.513416038854258261e+02 1.750821752265861164e+02 7.140999655818577874e-02
2.512017667979655187e+02 1.745483192473899692e+02 6.286282458220199265e-02
2.512876477111935571e+02 1.749210333091131702e+02 7.519216796053386498e-02
2.512761673486557754e+02 1.803267428964778674e+02 6.104631152242915443e-02
2.514708937244253946e+02 1.815100309763279540e+02 7.267964358101648703e-02
2.514989445103063304e+02 1.829981528930360639e+02 7.576197942559945164e-02
2.515306321465448036e+02 1.835269799992351523e+02 7.939500554514512809e-02
2.514054916057975504e+02 1.833301158744120301e+02 5.007457264140120073e-02
2.512040039772075488e+02 1.828210524303032685e+02 3.931699108952541044e-02
2.510867451910206967e+02 1.824470534246051443e+02 3.172587861868522707e-02
2.510755325251443537e+02 1.823446288577001155e+02 3.562660139967111644e-02
2.512164403992504447e+02 1.826427893992122051e+02 4.443382156105395858e-02
2.514896554361543508e+02 1.835281999311637264e+02 6.516884010860836407e-02
2.515439825614746212e+02 1.846159241271176654e+02 8.679108187693601595e-02
2.515738001453210586e+02 1.854692263566484485e+02 8.771272323989445785e-02
2.515945389881066205e+02 1.864881716318023734e+02 5.602508700141496656e-02
2.516554323301082263e+02 1.872505870205361589e+02 7.754789858120769708e-02
2.517235420092546576e+02 1.879800565987227117e+02 8.299361352250564372e-02
2.516268461509044414e+02 1.889836207885578858e+02 8.481012658227847500e-02
2.515706719186202065e+02 1.899900608053845303e+02 8.684844544724464044e-02
2.515346590691804636e+02 1.906749435924891998e+02 5.061761444032276264e-02
2.515967149795403373e+02 1.912975907300470340e+02 6.428161688783509686e-02
