2.517645138752428977e+02 1.636830309381891198e+02 5.868103316521473545e-01
2.523606280430558400e+02 1.889335713194035122e+02 7.841395384380254185e-01
2.522803104735704380e+02 1.885282608458330742e+02 6.816990895395297345e-01
2.520273083557127620e+02 1.877394571079234140e+02 5.123168708106810021e-01
2.518524513656907118e+02 1.871998400689941207e+02 3.655296827580183927e-01
2.517493095128927223e+02 1.874267892622431759e+02 2.536380210039081984e-01
2.514786494836357349e+02 1.912846389816816099e+02 7.570249557869915269e-02
2.515423162158031403e+02 1.921142415012772631e+02 4.080151088404183196e-02
2.515863381803890775e+02 1.931693167179755903e+02 3.061068535621493114e-02
2.514859282548416104e+02 1.961420711338180354e+02 2.249950874435056175e-02
2.515035970830331280e+02 1.986805855767341313e+02 1.493417174297504389e-02
2.515873479836684794e+02 2.003482020043230420e+02 1.486321259361149394e-02
2.515711965895941091e+02 2.028120592345145212e+02 1.325844413877426235e-02
2.516089686906399550e+02 2.040539016615357752e+02 9.022728761380756010e-03
2.514869462457151599e+02 2.038205934368245096e+02 6.571908910285802034e-03
2.512923871749525233e+02 2.017009508526014656e+02 1.026724307329534257e-02
2.513664767144822179e+02 1.957576854217156779e+02 2.011418964651426680e-02
2.513355849217265927e+02 1.914488712036855134e+02 2.801794720639287292e-02
2.513057875373900174e+02 1.865071777908779325e+02 4.700497805724766082e-02
2.513395968428636991e+02 1.867274022401257696e+02 5.612049955241151661e-02
2.514130641252374403e+02 1.875937888910722506e+02 3.532673959083863086e-02
2.514765125215606645e+02 1.885603780485142238e+02 3.191251282723084337e-02
2.514102803432239455e+02 1.935317842405187605e+02 1.972118512696229356e-02
2.515685874762559706e+02 1.955208810942992557e+02 1.967205956201829517e-02
2.515998613567389270e+02 1.975942173751664939e+02 1.775889172725486284e-02
2.515852928975349982e+02 1.987641863714765975e+02 1.503788126896792726e-02
2.516029835593109283e+02 2.006722096679111758e+02 1.462031396694395309e-02
2.516040943429182732e+02 2.018632344271959198e+02 1.301827471015916740e-02
2.513491872448199729e+02 2.004879778825789742e+02 1.011713718041090844e-02
2.511888277548525252e+02 1.996283405384161824e+02 6.470928582345363694e-03
2.511656623217833726e+02 1.991995807951791448e+02 7.835527608567498595e-03
2.511930989498045790e+02 1.968651121154559860e+02 1.369238662911290150e-02
2.512882087727342082e+02 1.971631159800004411e+02 1.223772406716010577e-02
2.514032171786642209e+02 1.978266113185301549e+02 1.163730049562236579e-02
2.515149696513176707e+02 1.983085986113840420e+02 1.409903713892709728e-02
2.515543820003929909e+02 1.985310746490251290e+02 1.625237440230562630e-02
2.515694253400580749e+02 1.985985840920504018e+02 1.445110368769240809e-02
2.513583245998995608e+02 1.956976648981463427e+02 1.718303093818912206e-02
2.513915334818017016e+02 1.914480988406366748e+02 3.035959913539005781e-02
2.513278940416148259e+02 1.870539316827143637e+02 3.632016768192834061e-02
2.511931972009344634e+02 1.851017363158009630e+02 3.721261544507761809e-02
2.511928014672168672e+02 1.845343715202724866e+02 2.876574747276260460e-02
2.512357044606012835e+02 1.845600560031440409e+02 3.017401366782384783e-02
2.513783105172376224e+02 1.879112137289578754e+02 2.624942686840898640e-02
2.515244481561537953e+02 1.898146601602585122e+02 4.924292046025195713e-02
2.515431922883779805e+02 1.906035375865155856e+02 3.910394969542149712e-02
2.516288126896792505e+02 1.918131509137355124e+02 3.183063688565751503e-02
2.516646388725137058e+02 1.922368616405755404e+02 2.739023165433069132e-02
2.515320544311259710e+02 1.918193298181262492e+02 2.561898211829435890e-02
2.514153184428287489e+02 1.913635728477544262e+02 2.102847099408309758e-02
2.514097044824348757e+02 1.911902032706709349e+02 2.064365406868845509e-02
2.513953052335101859e+02 1.910991353900569720e+02 1.876050741250191028e-02
2.512662960415711382e+02 1.907072825920831463e+02 1.635062553219361961e-02
2.511633616078251521e+02 1.894623425252723621e+02 1.965022597759874187e-02
2.509832590991462951e+02 1.882626880417458040e+02 2.302624396847230415e-02
2.510575042029649921e+02 1.877694428069256105e+02 2.141328791947774007e-02
2.511012614353398362e+02 1.876531789698914849e+02 2.064092487063601267e-02
2.511502805615597822e+02 1.876453325254907156e+02 2.331008056592650743e-02
2.513829774459073008e+02 1.886511539049365638e+02 4.627082378114014821e-02
2.515309272723303025e+02 1.894686715355559841e+02 5.749328617279098746e-02
2.513181835549442269e+02 1.906738417283465310e+02 1.715573895766468043e-02
2.514310249776205808e+02 1.911193723936158619e+02 1.915897032815877532e-02
2.515677878212266023e+02 1.915075871705857935e+02 3.091362634003624529e-02
2.514489257876465444e+02 1.912062236632388021e+02 2.445907294600554657e-02
2.513543672627235139e+02 1.861670815047706355e+02 3.315975633719787929e-02
2.513456529333420804e+02 1.799858245453156087e+02 4.751806729110718414e-02
2.512746583044038289e+02 1.762535424990720685e+02 6.710825091155214750e-02
2.510917010545621224e+02 1.754530741686862712e+02 5.589397611405864247e-02
2.513786953341630124e+02 1.775909314207113425e+02 7.050337328879281718e-02
2.514160989934717634e+02 1.815073224383747004e+02 6.529333420667671195e-02
2.515405586122573709e+02 1.853737827776686231e+02 5.846760987751359329e-02
2.516362634003624237e+02 1.896234088775354110e+02 4.706502041440142892e-02
2.516687927119495214e+02 1.901320276849850472e+02 5.517346782821335588e-02
2.516316974520206884e+02 1.905386754656011874e+02 3.596264273705813974e-02
2.516207015130673881e+02 1.905580991681404441e+02 3.697244601646252488e-02
2.514590702168075040e+02 1.899791216348988030e+02 2.773411060893866964e-02
2.513922703652758628e+02 1.898187839785157394e+02 2.721829217702670389e-02
2.514312323966725558e+02 1.900076062749721757e+02 2.691535119320538974e-02
2.515413418920984157e+02 1.905092956485666207e+02 3.398943254514093237e-02
2.516437304862339204e+02 1.911907436518853274e+02 3.267668828191524349e-02
2.516745704242265447e+02 1.921840243662801981e+02 3.218816183052771590e-02
2.517560506320822640e+02 1.928643697735857359e+02 4.800113534638981994e-02
2.516845210803257658e+02 1.938916508373179681e+02 3.385570184057116322e-02
2.516806292439029846e+02 1.950092874609724731e+02 3.019311805419095524e-02
2.516854544660596957e+02 1.959131896683478544e+02 2.294436802689897581e-02
2.516931890133403158e+02 1.965695508831684890e+02 2.680618327110761631e-02
2.517191054780463446e+02 1.970225950306762002e+02 2.679526647889783966e-02
2.517655509705028294e+02 1.975671464596842952e+02 2.545523023514770569e-02
2.517134123709089408e+02 1.975634729591056953e+02 2.170804130914172347e-02
2.514761413506255394e+02 1.914708931027706740e+02 2.931158708325145787e-02
2.513526205759699508e+02 1.861029726425187221e+02 4.453505381978559163e-02
2.512171813934193665e+02 1.833545610357852524e+02 5.256981288618152448e-02
2.511510583830047381e+02 1.827543257789131133e+02 4.967686295059060148e-02
2.512156039169450423e+02 1.828720224449247951e+02 4.531833366083710263e-02
2.513202140782952370e+02 1.864786167332590878e+02 3.001026178467719116e-02
2.514697741315691815e+02 1.871782575707954095e+02 5.529901093862579081e-02
2.515085778694788416e+02 1.880652742298203179e+02 7.274404488984956285e-02
2.515606591559136405e+02 1.889147780616143848e+02 4.628719896945481665e-02
2.515586968625139264e+02 1.889877677343289406e+02 4.375177397873408758e-02
2.513988586493744606e+02 1.884636088731687096e+02 3.604178948057902565e-02
2.511016080434924902e+02 1.873554862339250349e+02 3.528034322394707489e-02
2.510358589332110739e+02 1.865914390515490879e+02 3.203532673959083588e-02
2.511537166219078188e+02 1.867327787602890794e+02 3.068164450557847936e-02
2.513402873299709483e+02 1.873605980218772515e+02 5.053928953516298450e-02
2.514664554267374115e+02 1.879827651142988145e+02 5.612322875046396597e-02
2.515275867339141200e+02 1.884166857710530394e+02 4.181677255955110195e-02
2.515747991310233260e+02 1.888100887535206596e+02 4.124637016659024602e-02
2.516147518613130671e+02 1.894501648435623622e+02 4.011102377677343289e-02
2.516248362481168499e+02 1.903945028492827589e+02 3.392120259382983005e-02
2.517405815375210238e+02 1.912609495425864168e+02 5.357961616558590268e-02
2.517169712451693329e+02 1.923795059059845869e+02 4.272832470906749031e-02
2.517271156743302640e+02 1.935593627868387046e+02 5.569474465623021342e-02
2.517181857383026511e+02 1.948011779218794288e+02 3.738455492238160899e-02
2.516510529246086207e+02 1.946698025152289233e+02 2.916693958647191207e-02
2.513915061898211718e+02 1.906967124080260305e+02 2.828267941747996880e-02
2.513157873190541807e+02 1.868610265059714948e+02 4.151928997183467612e-02
2.511576603130936007e+02 1.847072471125084689e+02 4.503995545948778073e-02
2.511005027182812626e+02 1.843388626885875965e+02 3.754011921137093144e-02
2.511647889784065910e+02 1.844139838649811054e+02 2.981375952490120454e-02
2.513968581472020389e+02 1.884468133883539736e+02 4.441769830353049092e-02
2.512946906181087741e+02 1.903157600270736509e+02 1.662900373354293457e-02
2.514232795135477261e+02 1.907072443833104103e+02 2.376039824457981328e-02
2.514409128621645948e+02 1.907424537673850011e+02 2.711458265103381879e-02
2.512675460142791621e+02 1.902439984934826782e+02 2.483297307919041241e-02
2.511292138817929640e+02 1.896706267330407627e+02 2.160433178314883837e-02
2.510606809894980529e+02 1.893931437086526444e+02 2.393506691993624660e-02
2.512579119451540350e+02 1.898895193336390150e+02 3.353911486648763346e-02
2.515044895307962634e+02 1.911062449509836085e+02 4.239536254666928516e-02
2.516084283094255625e+02 1.936403872186196793e+02 5.964662343616951301e-02
2.515110750856968309e+02 1.964382054976965435e+02 3.827700268553088647e-02
2.515665705988952254e+02 1.986658642824392587e+02 3.443429182768935337e-02
2.515839392153009726e+02 2.000684646623436151e+02 4.605248793694460829e-02
2.516335423899041643e+02 2.013556363398179201e+02 2.093294906224755017e-02
2.514227582367197158e+02 2.003759142813475762e+02 1.459575118447195390e-02
2.512865166699417045e+02 1.999224962337066813e+02 1.189657431060457161e-02
2.513243187921661104e+02 1.955694362568502811e+02 1.735497041549311295e-02
2.512875810571821660e+02 1.917879058317504075e+02 2.636132398855920225e-02
2.513296243531800656e+02 1.879448947621230843e+02 3.958701775070413292e-02
2.512134806008602368e+02 1.873732615008405844e+02 2.802340560249776125e-02
2.513182872644702002e+02 1.876397649614637260e+02 3.138577760310910097e-02
2.514340953254295812e+02 1.883314692910635131e+02 3.361280321390362757e-02
2.515404166939586332e+02 1.909787886727364139e+02 3.321706949629920497e-02
2.516386432610641748e+02 1.925718870767013868e+02 5.438472959105696697e-02
2.516509328398943239e+02 1.937707964891596362e+02 3.386116023667605501e-02
2.516103633108447468e+02 1.937511025960131974e+02 3.040599550228161030e-02
2.514995824326979630e+02 1.934646759896072012e+02 2.239034082225278832e-02
2.513785206654876561e+02 1.930417785637868064e+02 1.852306718193925950e-02
2.512649723805157009e+02 1.925191180323573690e+02 1.836750289294993704e-02
2.511791254557760737e+02 1.920684646623436151e+02 2.031342110434269932e-02
2.511060429903277225e+02 1.911017799829698163e+02 1.439106133053863479e-02
2.511135128053972494e+02 1.908409205039191363e+02 1.472948188904172478e-02
2.513303339446736970e+02 1.920297810091482802e+02 2.162616536756839514e-02
2.516139085391148740e+02 1.943696671470055151e+02 4.259732320255016358e-02
2.516879980786445685e+02 1.957014311914587097e+02 4.730246064496408664e-02
2.516450350429030038e+02 1.973635619309622200e+02 4.544933516735442242e-02
2.515869003951878824e+02 1.982415995283945733e+02 2.738204406017335710e-02
2.515701785987205596e+02 1.982875100980327829e+02 2.475928473177441483e-02
2.514194750114626231e+02 1.951870155673456964e+02 2.000502172441649684e-02
2.513985638959848075e+02 1.904601646252265255e+02 3.456529333420668010e-02
2.513792711949520822e+02 1.843859304382000346e+02 4.732156503133119058e-02
2.512528847623414379e+02 1.838638757887382269e+02 4.290026418637147426e-02
2.513174084626973297e+02 1.840101362415667836e+02 3.459804371083601005e-02
2.513983401017445090e+02 1.880264404707320693e+02 2.895133294032881457e-02
2.515093202113490918e+02 1.893263356695268556e+02 5.553645116918844854e-02
2.515499852623305230e+02 1.905599113556472446e+02 5.981856291347350391e-02
2.515243253422414398e+02 1.909063175476518097e+02 3.926224318246326200e-02
2.514291663937468684e+02 1.905854921289928257e+02 3.098458548939979351e-02
2.513226758149385489e+02 1.901366181961092536e+02 2.522051920263749733e-02
2.512727260321827032e+02 1.899359921180760296e+02 2.145968428636929257e-02
2.511652529420755116e+02 1.897205901617868733e+02 2.187725158839326500e-02
2.512199951966114213e+02 1.896934537455514089e+02 2.421890351739044989e-02
2.512969340189078764e+02 1.898706551167005045e+02 2.612661295604899389e-02
2.514257521669832443e+02 1.902453903844894114e+02 4.027750485797253199e-02
2.515365112115455872e+02 1.908418702648413898e+02 3.574976528896749162e-02
2.516349424685050451e+02 1.911928260299993383e+02 5.017357699613545635e-02
2.516659598043710844e+02 1.917792761075085650e+02 4.259459400449772115e-02
2.516914805353594886e+02 1.922520796489159522e+02 3.701611318530163147e-02
2.517472325931748287e+02 1.924831280976397920e+02 5.109058754175672956e-02
2.516221125084605035e+02 1.921032646667103450e+02 3.646754437676033578e-02
2.513476670815047669e+02 1.866738581035348545e+02 4.932752559987773483e-02
2.512428631470928622e+02 1.797460399336258945e+02 3.275856422348857183e-02
2.512079730791904240e+02 1.757202490120303082e+02 4.519551974847711012e-02
2.510985977380406666e+02 1.745393659527084651e+02 4.213608873168708108e-02
2.509410384052749805e+02 1.740359762887273121e+02 4.045763192943385711e-02
2.514345183511277071e+02 1.805875171939477184e+02 9.588218597847208979e-02
2.515804485709919049e+02 1.852797346127813682e+02 1.181387960961551020e-01
2.517180711119844432e+02 1.897489219667692737e+02 1.000414838103971527e-01
2.516432774393572060e+02 1.902352213925460092e+02 9.248433440317896381e-02
2.514825304032663098e+02 1.907227898954171224e+02 6.831728564878496168e-02
2.513857312067422072e+02 1.905500917010545550e+02 5.717124080260256591e-02
2.513152824174144655e+02 1.904042215235475339e+02 5.376520163315211265e-02
2.513716458155935527e+02 1.905905930001528361e+02 5.597039365952708595e-02
2.514851094954258599e+02 1.909792771991877771e+02 6.446092880068120257e-02
2.515407824064976694e+02 1.915796843955372140e+02 7.089910700639724672e-02
2.516026860767232165e+02 1.925444831990567991e+02 8.215977817078229384e-02
2.516379145651841611e+02 1.937956048994563503e+02 3.587530839937992655e-02
2.516789862666753947e+02 1.945468112049955209e+02 5.213859959389532950e-02
2.516475759262898180e+02 1.955382306063186491e+02 3.816237636732822125e-02
2.516707386301609120e+02 1.962162480076854081e+02 3.242287286303792426e-02
2.516826270168773476e+02 1.967652398419248527e+02 3.093000152835091027e-02
2.517136934783083291e+02 1.971686507936507837e+02 2.813803192070042300e-02
2.516127076919717922e+02 1.970127426257068635e+02 2.359937555948559904e-02
2.513844512128556232e+02 1.926253193161721242e+02 3.135029802842732860e-02
2.513332596449859295e+02 1.871807002030523392e+02 4.061592541647562199e-02
2.512871880526626001e+02 1.799848911595816787e+02 8.101078579070325469e-02
2.511397758782559322e+02 1.791844610379686173e+02 6.266784568022532032e-02
2.510344561254121061e+02 1.787751249972708081e+02 5.538088688019911915e-02
2.513505109058754101e+02 1.826189602847099422e+02 4.634997052466103412e-02
2.514580331215475724e+02 1.873310790157420058e+02 4.057225824763651539e-02
2.515325238531909804e+02 1.890808252003231473e+02 6.003689875766904382e-02
2.515229198052444133e+02 1.900197648522957934e+02 5.725311674417589425e-02
2.514869899128839847e+02 1.902989236042881203e+02 4.038940197812274785e-02
2.514666573873932975e+02 1.902974088993690032e+02 3.635564725661011992e-02
2.514993941180323702e+02 1.904437157485644434e+02 3.502652780506975566e-02
2.515655089408528227e+02 1.909792471780092171e+02 3.996910547804632952e-02
2.516720759372066141e+02 1.921842072225497304e+02 6.376498329730792558e-02
2.516516833693587500e+02 1.935622639243684660e+02 7.280681644505578032e-02
2.516080080129254952e+02 1.947945541582061537e+02 6.268422086853998876e-02
2.516186791773105256e+02 1.959103021768083579e+02 3.768476670815047724e-02
2.516989749132115151e+02 1.967914237680400049e+02 5.208401563284644625e-02
2.516565276959018433e+02 1.977919586908582801e+02 3.327165345734809515e-02
2.516650946485884504e+02 1.986965377393506742e+02 2.519322722211305571e-02
2.516870674221086972e+02 1.990026828016855518e+02 2.283520010480120585e-02
2.517070697146350540e+02 1.997634931551712896e+02 2.490939062465884896e-02
2.515557220366367517e+02 1.989447910525971110e+02 2.150335145520840263e-02
2.515884642256719417e+02 1.990613823933975368e+02 2.795244645313420956e-02
2.516141377917512614e+02 1.991162310866575069e+02 2.254590511124211424e-02
2.517140482740551590e+02 1.995716605532630297e+02 2.576362961507390817e-02
2.515374691600620167e+02 1.989404461692976156e+02 1.862404750987969523e-02
2.513223974367371909e+02 1.983228805047924652e+02 1.581570271391454299e-02
2.513946584135717615e+02 1.928692141001288292e+02 2.186906399423593425e-02
2.513267941747996872e+02 1.873224383747079855e+02 3.410678806139604002e-02
2.512465230016811972e+02 1.806838688019912240e+02 5.316750725966681856e-02
2.511564676535446949e+02 1.803187976245060042e+02 4.866705967118621634e-02
2.511945699875548428e+02 1.803297307919040975e+02 4.326870592345145178e-02
2.513600767450492413e+02 1.845079255911442999e+02 3.829610707189799040e-02
2.513499104823038692e+02 1.894085363856684410e+02 3.538405274993995653e-02
2.514807455077400107e+02 1.904621514814087107e+02 5.526898976004891023e-02
2.515399800222702424e+02 1.913205061024868314e+02 3.668588022095587570e-02
2.515459487784109456e+02 1.915064927621667721e+02 3.152223750573131256e-02
2.513007276042007732e+02 1.915861826161000749e+02 1.686644396410558883e-02
2.512872344490294836e+02 1.915566827143512114e+02 1.797722757145040623e-02
2.513670362000829641e+02 1.917053776118425503e+02 2.476747232593174905e-02
2.515563770441693521e+02 1.922841832056068654e+02 4.023110849108098297e-02
2.516897938909630739e+02 1.933394494661688725e+02 4.854697495687867320e-02
2.516913768258334869e+02 1.941787979520097736e+02 5.293552542520905957e-02
2.516638201130979553e+02 1.950859042378987454e+02 5.165553153861269370e-02
2.516080407633021139e+02 1.960187141110455968e+02 5.550370079255911165e-02
2.516598709635160844e+02 1.968321024650116726e+02 6.444182441431409170e-02
2.516421284469771535e+02 1.975927381498220541e+02 3.955972577017968783e-02
2.516351799087356085e+02 1.977853403855810939e+02 3.404674570424226498e-02
2.516714291172681897e+02 1.983968172092312443e+02 3.189886683696862429e-02
2.515673347743499164e+02 1.981033028754830809e+02 3.166688500251086530e-02
2.514307711622016939e+02 1.910444777406606818e+02 3.920493002336193633e-02
2.513356940896487117e+02 1.879072618501779459e+02 5.461944062356716839e-02
2.512312558677758147e+02 1.860009142813475762e+02 3.887469705901618056e-02
2.511658888452217298e+02 1.856975884806008708e+02 3.817875155564288969e-02
2.512306963821750685e+02 1.856781593196654967e+02 3.137486081089932433e-02
2.514255065391585333e+02 1.865929564856662637e+02 5.174286587629091383e-02
2.515498569900220502e+02 1.874986654221523565e+02 6.917425383725246679e-02
2.515976070391476185e+02 1.883107683238357311e+02 7.381389052640771609e-02
2.515677659876421899e+02 1.885741550402829603e+02 5.119702626580205362e-02
2.515288230606318507e+02 1.885286183707779344e+02 4.206512958232352939e-02
2.514646568852208475e+02 1.884942850592781838e+02 4.042761075085696959e-02
2.514840096286107212e+02 1.885162551036003720e+02 3.915580445841793794e-02
2.515278296325407723e+02 1.886260152616755192e+02 3.967708128643479548e-02
2.515642043841837392e+02 1.890488007903757648e+02 4.277745027401148176e-02
2.516740109386257984e+02 1.897341488177114002e+02 6.001233597519704810e-02
2.517082978537586655e+02 1.906416399205257619e+02 7.502019606558808784e-02
2.516386841990349694e+02 1.917762603436606241e+02 4.662561952795790665e-02
2.517000665924324778e+02 1.925749628829064761e+02 5.674275670836881336e-02
2.516808312045588423e+02 1.937206966005109052e+02 3.890198903954061871e-02
2.517304753171328002e+02 1.942721283378092210e+02 5.406814261697343027e-02
2.517170422043186875e+02 1.949588518809632944e+02 4.218521429663107947e-02
2.516858856793519692e+02 1.955729869435165256e+02 3.175694853824152092e-02
2.517049491277483071e+02 1.962027739569005007e+02 3.215268225584594353e-02
2.517109670094539524e+02 1.966637600707408069e+02 3.110467020370734359e-02
2.515991463068492067e+02 1.963444166066243213e+02 2.386956616667758324e-02
2.514710896050304711e+02 1.924940749110281502e+02 3.100914827187179271e-02
2.513160384052749805e+02 1.876009748695443307e+02 4.755627606384139894e-02
2.513044556887404326e+02 1.808460486670596765e+02 5.417731053907119676e-02
2.511516942861509563e+02 1.803465590270954806e+02 4.351979214427632858e-02
2.512040539507871131e+02 1.804736741555861101e+02 3.950514180913080459e-02
2.513169090194537318e+02 1.845907758564223400e+02 6.562629636907491015e-02
2.513579206785878171e+02 1.889097945459706125e+02 4.886902032706709476e-02
2.514899319883845408e+02 1.902447053557782510e+02 5.823289884500338492e-02
2.515693134429379256e+02 1.912106204013012700e+02 6.604113447304643669e-02
2.515242052575271146e+02 1.913255250977052810e+02 4.357710530337765426e-02
2.513792575489618173e+02 1.907721283378092210e+02 3.184155367786729862e-02
2.512075227615117683e+02 1.902826903342721891e+02 2.920514835920613034e-02
2.512301368965743222e+02 1.901850641907381885e+02 2.460644964083753480e-02
2.512760747581930616e+02 1.902599069889303678e+02 2.700541472893604883e-02
2.513642687932577928e+02 1.906318229951311025e+02 3.153315429794109614e-02
2.515784699024038673e+02 1.914814278072531124e+02 4.555850308945219584e-02
2.516508673391410582e+02 1.932831815899216110e+02 4.842689024257112312e-02
2.516372322656710594e+02 1.947087618174275576e+02 5.349774022401257434e-02
2.515835789611580537e+02 1.959323677430623718e+02 2.989563546647452941e-02
2.516395193336390150e+02 1.977023836815789934e+02 2.361847994585270991e-02
2.516163866509464810e+02 2.000255316477806105e+02 3.514388332132486331e-02
2.515911197353769637e+02 2.023422578109648384e+02 3.569518132791860143e-02
2.513315129582323664e+02 2.058402081832274462e+02 3.586166240911770574e-03
2.512906814261697264e+02 2.057047335211021561e+02 3.599812231173991819e-03
2.512978373834632464e+02 2.057448527324730776e+02 4.451322023536603834e-03
2.513886650946485872e+02 2.023209891705421342e+02 1.239055915809698406e-02
2.513777155520621704e+02 1.944641929215519269e+02 2.501310015065173406e-02
2.513332023318268114e+02 1.841546008820768066e+02 5.558557673413243999e-02
2.512487363813017112e+02 1.790131574638108418e+02 6.924248378856356911e-02
2.510710737756817537e+02 1.781129724241828853e+02 4.867251806729110813e-02
2.511536047247876695e+02 1.782545168227767931e+02 4.797657256391781727e-02
2.512934078950241314e+02 1.819124828060522816e+02 4.079878168598938953e-02
2.513975158839326696e+02 1.855858660291260094e+02 4.858518372961288800e-02
2.514546680203488904e+02 1.894527548525141469e+02 4.887993711927687140e-02
2.513519737560315264e+02 1.893207571887076597e+02 4.426759241064605332e-02
2.512825593327656577e+02 1.888144854915831559e+02 2.865385035261238875e-02
2.511892344053623276e+02 1.874488984956660431e+02 2.398965088098512985e-02
2.510867966856618807e+02 1.849715617562935392e+02 3.798497849391934550e-02
2.511066543306914696e+02 1.834641956507499856e+02 4.057225824763651539e-02
2.510852355843758801e+02 1.817919177528874854e+02 3.975349883190323202e-02
2.510299802406061076e+02 1.811181633588786326e+02 4.003733542935743878e-02
2.512450847143075521e+02 1.819210879675116246e+02 4.935208838234973056e-02
2.512108632999279507e+02 1.818731523329184938e+02 4.826040916137202402e-02
2.512498908320779094e+02 1.820941300408288157e+02 4.928385843103862129e-02
2.513837225169756096e+02 1.875947550271827993e+02 4.527466649199798909e-02
2.514994541603895186e+02 1.882578027772319444e+02 6.157889565730005621e-02
2.512289797166000653e+02 1.857955503154952908e+02 4.124091177048536117e-02
2.512141437959869847e+02 1.829403588349599374e+02 4.386640029693674586e-02
2.511622208030392471e+02 1.818413953843802631e+02 3.924859719220104293e-02
2.511086602912600085e+02 1.813892327678435095e+02 3.920493002336193633e-02
2.514242975044213040e+02 1.839572280081220867e+02 5.369697168184101033e-02
2.514143823278967602e+02 1.845285637868168749e+02 6.005327394598371227e-02
2.512254645095085266e+02 1.738522712386192381e+02 8.395013209318573366e-02
2.511200028383659628e+02 1.480696436759022845e+02 1.581215475644636714e-01
2.509674652300168134e+02 1.266459766162310814e+02 2.206829545206436538e-01
2.508901361323988510e+02 1.208666159035828969e+02 2.266162310866574880e-01
2.509720120739721949e+02 1.225848835178271230e+02 2.333027663151459596e-01
2.509922108687583204e+02 1.424927840003493316e+02 1.608125368441737091e-01
2.511040015501845062e+02 1.590192217418833707e+02 1.606214929805026004e-01
2.512752396235890160e+02 1.754142322220038750e+02 9.811739918342393674e-02
2.513483848605925743e+02 1.888494792690115958e+02 1.059447391978341063e-01
2.514766244186808137e+02 1.920829567040021004e+02 6.030436016680858213e-02
2.515135668435187029e+02 1.940020523569354509e+02 6.048175804021746482e-02
2.514832863911268248e+02 1.956603049060064166e+02 5.878419685159712998e-02
2.514491959782537549e+02 1.959576646798104775e+02 5.232145586340909704e-02
2.513283116089168345e+02 1.918593944455361111e+02 4.871891443418265716e-02
2.513830511342547140e+02 1.861629877076919684e+02 5.893703194253400307e-02
2.513298017510534805e+02 1.860692697757691008e+02 5.781260234492696659e-02
2.513952151699744491e+02 1.864547144167158024e+02 6.336379118359861118e-02
2.512024300779459054e+02 1.852177381498220541e+02 4.868616405755332721e-02
2.512234749241282827e+02 1.823561494290517544e+02 4.825767996331958160e-02
2.511282368288902092e+02 1.815026636972991980e+02 4.906006419073819652e-02
2.511050331870483205e+02 1.806321614156896089e+02 5.358234536363834510e-02
2.512227216654658264e+02 1.809812422217855499e+02 6.081472020261566303e-02
2.513200612432042931e+02 1.814557897207484416e+02 7.475819305255343439e-02
2.513233089888867084e+02 1.815711938603960505e+02 7.773301892971769267e-02
2.511542078775572691e+02 1.805891929215519269e+02 6.360668981026615376e-02
2.512127164254055458e+02 1.770462408026025685e+02 8.160848016418854878e-02
2.511413670007205212e+02 1.763669461365472273e+02 7.684057116656842212e-02
2.513697353769568394e+02 1.773633463243160691e+02 9.310113316303136877e-02
2.515199613545555906e+02 1.789984552739023229e+02 1.040424881552804576e-01
2.515981310451736874e+02 1.815489454378725327e+02 1.404199689963101239e-01
2.512541374642474921e+02 1.855427910962642670e+02 2.665880657627562808e-02
2.514386694613654640e+02 1.874181049540403023e+02 3.862088164013886132e-02
2.515078628195890929e+02 1.878485977380406666e+02 5.488417283465426427e-02
2.512777395690050355e+02 1.871769639309185322e+02 3.805866684133533961e-02
2.510274147944367940e+02 1.861555233510185303e+02 3.208445230453483427e-02
2.509409074037684775e+02 1.853494001222680652e+02 3.729994978275583822e-02
2.511120090172703669e+02 1.858986621471146918e+02 4.669384947926900897e-02
2.513014726752691104e+02 1.864836302700814485e+02 5.862317416650291574e-02
2.515107557695246783e+02 1.874170787755725769e+02 7.003668042182485676e-02
2.516835795069976598e+02 1.891660116591340852e+02 7.874009301106962844e-02
2.516187801576384686e+02 1.914852104757538029e+02 7.114746402916967416e-02
2.517039038448942279e+02 1.930181682714351155e+02 7.481277701360232457e-02
2.514105559922272448e+02 1.909383392284011336e+02 6.108764000786009313e-02
2.513979334512346782e+02 1.909831335560358809e+02 5.925088971856509734e-02
2.512779551756511864e+02 1.876974165411235447e+02 5.606591559136263336e-02
2.513088551560009591e+02 1.877970431868299954e+02 5.786991550402829920e-02
2.515107421235344134e+02 1.888437643282897795e+02 6.868572738586493920e-02
2.515390275321499587e+02 1.893331040806969270e+02 7.077629309403725422e-02
2.515756915787864898e+02 1.902104839413986497e+02 6.887950044758847645e-02
2.515798508766184227e+02 1.906405073033339761e+02 6.810167900264185725e-02
2.513693478308333908e+02 1.862784737232811381e+02 6.938986048339555734e-02
2.511550621165476684e+02 1.836736970808497631e+02 5.865865374118468811e-02
2.513429128184974104e+02 1.737302378769022368e+02 9.172834654265191179e-02
2.513172610860025031e+02 1.651395084168467804e+02 1.211463723499486972e-01
2.512073453636383533e+02 1.604460628588895474e+02 1.087367088054845971e-01
2.510118447195476108e+02 1.587319681884675049e+02 8.416028034322395324e-02
2.511686071264819589e+02 1.596604986790681551e+02 1.108654832863911199e-01
2.513115898124495118e+02 1.686034093142071129e+02 1.030135804895089685e-01
2.513764601209580576e+02 1.767413429837776562e+02 7.526036549420318800e-02
2.514034846400733727e+02 1.825271964585926128e+02 6.797613589222942232e-02
2.512438429291936757e+02 1.820136541778563810e+02 6.102486845265386872e-02
2.511547209667911318e+02 1.804462511735551686e+02 5.641252374402305758e-02
2.512414767144822179e+02 1.773007494377852140e+02 7.054976965568438008e-02
2.512754252090565785e+02 1.734052449728172007e+02 7.303333988340865446e-02
2.511267139363769445e+02 1.704724678500469395e+02 8.269197179100892803e-02
2.510206955088316931e+02 1.696510747581930616e+02 7.815331542979410406e-02
2.511263318486495848e+02 1.698006429990611537e+02 7.499290408506364969e-02
2.513577159887338723e+02 1.708123649046964090e+02 1.112857797864675452e-01
2.513120346717320501e+02 1.765605581755856974e+02 8.474705792449946373e-02
2.512518613130717711e+02 1.763422632693609273e+02 8.025752712822864510e-02
2.512320773563895955e+02 1.763554070871815043e+02 8.214067378441518297e-02
2.511925967773629509e+02 1.763096357066439737e+02 7.930230780987314321e-02
2.510882868277985267e+02 1.756257805506429861e+02 6.942806925612977909e-02
2.510770015938516622e+02 1.734715754022838041e+02 6.092661732276587888e-02
2.511490278596537280e+02 1.695208892818934032e+02 9.204766271478788398e-02
2.510610166808585006e+02 1.671298088469684160e+02 8.123458003100368641e-02
2.510302285976288772e+02 1.668859331673980932e+02 8.153206261872011917e-02
2.512549480360690950e+02 1.682776358594790622e+02 1.176147900700858090e-01
2.513311936420602137e+02 1.757702642955393912e+02 9.743237047226042946e-02
2.515319316172135871e+02 1.768164614309731348e+02 1.327782144494661642e-01
2.514351051287089831e+02 1.786551330756970231e+02 1.158981244950983563e-01
2.515664368681906637e+02 1.809479760267243194e+02 1.159363332678325781e-01
2.515644363660182137e+02 1.835232664133970957e+02 1.073038798279513512e-01
2.515068038907447487e+02 1.849044234842033916e+02 1.002270692779633626e-01
2.515109468133883581e+02 1.862810173358660393e+02 9.095598349381017744e-02
2.515163124167594617e+02 1.867219738651994589e+02 9.887065784589856021e-02
2.512801549092814639e+02 1.859536991550402831e+02 7.115019322722211659e-02
2.512163926551822044e+02 1.856893899696513301e+02 6.399423593371324215e-02
2.512466676491779651e+02 1.820037390013318372e+02 7.720628370559594333e-02
2.514481097574288810e+02 1.827675842230518981e+02 1.020037772101045764e-01
2.512472435099670349e+02 1.847649287133468761e+02 3.069256129778825948e-02
2.514378015763847998e+02 1.862173260409161344e+02 4.067869697168183946e-02
2.516918134975218777e+02 1.878779011375297614e+02 7.567793279622715696e-02
2.517427976463395964e+02 1.899016424313879554e+02 1.011113294469553059e-01
2.517541183598611383e+02 1.926181742756708388e+02 9.752243400799108508e-02
2.514843616951594925e+02 1.915124042051483571e+02 7.295692233794022485e-02
2.512498089561363201e+02 1.904254164756227965e+02 5.401628785397698945e-02
2.513051079670749459e+02 1.826005545730442634e+02 6.929160935350756056e-02
2.512796772996222785e+02 1.675201496692211833e+02 1.567978865090281781e-01
2.512272712386192381e+02 1.587010845833060273e+02 1.807083906464924394e-01
2.510020769197179220e+02 1.557665225650094953e+02 1.344321084692473856e-01
2.509647333027663194e+02 1.558674592257810900e+02 1.168178642387720789e-01
2.512361493198838502e+02 1.653461278138031787e+02 1.122601034911901441e-01
2.514190192353878786e+02 1.748851990131219907e+02 1.155515163424379321e-01
2.515299229274469894e+02 1.784211125302940957e+02 1.115395952053448575e-01
2.514851613501888608e+02 1.794932479640182521e+02 1.056008602432261245e-01
2.513984902076373942e+02 1.795315386126940496e+02 9.341226174101002755e-02
2.513003509748695308e+02 1.793339119233204428e+02 8.629178402218291855e-02
2.512456196371258272e+02 1.791246124538765514e+02 7.648304622169821432e-02
2.513346269732101916e+02 1.796175028929499433e+02 8.623174166502914351e-02
2.514816516014934109e+02 1.813536221916552051e+02 1.022166546581952384e-01
2.515055157092639888e+02 1.829931442544922504e+02 1.056800069867470104e-01
2.515364102312176726e+02 1.841095118010523777e+02 1.046101613501888572e-01
2.515597776249426829e+02 1.848915252942075540e+02 1.038623610838191325e-01
2.515483368267068442e+02 1.851940241479443614e+02 9.223324818235409395e-02
2.513625876072574954e+02 1.846139822274622873e+02 6.824632649942141693e-02
2.512212206065369742e+02 1.841715792231610749e+02 5.741959782537499335e-02
2.512735393332023364e+02 1.842815413418921082e+02 5.873507128665313159e-02
2.514695366913386181e+02 1.849442397545905123e+02 7.267581493853846053e-02
2.514076930634702194e+02 1.848622382699067828e+02 6.920700421388178980e-02
2.513776964476758167e+02 1.807971851051287047e+02 6.107399401759786711e-02
2.513179679482980760e+02 1.765875144647496882e+02 9.103785943538350578e-02
2.511122764786795187e+02 1.748596591777472042e+02 7.315615379576864696e-02
2.512783399925765764e+02 1.754673287701141930e+02 8.311772668719023816e-02
2.514225016921027986e+02 1.774727271238619153e+02 9.506615576079124885e-02
2.515138888888888857e+02 1.790577552891858204e+02 1.047138708761817388e-01
2.514868616405755404e+02 1.827989754590511211e+02 9.058754175673019993e-02
2.515681426169734323e+02 1.839421573764765014e+02 9.120706971463504731e-02
2.514396492434663060e+02 1.837730562651470620e+02 7.372928538678194532e-02
2.513133637911836047e+02 1.795617371891443383e+02 7.083906464924347168e-02
2.512691071155651628e+02 1.750225813846859353e+02 9.988864871946027957e-02
2.511609489967467823e+02 1.723544464094670445e+02 9.152092749066614852e-02
2.510913626340036160e+02 1.720173413244252174e+02 8.607890657409227042e-02
2.511511211545599451e+02 1.721698734743782779e+02 8.539933625903364800e-02
2.513962959324032340e+02 1.740283509093687826e+02 9.318846750070959584e-02
2.515145739176000461e+02 1.753728275583502523e+02 1.112257374293137702e-01
2.515252450819851049e+02 1.824643785070194895e+02 7.328715530228598063e-02
2.516332476365144828e+02 1.830555637431497189e+02 8.893910613305386348e-02
2.515672556276063858e+02 1.837881405427829122e+02 8.696043754503177126e-02
2.514808000917010418e+02 1.838984492696665995e+02 8.158391738171655305e-02
2.513640013318486410e+02 1.835234383528743933e+02 6.488395449881007027e-02
2.511891334250343846e+02 1.805759672277897891e+02 6.137420580336673537e-02
2.513255878692604881e+02 1.722880641252374403e+02 9.852404969323813599e-02
2.511385231763498496e+02 1.634954285932621474e+02 1.676546363616514823e-01
2.511509028187157355e+02 1.580566717975590052e+02 1.449449793672627218e-01
2.509692201043645241e+02 1.566155924543132301e+02 1.047220584703390800e-01
2.511766118643697610e+02 1.578720879456780324e+02 1.303737909652627758e-01
2.512671448221654487e+02 1.671179668566188639e+02 1.154805571930743874e-01
2.513663047750049202e+02 1.761692484880242660e+02 1.075767996331957882e-01
2.514680301740136770e+02 1.808627622759328517e+02 1.013187484989410692e-01
2.513037979520097736e+02 1.851217167747429073e+02 3.717713587039584572e-02
2.514710159166830294e+02 1.875421060675531066e+02 4.561308705050107909e-02
2.512188216414488693e+02 1.867894068906792313e+02 4.633359533634636568e-02
2.509883326783258042e+02 1.855318224492914965e+02 4.050675749437784856e-02
2.509323077007052234e+02 1.842089146525185015e+02 4.296030654352524930e-02
2.511841089714198461e+02 1.776118125150105982e+02 8.565588087596340272e-02
2.511075276740682511e+02 1.773145728259208340e+02 8.261828344359294085e-02
2.510385007969258311e+02 1.754065140499115785e+02 6.952359118796533344e-02
2.512108441955415685e+02 1.710697719482107289e+02 9.968122966747450242e-02
2.511305484596406075e+02 1.676244759939739311e+02 1.228848715093556893e-01
2.509658686491561355e+02 1.658859331673980932e+02 9.692746883255824730e-02
2.509606258596973873e+02 1.646572645793760046e+02 9.425012554311040791e-02
2.513068382786402140e+02 1.677259175563852409e+02 1.065560795615816264e-01
2.511416945044867930e+02 1.591384958843693482e+02 1.606133053863452731e-01
2.509727735202288272e+02 1.464429297395253400e+02 2.152409336040697896e-01
2.510171857601362433e+02 1.393419630575751569e+02 2.368943909521626090e-01
2.510784371520272487e+02 1.454054005371061749e+02 2.051483592061308647e-01
2.512110707189799257e+02 1.550662676579113963e+02 1.487522106504224895e-01
2.512928538678194741e+02 1.660366012750813240e+02 1.711944062356716978e-01
2.513812007379751492e+02 1.766438014453832750e+02 1.486839806991113733e-01
2.514304463876334523e+02 1.819635433724154439e+02 1.132808235628043059e-01
2.515922741861531335e+02 1.858867983231807273e+02 1.095008842601689902e-01
2.514010201742320021e+02 1.856651110237767739e+02 9.184843125695946187e-02
2.511425978690421630e+02 1.845497068841291650e+02 5.296281740573349772e-02
2.510311619833628072e+02 1.833477789786249161e+02 5.107421235344206112e-02
2.512842350603698662e+02 1.788132246020829257e+02 9.300015283509094344e-02
2.514715835898779517e+02 1.802569676426278988e+02 1.219896945481539763e-01
2.514827951354774029e+02 1.826192714132879189e+02 1.046729329053950747e-01
2.515184602956267383e+02 1.847262941857164549e+02 1.019191720704788057e-01
2.515888463133992730e+02 1.871700072050828680e+02 9.571843409532543312e-02
2.516337361629658744e+02 1.894739907425602041e+02 8.504454051221589650e-02
2.516002598196545819e+02 1.905286074539857282e+02 9.083589877950262736e-02
2.513608873168708158e+02 1.897954711687517602e+02 6.019519224471081564e-02
2.514319010501954210e+02 1.901441507827339876e+02 7.094277417523635332e-02
2.513232735093120311e+02 1.866103496648544819e+02 6.187637824501648204e-02
2.512822864129604170e+02 1.742886918407895109e+02 9.055206218204842061e-02
2.512236304884172853e+02 1.674159625335691430e+02 1.212773738564660170e-01
2.509981059365516103e+02 1.651020283399925859e+02 9.627246129997162061e-02
2.510000818759415608e+02 1.644624762559769522e+02 9.114975655553372857e-02
2.512562553219362087e+02 1.658361498657234563e+02 1.355456212746446454e-01
2.514038694569987626e+02 1.749700688849588346e+02 9.931278793039453878e-02
2.515055812100172545e+02 1.790336346367983253e+02 1.064796620161131829e-01
2.514944133315866566e+02 1.825263831575729796e+02 1.083082247112508445e-01
2.515056112311958145e+02 1.848266822776795379e+02 9.649898473832449475e-02
2.515230371607606799e+02 1.862542902993384359e+02 1.032100827492849482e-01
2.515510469203729258e+02 1.871293094037248181e+02 1.014497500054584028e-01
2.515256844828715543e+02 1.872980529901093973e+02 9.875057313159101013e-02
2.513644352743390016e+02 1.829082934870417603e+02 6.784240518765966010e-02
2.515292433571319464e+02 1.834837066876269205e+02 8.790746926922993199e-02
2.515363720224449366e+02 1.840774628283225240e+02 8.921475513635072907e-02
2.515213668915525886e+02 1.852707337176044291e+02 9.466769284513439076e-02
2.515032941420492989e+02 1.864918178642387829e+02 9.721130543001244018e-02
2.515790212004104660e+02 1.876398250038208744e+02 1.005709482325713444e-01
2.512969340189078764e+02 1.853791838606144040e+02 7.112017204864522213e-02
2.514699951966114213e+02 1.864855898342831040e+02 9.513984410820724991e-02
2.515936879107443076e+02 1.878643834195760007e+02 8.078972074845527929e-02
2.514086864915613262e+02 1.873636274317154573e+02 6.785605117792188612e-02
2.513690448898495617e+02 1.798117453767384859e+02 7.987271020283399914e-02
2.512266326062749613e+02 1.663621591231632522e+02 1.923538787362721325e-01
2.511250436671688533e+02 1.616656186546145193e+02 1.938931464378506886e-01
2.511420247374511519e+02 1.613359779262461586e+02 9.051931180541909761e-02
2.512731026615139456e+02 1.619740453265212636e+02 1.056527150062225723e-01
2.513344195541582167e+02 1.702712959324032340e+02 1.075194864740944556e-01
2.515890864828278950e+02 1.722245802493395388e+02 1.568279076876050726e-01
2.515485851837296138e+02 1.802876083491626957e+02 1.441535119320538905e-01
2.516155788083229652e+02 1.808606853562149297e+02 1.630886880199122202e-01
2.514931770048688975e+02 1.812185378048514224e+02 1.248935612759546759e-01
2.513699755463854615e+02 1.810372153446431298e+02 1.061739918342394229e-01
2.512442059125346532e+02 1.806947610314185226e+02 9.141448876662081058e-02
2.512752396235890160e+02 1.808037024300779478e+02 8.925296390908495081e-02
2.514464858845876734e+02 1.815591990349555545e+02 1.069436256850287148e-01
2.515928336717538798e+02 1.831253193161721242e+02 1.155869959171197114e-01
2.515262548852645068e+02 1.852241981616121791e+02 1.114031353027226529e-01
2.515259110063099115e+02 1.872250742341870193e+02 9.697113600139735390e-02
2.515258291303683222e+02 1.880493193380057164e+02 1.038077771227702423e-01
2.514679291936857339e+02 1.879919788869238744e+02 9.337678216632824824e-02
2.514041833147747980e+02 1.828553252112399434e+02 9.739143250147376529e-02
2.512023127224296388e+02 1.821960082749284879e+02 7.627289797166000862e-02
2.511366946136547256e+02 1.818510622038820088e+02 6.497947643064562462e-02
2.511481135783061518e+02 1.817467495251195260e+02 6.797613589222942232e-02
2.512419625117355508e+02 1.820291287308137385e+02 7.271129451322023984e-02
2.514287788476234198e+02 1.826292056941988164e+02 8.305768433003646312e-02
2.514992440121394850e+02 1.854058726883692430e+02 9.581941442326587233e-02
2.514930623785506896e+02 1.883994727189362663e+02 7.115292242527455902e-02
2.515115281325735168e+02 1.893680187113818363e+02 8.042400820942774420e-02
2.512937490447806681e+02 1.866523083557127620e+02 6.736479552848191610e-02
2.512790686884565901e+02 1.706700972686185764e+02 1.121018100041483861e-01
2.511849441060238917e+02 1.614766953778301684e+02 1.783530927272330424e-01
2.510549196524093247e+02 1.587195639833191478e+02 1.360123141416126336e-01
2.510507194166066256e+02 1.587429341062422168e+02 1.414434182659767281e-01
2.512028967708128562e+02 1.675101498875570485e+02 1.193314556450732478e-01
2.514278454618894898e+02 1.689893506691993537e+02 1.460557629746075392e-01
2.513064998580817075e+02 1.759606422348857109e+02 9.142267636077815174e-02
2.513105418003973739e+02 1.760620155673456964e+02 9.062029213335953681e-02
2.513002991201065583e+02 1.763446322132704438e+02 8.277111853452981394e-02
2.512133304949673516e+02 1.760153244470644722e+02 7.801958472522434185e-02
2.511654630903255452e+02 1.757700978144582109e+02 7.216818410078382207e-02
2.513493237047225932e+02 1.766154232440339626e+02 9.191120281216567933e-02
2.514892906268422053e+02 1.784457571887076597e+02 1.016626274535490509e-01
2.514885974105368973e+02 1.807786347459662579e+02 1.078715530228597647e-01
2.514517586952249815e+02 1.841868763782450173e+02 9.602956267330407802e-02
2.514330555009715908e+02 1.870916109910263856e+02 8.994618021440579925e-02
2.515158457238924825e+02 1.893685973013689647e+02 7.947970568328202590e-02
2.515699902840549385e+02 1.901124893561275826e+02 8.708052225933932133e-02
2.512854604702954191e+02 1.877839266609899482e+02 6.346477151153905039e-02
2.514138965306434272e+02 1.885344315626296350e+02 7.624014759503067173e-02
2.515935296172572748e+02 1.903880728586711939e+02 8.441955415820615038e-02
2.515005840483832174e+02 1.937249077531058390e+02 7.328169690618108190e-02
2.512738231697997833e+02 1.926658506364489938e+02 5.216043317831488280e-02
2.514990338638894229e+02 1.936219132770026761e+02 6.095663850134276640e-02
2.513658844785048245e+02 1.932957631929433830e+02 4.549300233619353595e-02
2.514913102334010091e+02 1.941742238160738907e+02 6.182725268007249059e-02
2.513400362437501485e+02 1.845917174297504459e+02 5.741141023121765913e-02
2.512789322285539697e+02 1.696663773716731214e+02 1.242358245453156068e-01
2.513298918145891889e+02 1.555753831794065718e+02 1.806865570620728723e-01
2.511526549638654160e+02 1.549713215868649172e+02 1.470546494618021338e-01
2.512013902534879151e+02 1.576708396104888550e+02 1.404609069670967880e-01
2.513368458112268229e+02 1.691436704438767720e+02 1.109582760201742319e-01
2.513406694176983081e+02 1.792336875832405383e+02 7.154592694482653226e-02
2.514414450557848113e+02 1.891767455950743511e+02 6.615848998930154434e-02
2.513264666710333870e+02 1.928113114342481538e+02 2.062727888037379012e-02
2.514289043907338339e+02 1.933033749263116476e+02 2.482751468308552062e-02
2.514339752407152559e+02 1.932233439226217797e+02 2.790605008624265707e-02
2.513570391476168595e+02 1.893407294600554565e+02 4.222615226741774364e-02
2.512008580598676986e+02 1.870691524202528342e+02 5.869686251391890985e-02
2.514294202091657269e+02 1.903297417086963037e+02 5.762428767930831419e-02
2.515687184777625021e+02 1.945678342175935143e+02 6.667157922316106766e-02
2.515729869435165256e+02 1.971988329949127774e+02 5.752330735136787498e-02
2.514496572127246168e+02 1.967644047073208071e+02 5.133348616842427214e-02
2.515119620750638774e+02 1.973045348354839348e+02 5.142627890220737713e-02
2.512893932446889664e+02 1.953306832820244097e+02 3.692877884762341134e-02
2.514672468941726038e+02 1.918423369577083406e+02 4.055861225737429632e-02
2.514712533569135928e+02 1.920069922054103699e+02 4.514366498548066930e-02
2.512566947228226582e+02 1.903380739503504344e+02 3.964433090980546553e-02
2.512020752821990754e+02 1.901607115565162474e+02 3.937141110456103543e-02
2.512969149145215226e+02 1.904321057400493373e+02 3.568153533765638236e-02
2.513805757516211372e+02 1.872554038121438396e+02 4.734885701185563567e-02
2.514654865614287758e+02 1.877499372284447929e+02 6.243040544966266953e-02
2.512938118163358752e+02 1.868926579113993114e+02 3.729449138665094643e-02
2.513614795528481807e+02 1.810616280212222478e+02 5.672911071810659428e-02
2.512628708980153363e+02 1.648685590925962288e+02 1.044163882884653199e-01
2.511177949171415378e+02 1.437255818650247932e+02 1.788962031396694463e-01
2.509584397720573747e+02 1.409388386716447314e+02 1.632442523089015496e-01
2.511186846357066429e+02 1.451625428484094300e+02 1.471992969585816935e-01
2.512740660684264640e+02 1.647618365319534632e+02 1.149783847514246476e-01
2.514393981572454777e+02 1.809541958690858223e+02 9.908353529398920834e-02
2.514988810287985075e+02 1.898394685705552263e+02 7.384391170498461054e-02
2.514875930656535843e+02 1.917095505556647197e+02 6.490305888517718114e-02
2.514539311368747292e+02 1.922813666732167519e+02 6.056363398179079316e-02
2.513627513591406171e+02 1.917485289622497362e+02 3.930591035130237554e-02
2.513637557040239301e+02 1.854262952773956954e+02 4.966594615838082483e-02
2.512966474531123708e+02 1.806844801423549711e+02 6.740027510316368153e-02
2.514455115608829487e+02 1.816017335866029043e+02 7.910853474814960595e-02
2.514398948712910169e+02 1.835952981375952504e+02 7.657038055937642751e-02
2.514368845658391649e+02 1.859699460710464791e+02 7.518940634483962937e-02
2.515070085805986650e+02 1.880976343311281482e+02 6.784786358376454496e-02
2.515429684941376820e+02 1.892865767122988530e+02 7.086635662976790984e-02
2.515992363703849151e+02 1.902970158948494657e+02 7.325713412370908617e-02
2.516160455011899444e+02 1.909846100521822621e+02 7.075173031156524461e-02
2.513225257090456637e+02 1.897951600401737835e+02 4.855516255103600048e-02
2.514922408899369088e+02 1.916023176349861217e+02 5.270900198685618543e-02
2.516150875526735149e+02 1.929777215562978938e+02 5.927272330298465064e-02
2.516752172441649691e+02 1.938048978188249123e+02 6.308541298224928928e-02
2.514494115848999058e+02 1.903058066417763712e+02 4.794928058339337912e-02
2.513076624964520533e+02 1.898382649942141143e+02 3.814327198096111732e-02
2.512959351324206807e+02 1.856109146088513455e+02 3.449433418484312841e-02
2.511655231326826936e+02 1.848681333377000442e+02 3.552597104866705990e-02
2.513103343813453989e+02 1.740072760420078168e+02 7.255027182812602560e-02
2.513212811947337286e+02 1.554398512041221920e+02 1.511457173424161082e-01
2.511168806357939900e+02 1.431253629833409775e+02 1.881454553394030782e-01
2.509629729700224914e+02 1.409535654243357214e+02 1.715928691513285698e-01
2.511082891203248835e+02 1.513211201720486372e+02 1.162447326477587806e-01
2.512571504988974027e+02 1.645436180432741651e+02 1.220797580838846319e-01
2.514705628698063435e+02 1.818412752996659378e+02 1.092716316237636737e-01
2.515542291653020754e+02 1.916677365123032359e+02 7.622377240671601717e-02
2.515023389227309565e+02 1.947823901224864187e+02 4.807209449575336468e-02
2.514408446322132704e+02 1.950394969542149681e+02 5.070031222025719875e-02
2.513546674745092844e+02 1.891207397218401240e+02 3.435787428222090989e-02
2.513242860417894917e+02 1.855953390755660450e+02 5.097869042160651371e-02
2.512629091067880722e+02 1.795419805244426925e+02 7.011855636339818509e-02
2.512715442894260036e+02 1.802773001681185860e+02 3.264393790528591355e-02
2.514850330778803880e+02 1.814106624309512767e+02 3.806685443549267384e-02
2.516542979410929775e+02 1.827281855199668144e+02 7.103556690901945136e-02
2.516733422851029331e+02 1.844158342612606702e+02 8.917381716556406490e-02
2.515420896923647831e+02 1.875708308770550730e+02 7.944695530665268901e-02
2.516698407240016593e+02 1.908521347787166178e+02 8.960775965590271619e-02
2.516027543066745409e+02 1.936190476190476204e+02 6.512685312547761285e-02
2.516244459727953426e+02 1.960777548525141469e+02 6.004781554987882047e-02
2.514374904478068231e+02 1.951804218248509812e+02 4.215246392000174952e-02
2.514845636558153785e+02 1.953190869194995685e+02 4.794109298923604490e-02
2.512880013536822332e+02 1.928813781358485642e+02 4.449957424510381926e-02
2.512071461321805259e+02 1.925292842951027410e+02 3.865636121482063370e-02
2.513589059190847479e+02 1.860348818803082906e+02 5.143719569441715378e-02
2.513267696120172161e+02 1.752893386607279353e+02 9.953112377459007176e-02
2.511821166568415435e+02 1.577254645095085266e+02 1.335833278749372355e-01
2.511394019781227485e+02 1.464091722888146592e+02 1.742101700836226341e-01
2.509651781620488578e+02 1.440501108054409372e+02 1.270578153315429781e-01
2.511231414161262876e+02 1.449358092618064973e+02 1.431218750682299590e-01
2.512007243291631085e+02 1.608570446060129768e+02 1.142606056636318035e-01
2.513998029519006252e+02 1.706410531429444859e+02 1.357066439597388596e-01
2.513794131132507914e+02 1.788038279731883620e+02 9.494334184843125635e-02
2.514489094124582493e+02 1.829595396388725135e+02 8.042673740748018663e-02
2.511498493482675087e+02 1.811163620881640099e+02 4.853059976856400476e-02
2.512490502390777465e+02 1.774559316390471793e+02 6.946081963275911597e-02
2.511700044758848094e+02 1.757519022510425657e+02 5.384434837667299856e-02
2.510917338049387695e+02 1.752623932883561508e+02 5.395897469487565684e-02
2.511866252920241891e+02 1.755083731796248969e+02 6.330374882644483614e-02
2.513728985174996069e+02 1.766413615423244039e+02 8.335789611580533831e-02
2.514678391301499971e+02 1.779041451060020620e+02 9.632431606296805449e-02
2.514826968843474901e+02 1.788008858976878344e+02 1.023258225802930049e-01
2.515511479007008688e+02 1.806412469160061960e+02 9.729591056963821094e-02
2.515508422305189811e+02 1.825186240475098884e+02 9.729591056963821094e-02
2.515959995414947343e+02 1.844231621580314879e+02 1.029480797362502947e-01
2.515940263313028140e+02 1.867503575249448602e+02 9.579758083884631903e-02
2.515716578240649710e+02 1.885254988974039918e+02 9.638708761817427195e-02
2.516192386629113003e+02 1.899273569354380982e+02 8.301674635924979895e-02
2.516064114320647889e+02 1.906596826488504632e+02 7.632202353660400007e-02
2.513740857186524238e+02 1.873908402654963936e+02 6.003416955961660140e-02
2.513743477216654583e+02 1.811577940437981624e+02 8.685945721709133205e-02
2.513180825746162839e+02 1.683614959280365042e+02 1.250191043863670970e-01
2.511711534682648903e+02 1.521989530796270742e+02 1.521582498198729150e-01
2.510024862994257830e+02 1.500199504377633559e+02 1.403817602235759021e-01
2.510293388790637721e+02 1.504559998689985036e+02 1.364107770572695055e-01
2.512504503176786557e+02 1.651912512827230728e+02 1.199782755835025472e-01
2.514122371782275422e+02 1.742089555904892961e+02 1.245906202921333583e-01
2.513460159166830294e+02 1.820505993318923288e+02 7.586078906574092451e-02
2.514297013165651435e+02 1.828234563655815350e+02 8.503089452195367048e-02
2.512946142005633021e+02 1.823688156372131743e+02 7.458352437719700800e-02
2.511646033929390285e+02 1.808878599812231300e+02 6.086657496561210384e-02
2.510895067793279622e+02 1.797873381585554853e+02 5.628425143555817328e-02
2.511331548437807157e+02 1.796459302198641979e+02 5.595947686731730930e-02
2.513139751315473518e+02 1.803904745529573574e+02 7.740005676731949447e-02
2.514499574245103872e+02 1.812230300648457444e+02 9.329763542280736233e-02
2.514819709176655635e+02 1.818628414226763539e+02 9.582760201742319961e-02
2.515339048274055074e+02 1.824186480644527535e+02 9.774895744634397310e-02
2.515446715137224203e+02 1.830393768695006713e+02 1.026151175738520965e-01
2.515519284513438549e+02 1.836968188467500624e+02 1.056117770354359081e-01
2.515710846924739599e+02 1.844740289513329401e+02 1.063923276784349697e-01
2.515348300255452898e+02 1.848085167354424527e+02 9.554922381607389159e-02
2.511970753913670080e+02 1.820783143381148932e+02 6.404881989476211845e-02
2.512393943363682070e+02 1.733306723652322034e+02 5.199941049322067549e-02
2.512196458592607087e+02 1.655078191524202396e+02 9.500611340363747381e-02
2.511588475142464176e+02 1.607277897862492182e+02 1.285179362896006761e-01
2.510444340734918569e+02 1.602686458810943009e+02 1.149783847514246476e-01
2.512835391148664996e+02 1.612856924521298652e+02 1.407720355450754468e-01
2.514695203161502945e+02 1.703586029781009188e+02 1.403653850352612475e-01
2.515741632278771078e+02 1.793087077793061326e+02 1.548956354664745294e-01
2.516764399248924633e+02 1.809938756795703227e+02 1.613611056527149978e-01
2.515632546232615141e+02 1.814701507609004238e+02 1.165531320276849830e-01
2.513583409750878843e+02 1.808249001113512691e+02 8.685126962293399089e-02
2.511350843868037828e+02 1.798690394314534728e+02 6.173173074823693623e-02
2.510551243422632695e+02 1.793259999781664078e+02 5.694471736424969177e-02
2.510870313966943854e+02 1.791994688980589956e+02 5.927545250103709307e-02
2.512993193380057164e+02 1.799054278290867046e+02 7.787766642649723847e-02
2.514949291500185495e+02 1.808481310451736874e+02 9.196851597126699807e-02
2.515936578895657192e+02 1.819857781489487252e+02 1.219869653501015200e-01
2.516514213663457156e+02 1.833130663085958929e+02 1.284906443090762240e-01
2.515981173991834225e+02 1.845253651666994301e+02 1.142824392480513568e-01
2.515884833300582955e+02 1.852079785375865129e+02 1.162065238750245588e-01
2.515966272570467765e+02 1.855115472369598990e+02 1.145962970240824441e-01
2.512969886028689359e+02 1.837134969760485603e+02 7.506113403637475201e-02
2.511769775769087971e+02 1.759620750638632387e+02 9.312842514355582080e-02
2.512388239339752545e+02 1.659126847667081393e+02 1.672780070304141775e-01
2.511084228510294452e+02 1.517148370122923211e+02 1.698107028230824711e-01
2.509199580795179259e+02 1.490168828191524142e+02 1.573519137136743795e-01
2.510605690923779036e+02 1.561168014890504594e+02 1.514186371476605453e-01
2.513042619156786941e+02 1.655686093098403830e+02 1.221861968079299560e-01
2.514724896836313519e+02 1.693186966441780612e+02 1.579550664832645446e-01
2.513286909674461356e+02 1.782745873452544743e+02 9.682375930656536567e-02
2.514451731403244423e+02 1.791899358092618115e+02 1.211163511713718027e-01
2.513627267963581460e+02 1.796106362306499875e+02 1.033683762363267200e-01
2.511909401541450961e+02 1.788522903430056203e+02 8.827318180825746707e-02
2.510688139996943278e+02 1.779601127704635246e+02 7.152955175651186381e-02
2.510359681011331645e+02 1.776089359402633079e+02 6.944717364249688996e-02
2.509678609637344096e+02 1.769365052073098923e+02 6.171808475797471716e-02
2.509868643697735990e+02 1.766035812536844105e+02 6.219296521910001874e-02
2.511741719613108899e+02 1.771129151110237672e+02 7.703980262439684423e-02
2.514405689832099711e+02 1.787192009999781703e+02 1.091024213445121321e-01
2.515678096548110432e+02 1.806990704351433408e+02 1.119244121307395035e-01
2.515872442741424777e+02 1.837485180454575300e+02 9.783083338791728756e-02
2.515877328005938693e+02 1.854946234798366902e+02 1.015016047684548367e-01
2.515682899936682588e+02 1.866318966834785158e+02 1.035648784961026997e-01
2.515484323486386700e+02 1.870273247309010856e+02 9.912174406672343008e-02
2.513181235125870501e+02 1.825655225868430875e+02 7.974989629047400663e-02
2.512992401912621858e+02 1.675451600401737835e+02 1.451114604484618209e-01
2.511529469880570389e+02 1.584739607213816157e+02 1.821794283967599071e-01
2.509874129385821391e+02 1.547943658435405325e+02 1.533973057356826375e-01
2.510115472369598990e+02 1.543686027597650821e+02 1.455044649680138080e-01
2.512690825527826917e+02 1.620734973035523296e+02 1.304311041243640945e-01
2.514519879478613973e+02 1.706376170825964493e+02 1.532335538525359808e-01
2.515100270736446930e+02 1.734131105216043238e+02 1.516669941704329727e-01
2.513927971004999904e+02 1.809742582039693559e+02 8.366083709962664205e-02
2.513685891137748172e+02 1.810250676841116899e+02 8.946857055522805524e-02
2.512324485273247205e+02 1.804206321914368800e+02 6.772232047335211003e-02
2.512046652911508602e+02 1.803141743630051792e+02 7.643937905285910772e-02
2.512986943516517044e+02 1.808784742691207725e+02 7.990546057946333602e-02
2.514375423025698240e+02 1.816217195039409660e+02 9.316390471823758623e-02
2.515197293727211161e+02 1.823012243182463124e+02 1.028034322394707489e-01
2.515924843344031672e+02 1.833842083142289425e+02 1.124074801860221323e-01
2.515528263575031076e+02 1.855458341520927377e+02 1.185372590118119740e-01
2.512903702975917497e+02 1.884764224580249277e+02 2.946442217418833789e-02
2.514341553677867296e+02 1.892488400908277129e+02 3.572247330844304652e-02
2.514871618523613108e+02 1.895180891246916133e+02 4.941758913560839045e-02
2.513982172878321535e+02 1.852764650335145404e+02 8.153479181677256160e-02
2.513668697190017554e+02 1.851776789808082810e+02 8.059867688478417058e-02
2.513977969913320578e+02 1.853834304927839867e+02 8.397196567760528696e-02
2.514644631121591090e+02 1.858176158817493047e+02 9.554649461802143529e-02
2.513054600336237172e+02 1.827816505098141988e+02 9.540730551734678822e-02
2.513830320298683318e+02 1.832025883714329382e+02 1.087530839937992655e-01
2.513430547367961481e+02 1.836465633938123574e+02 1.050441038405274946e-01
2.513739137791751261e+02 1.840115636121481941e+02 1.090724001659352377e-01
2.511564703827427252e+02 1.818470284491604900e+02 8.237265561887295584e-02
2.513455383070238724e+02 1.740932266762734457e+02 1.363234427195912646e-01
2.512083415209274904e+02 1.653977451365690570e+02 1.674908844785048256e-01
2.511899276216676355e+02 1.602151263072858569e+02 1.863059758520556330e-01
2.510322018078207975e+02 1.592956021702582916e+02 1.626192659548918173e-01
2.510101962839239320e+02 1.591330511342547140e+02 1.586810331652147299e-01
2.512802313268269359e+02 1.666276091133381385e+02 1.306603567607694250e-01
2.514243329839959813e+02 1.678338300473788820e+02 1.631541887731708940e-01
2.513624948145236999e+02 1.749954476976485296e+02 1.186082181611755187e-01
2.512812302133141316e+02 1.747873272417632791e+02 1.265256217113163439e-01
2.511390935787428305e+02 1.740775719962446146e+02 1.031063732232920666e-01
2.509856007510753102e+02 1.731000196502259882e+02 8.400471605423462385e-02
2.510247674723259195e+02 1.730078273400144155e+02 8.642824392480513707e-02
2.512816532390122575e+02 1.739010092574397959e+02 9.921453680050654200e-02
2.515104037029759070e+02 1.753249246741337402e+02 1.242221785550533808e-01
2.515587787384554872e+02 1.775753449706338358e+02 1.263154734612781382e-01
2.515456485666251751e+02 1.790247783891181541e+02 1.432092094059081722e-01
2.515140444531778883e+02 1.798026189384511326e+02 1.332667409008536918e-01
2.515263504071963609e+02 1.806101367874063897e+02 1.325707953974804010e-01
2.515039054824130460e+02 1.809997407261850242e+02 1.394865832623741753e-01
2.515425536560337036e+02 1.816770267024737393e+02 1.389871400187768780e-01
2.516418473395777369e+02 1.834054987882360592e+02 1.301036003580707812e-01
2.517062018296543613e+02 1.845284737232811381e+02 1.481381410886225269e-01
2.516027270146940111e+02 1.853086040697801309e+02 1.369102203008668028e-01
2.516075959040195755e+02 1.856381192550381058e+02 1.372213488788454339e-01
2.515745425864064089e+02 1.863924013667823942e+02 1.288126896792646525e-01
2.514243275255998640e+02 1.807456169079277686e+02 1.178713346870155637e-01
2.513819649134298402e+02 1.751759077312722468e+02 1.300244536145498953e-01
2.512356908146110470e+02 1.671896710770507184e+02 1.496037204427850820e-01
2.510591744721730834e+02 1.584971589048274154e+02 1.536238291740354978e-01
2.510541663937468684e+02 1.537858179952402793e+02 1.615466911202812217e-01
2.509393326564922120e+02 1.529353398397414878e+02 1.424286587629091105e-01
2.511760714831553969e+02 1.619093005611231320e+02 1.465470186240475092e-01
2.513565751839479390e+02 1.663894019781227485e+02 1.827934979585598696e-01
2.512868987576690358e+02 1.762272166546582071e+02 1.105516255103600326e-01
2.514818399161590321e+02 1.782154210606755385e+02 1.344839632322438472e-01
2.513227904412567284e+02 1.779015769306346897e+02 1.138785179362896000e-01
2.511788034104058909e+02 1.772584468679723102e+02 9.425012554311040791e-02
2.511147409445208609e+02 1.770006222571559533e+02 9.101875504901639491e-02
2.511327536516670023e+02 1.768311772668718902e+02 9.195214078295234350e-02
2.512147687823409967e+02 1.771451060020523585e+02 1.046374533307133092e-01
2.513893937905286009e+02 1.777690279688216322e+02 1.177376039824458015e-01
2.514743837470797700e+02 1.787729743892054728e+02 1.195934586581079012e-01
2.515557274950328690e+02 1.798873878299600335e+02 1.267303115652496648e-01
2.515697119058535804e+02 1.811603158227986228e+02 1.481681622671993936e-01
2.515595702058907079e+02 1.826921846684570312e+02 1.448085194646405172e-01
2.515719825986332125e+02 1.841439679264644838e+02 1.328055064299906163e-01
2.516092279644549308e+02 1.844773722189471812e+02 1.409548918145892005e-01
2.516359058754175635e+02 1.856061221370712531e+02 1.291784022182921876e-01
2.512794999017488635e+02 1.867166355538088567e+02 3.463898168162267421e-02
2.514395864719110989e+02 1.876030026636973105e+02 4.860701731403244130e-02
2.512582066985436882e+02 1.845116509464858723e+02 6.027706818628414398e-02
2.513628850898452072e+02 1.848239940175978688e+02 7.195257745464073151e-02
2.512119495207528246e+02 1.842818879500447622e+02 6.853289229492805223e-02
2.512741588611602310e+02 1.774914657976900116e+02 1.285233946857055609e-01
2.512810418986485104e+02 1.678787471889260132e+02 1.521555206218204725e-01
2.512875701403899598e+02 1.614070598895220598e+02 1.618823824807318623e-01
2.510661775943756595e+02 1.602951764153621070e+02 1.391618086941333043e-01
2.510967773629396618e+02 1.606558208336062421e+02 1.379282111744284944e-01
2.513014781336651993e+02 1.627979738433658667e+02 1.594588546101613491e-01
2.513080991681404441e+02 1.718182818060741113e+02 1.643277439357219150e-01
2.514405580664177648e+02 1.732643992489246898e+02 1.609571843409532410e-01
2.513604615619746312e+02 1.735523924150127755e+02 1.404499901748870183e-01
2.511410504137464272e+02 1.728009759612235428e+02 1.139603938778629283e-01
2.509680083404292361e+02 1.717217282373747196e+02 8.708052225933932133e-02
2.509361995371280045e+02 1.697742571122901154e+02 8.313683107355734903e-02
2.508794103840527612e+02 1.687924062793388771e+02 9.229329053950786899e-02
2.509061865461452783e+02 1.680888626885875965e+02 8.766184144450994697e-02
2.509432408681033166e+02 1.679266855527172027e+02 9.137900919193904514e-02
2.511610254142922543e+02 1.684842770900198730e+02 1.101258706141787364e-01
2.513947430187113810e+02 1.763107301150629951e+02 1.240147595030676175e-01
2.515755469312897219e+02 1.773203368922075924e+02 1.547864675443767490e-01
2.515663604506451918e+02 1.791929133643370164e+02 1.294513220235365969e-01
2.514498482565882966e+02 1.819614282439248143e+02 1.031800615707080676e-01
2.516225628261391591e+02 1.841513913451671272e+02 1.363316303137486196e-01
2.516542952118949472e+02 1.851884156459466055e+02 1.539431453461714838e-01
2.515795015392677101e+02 1.867133468701556751e+02 1.270005021724416594e-01
2.515648703085085458e+02 1.883531554987882259e+02 1.084337678216632794e-01
2.513775190498024017e+02 1.853949913757341506e+02 9.081406519508307407e-02
2.513757860090391034e+02 1.855489972926355335e+02 9.481234034191393656e-02
2.512875182856269589e+02 1.811417409008537049e+02 8.034213226785441586e-02
2.512776085674985325e+02 1.736569343464116457e+02 1.335369315080456865e-01
2.513262374183969712e+02 1.663726392436846311e+02 1.741555861225737301e-01
2.511673762581602887e+02 1.648340593000152694e+02 1.470273574812777095e-01
2.512208221436213194e+02 1.654349905023907752e+02 1.393473941616995282e-01
2.513565533503635265e+02 1.683163686382393394e+02 1.589130149996725028e-01
2.514179002641863576e+02 1.724542313486604996e+02 1.587929302853649527e-01
2.513687555948559975e+02 1.813175858605707162e+02 1.282504748804611239e-01
2.514874893561275826e+02 1.828985693543808964e+02 1.456654876531080223e-01
2.515217899172507146e+02 1.839477604200781684e+02 1.241293858212702828e-01
2.514483608436497093e+02 1.837478084539638985e+02 1.164139429270103221e-01
2.512925673020239685e+02 1.833111777035435921e+02 9.321848867928647642e-02
2.512642491430318046e+02 1.780868103316521456e+02 1.047302460644964073e-01
2.514186944608196370e+02 1.791846930198030634e+02 1.207888474050784894e-01
2.515084768891508986e+02 1.810818240868103430e+02 1.279420755005349353e-01
2.515028329075784370e+02 1.835697965109931999e+02 1.208761817427567026e-01
2.514064758411388425e+02 1.880368469029060634e+02 8.844512128556145103e-02
2.515612377459007405e+02 1.915034142267635957e+02 9.050839501320931402e-02
2.515892092967402505e+02 1.920951098229296292e+02 9.530086679330145027e-02
2.515649631012423413e+02 1.926401334032007924e+02 8.879172943822187525e-02
