2.521263594548211984e+02 1.827508032008301484e+02 5.414296974776500182e-01
2.522530207335568377e+02 1.924474552003512144e+02 5.375558748403576059e-01
2.522122470665708818e+02 1.926581033484993668e+02 5.274984035759897605e-01
2.523198086286717796e+02 1.929552203065134108e+02 5.285136294699872561e-01
2.521274170857279557e+02 1.930936128073116151e+02 3.352789750957854142e-01
2.516346907926245251e+02 1.909250429038952745e+02 1.633615700830140516e-01
2.513993304996807012e+02 1.855410006585248937e+02 8.251017720306513814e-02
2.512437814295977034e+02 1.833026595426245251e+02 5.709959690293742174e-02
2.512442004909003970e+02 1.831993983477011625e+02 4.361979166666666435e-02
2.512742581617177393e+02 1.838355882822477554e+02 3.515375558748403545e-02
2.513034328105044608e+02 1.838490980204342407e+02 3.869083253512133058e-02
2.512939340876436916e+02 1.877852061382503166e+02 3.335777857598978130e-02
2.514126855842911823e+02 1.885238839998403648e+02 5.505667305236270487e-02
2.515397210249042246e+02 1.895641188737228617e+02 3.869332694763729513e-02
2.515125144675925810e+02 1.899729256465517153e+02 2.810953464240102326e-02
2.514314236111111143e+02 1.897120749521072867e+02 2.476951628352490331e-02
2.513016817329182686e+02 1.892177148188058879e+02 2.116758461047254028e-02
2.512584909802043285e+02 1.890047343949553067e+02 1.969089240102171040e-02
2.514099492137611662e+02 1.897604765325670542e+02 2.706437579821200506e-02
2.515631535360791702e+02 1.908825156649106134e+02 3.207066171775223296e-02
2.515512352330779038e+02 1.930615845506066535e+02 2.308578783524904351e-02
2.515841465118135432e+02 1.942017430954661563e+02 2.112767401021711441e-02
2.516278810464559399e+02 1.952784412915070220e+02 2.158415150063856813e-02
2.515906644117177393e+02 1.964161253791507136e+02 2.077346743295018991e-02
2.516257533125798318e+02 1.974241324433269540e+02 2.010496487867177370e-02
2.516290334650383045e+02 1.983143658205619317e+02 1.806952426564495395e-02
2.515459919779693507e+02 1.980559347062579718e+02 1.600913952745849217e-02
2.516374196799169738e+02 1.986609469787675550e+02 1.598170098978288559e-02
2.514298346703384368e+02 1.979889597302043285e+02 1.188837005108556860e-02
2.513932042225414989e+02 1.978439096424010302e+02 1.218520514048531365e-02
2.512186427402617994e+02 1.967673660999361402e+02 1.024205779054917012e-02
2.512228059147509498e+02 1.966924214758940082e+02 9.847940613026819751e-03
2.511936986151021642e+02 1.937184132543103487e+02 1.636085169220945212e-02
2.511947487627713826e+02 1.911161947238186372e+02 3.084091634738186580e-02
2.511379958892081845e+02 1.888445357399425291e+02 3.497665229885057320e-02
2.511120165828544089e+02 1.875981700989783008e+02 2.558768358876117519e-02
2.512206607199872224e+02 1.879706482479246574e+02 2.824423291826309163e-02
2.514510421655491825e+02 1.892141303480204328e+02 2.931932471264367748e-02
2.514846094747765051e+02 1.895068571400063888e+02 2.916716554916986073e-02
2.514993489583333428e+02 1.895963042784163406e+02 2.682241778416347491e-02
2.515684616459131462e+02 1.902277248962324450e+02 3.239244093231162525e-02
2.516234459810025612e+02 1.907189096424010302e+02 3.304348259897828960e-02
2.515891328424329458e+02 1.906861480284163406e+02 3.015744731800766229e-02
2.515374960089399679e+02 1.905728917225414989e+02 2.733876117496807090e-02
2.514780766083972026e+02 1.904508600734355070e+02 2.486180954661558126e-02
2.514903291626756072e+02 1.905387382263729137e+02 2.430804996807152049e-02
2.515869452426564408e+02 1.918163987667624610e+02 3.069125159642401013e-02
2.515187330379948776e+02 1.944503287635696154e+02 2.552781768837803292e-02
2.515735577306832624e+02 1.956099337484035630e+02 3.830419859514687386e-02
2.516000159642401002e+02 1.962827341754469899e+02 2.883790309706257826e-02
2.515975564734993668e+02 1.964588471823116151e+02 2.704691491060025668e-02
2.515921660480523485e+02 1.966607698754789340e+02 2.610652139208173572e-02
2.514556293901660240e+02 1.959719054318326812e+02 1.797473659003831492e-02
2.514794136135057556e+02 1.959772933628671865e+02 1.744592113665389618e-02
2.515056199113984690e+02 1.962029578743614309e+02 1.817179517879949011e-02
2.515326194324712503e+02 1.963698989264048578e+02 1.925935903575989872e-02
2.515604919979246574e+02 1.966015300726373027e+02 1.839130348020434277e-02
2.515872919659961724e+02 1.967871817129629619e+02 1.962603767560664250e-02
2.514093131385696154e+02 1.962139557391443248e+02 1.487917065772669141e-02
2.514205579501915793e+02 1.962148213002873547e+02 1.588192448914431745e-02
2.513225749321519800e+02 1.946786074193805973e+02 1.519845545977011568e-02
2.512831532367496834e+02 1.909254669540229941e+02 2.082834450830140655e-02
2.511342467871966733e+02 1.894003606920498157e+02 2.018728049169859345e-02
2.509954327306832624e+02 1.890182241778416312e+02 1.794230922733077924e-02
2.509348833612707494e+02 1.885017959770114828e+02 1.797473659003831492e-02
2.509530202346743408e+02 1.884307576029693507e+02 1.859833971902937269e-02
2.511001057630906814e+02 1.886362198674968056e+02 2.531579262452107390e-02
2.512548616099936112e+02 1.890425546775223609e+02 3.440792624521072512e-02
2.513595745530012664e+02 1.895504420098978358e+02 4.263699313537675645e-02
2.513954990820562045e+02 1.898937978927203005e+02 3.334281210089399400e-02
2.514337558868135432e+02 1.901740501277139117e+02 2.957126037675606584e-02
2.514592936821519800e+02 1.902435369771711464e+02 2.969348659003831492e-02
2.514554697477649938e+02 1.902239184227330782e+02 2.858596743295018991e-02
2.514787176724137794e+02 1.902606112308429260e+02 3.168153336526181169e-02
2.514494781689016634e+02 1.903002574233716473e+02 2.827416586845466276e-02
2.515020653735632266e+02 1.905559097621328135e+02 3.227021471902937616e-02
2.515756231042464890e+02 1.909334715237867215e+02 3.309586526181353822e-02
2.516206921495849258e+02 1.914243394795657593e+02 3.263190453384418738e-02
2.516717602570242605e+02 1.923061791586845573e+02 2.886534163473818485e-02
2.516234908804278518e+02 1.941662076947637274e+02 2.887282487228607850e-02
2.516671805156449579e+02 1.949530327067369058e+02 4.691491060025542587e-02
2.516290733756385691e+02 1.952622425766283527e+02 3.601432790549170121e-02
2.516540150063856913e+02 1.958750673491379359e+02 3.161917305236270487e-02
2.515365606042464890e+02 1.983788339120370381e+02 1.974576947637292357e-02
2.515464484554597675e+02 1.986238874920178716e+02 2.477949393358876151e-02
2.515648272868774029e+02 1.989016627753831301e+02 2.218779932950191644e-02
2.514439904613665249e+02 1.983750249441251583e+02 1.714908604725414940e-02
2.512886135057471222e+02 1.950367277298850581e+02 2.194833572796934737e-02
2.512295582894316794e+02 1.929646491858237596e+02 2.417584610472541667e-02
2.512353977091315471e+02 1.911028670777458558e+02 2.225764287994891344e-02
2.512446345186781684e+02 1.908018214200191665e+02 2.186103128991060199e-02
2.512954631625159720e+02 1.910994696878991022e+02 2.190094189016602785e-02
2.513611160999361402e+02 1.913790758700510821e+02 2.281389687100893876e-02
2.513603627873563084e+02 1.914147783963920801e+02 2.399125957854406077e-02
2.513872675207535110e+02 1.915094762731481524e+02 2.354974856321839088e-02
2.515132303639846612e+02 1.926669086246807012e+02 2.452506385696040861e-02
2.515257747645274549e+02 1.947795288553639921e+02 2.118504549808429213e-02
2.515672718111430299e+02 1.954345915150063888e+02 2.071110712005108656e-02
2.515300451987547774e+02 1.952864358836206975e+02 1.846364144316730432e-02
2.514287670617815991e+02 1.950623104246487856e+02 1.569484355044699700e-02
2.514454471982758719e+02 1.951940328663793025e+02 1.824912196679438076e-02
2.515464135336845573e+02 1.955582794540229941e+02 2.054398148148148251e-02
2.515935304916986013e+02 1.961046455938697193e+02 2.298351692209450736e-02
2.515718315972222285e+02 1.982341554916986013e+02 1.614633221583652509e-02
2.514820801404853228e+02 2.015577406609195350e+02 1.012980922733077924e-02
2.515765011374521123e+02 2.030436422413793025e+02 2.798481401660280962e-02
2.513690433429118798e+02 2.014027154174648899e+02 1.915459371008939801e-02
2.512388898866539080e+02 2.006876895753512144e+02 1.335009578544061291e-02
2.513255831936462243e+02 1.965782996088761081e+02 1.896002953384418738e-02
2.513034402937420282e+02 1.929349881265964370e+02 3.355234275223499540e-02
2.512106456537356394e+02 1.921741025103767697e+02 2.512372286079182782e-02
2.512653431313856913e+02 1.917857723698914469e+02 2.106281928480204305e-02
2.512909133540868538e+02 1.918022305036717796e+02 2.099297573435504605e-02
2.513052362707535110e+02 1.917747545498084207e+02 1.874052123243933471e-02
2.511960583293422644e+02 1.902851063617496834e+02 1.963102650063856813e-02
2.512638439894635951e+02 1.864146910919540119e+02 2.978577985312898940e-02
2.511043537476053586e+02 1.844536263769157074e+02 3.619642001915708562e-02
2.510847701149425291e+02 1.837286129070881202e+02 2.936172972541507137e-02
2.510632308628671865e+02 1.832761738705300161e+02 2.478198834610472606e-02
2.513012377274904168e+02 1.859186347581417635e+02 3.064635217113665516e-02
2.512729735392720443e+02 1.869696055834929780e+02 2.374680715197956607e-02
2.513582774584929780e+02 1.875192443925606653e+02 2.629110791826309163e-02
2.514198570202745771e+02 1.877799753552043285e+02 2.528585967432950277e-02
2.514362552881545412e+02 1.877969074273626973e+02 2.732130028735632252e-02
2.513989064495530101e+02 1.876162371288314148e+02 2.606411637931034531e-02
2.512634398946360079e+02 1.873590582096104811e+02 2.300097780970625921e-02
2.512136065213920801e+02 1.871847436741698516e+02 2.028955140485312961e-02
2.513530840916347415e+02 1.875071390086206975e+02 2.908235552362707643e-02
2.515208208612707494e+02 1.882464753951149419e+02 4.196599616858237569e-02
2.514927637092911823e+02 1.882649889248084207e+02 3.895025143678160912e-02
2.514077765804597675e+02 1.879462778376436916e+02 2.929188617496807090e-02
2.512630083612707494e+02 1.875713726253192988e+02 2.556273946360153315e-02
2.512340282766602684e+02 1.872565203943167376e+02 2.349736590038314227e-02
2.511974028176883849e+02 1.870336196918901521e+02 2.356720945083013927e-02
2.511873553240740762e+02 1.868695097980523485e+02 2.086326628352490331e-02
2.511743295019157074e+02 1.868238869931353747e+02 2.296106720945082988e-02
2.512045218710089500e+02 1.868519890445402325e+02 2.410849696679438076e-02
2.511583951947637274e+02 1.866375419061302807e+02 2.187849217752235037e-02
2.511542569643997354e+02 1.864176120490102164e+02 2.383660600255427947e-02
2.510398657008301484e+02 1.851459755148467536e+02 2.491169779693486533e-02
2.513048122206257915e+02 1.811058104845146772e+02 5.684766123882502992e-02
2.513182271711366411e+02 1.813661348579182686e+02 5.412875159642401013e-02
2.511857264727011625e+02 1.807075051883780361e+02 5.020504070881225828e-02
2.511924289591315471e+02 1.807202990301724128e+02 4.745370370370370627e-02
2.513339743973499480e+02 1.857873413553639921e+02 3.524106002554278083e-02
2.514565049289591343e+02 1.882625892999680843e+02 4.726662276500638582e-02
2.514560808788314148e+02 1.888361445362388338e+02 5.798511334610472606e-02
2.515115940293742085e+02 1.899599347461685852e+02 4.083103847381864410e-02
2.515381470506066535e+02 1.903607743654214630e+02 3.755587484035759899e-02
2.514304657567049901e+02 1.900349367416986013e+02 3.127993295019156766e-02
2.512242177522350062e+02 1.888483596743295152e+02 2.165150063856960405e-02
2.510983921016922125e+02 1.884201239224137794e+02 2.321799169859514733e-02
2.511871058828224648e+02 1.885444878472222285e+02 2.468969508301404811e-02
2.512426514607279557e+02 1.886558309386973065e+02 2.341006146232439342e-02
2.512810205140485209e+02 1.887017056792784047e+02 2.559017800127713974e-02
2.513902707934227294e+02 1.891561103128991022e+02 3.125748323754789365e-02
2.515265605044699839e+02 1.898437400223499480e+02 3.300856082375478590e-02
2.515607414391762404e+02 1.900534951708173708e+02 3.052662037037037063e-02
2.515673765764687175e+02 1.902151780012771383e+02 3.083592752234993670e-02
2.516297967552681882e+02 1.907320651740102164e+02 3.248473419540229973e-02
2.516160849696679520e+02 1.909793562420178716e+02 2.892271312260536256e-02
2.514689969468390700e+02 1.903772973539271902e+02 1.938657407407407343e-02
2.512476278136973065e+02 1.877635870649744447e+02 3.100554757343550530e-02
2.511372201269157074e+02 1.861608322357918155e+02 2.520104964878671847e-02
2.511716505028735753e+02 1.850290175007982043e+02 3.796994731800766576e-02
2.511708123802681882e+02 1.843391902139208298e+02 2.948146152618135243e-02
2.511540998164112466e+02 1.841479959889846612e+02 3.088082694763729166e-02
2.513448749800446933e+02 1.869841230643358756e+02 3.257453304597700966e-02
2.513789137332375390e+02 1.871243364862707494e+02 4.248483397190293970e-02
2.514142196479885172e+02 1.893923561222860883e+02 3.646831098339718691e-02
2.514058808269476515e+02 1.892672862787356394e+02 3.758580779054916665e-02
2.513465063258301484e+02 1.887934701269157074e+02 2.947148387611749770e-02
2.512984614463601645e+02 1.886588317169540119e+02 2.357968151340996202e-02
2.513690932311621964e+02 1.888479456018518476e+02 2.657048212005108656e-02
2.514707629909003970e+02 1.892567872964559399e+02 3.236749680715197974e-02
2.515484315134099518e+02 1.897504689495530101e+02 3.370699632822477670e-02
2.516085343829821284e+02 1.905233277458492864e+02 3.231760855683269568e-02
2.516666467113665249e+02 1.913247625319284850e+02 3.440792624521072512e-02
2.517171535759897836e+02 1.915391547932630942e+02 4.813717273307790284e-02
2.517199423291826292e+02 1.918301928679757395e+02 4.046685424648786833e-02
2.513200181593231264e+02 1.926082924249680843e+02 1.449004230523627014e-02
2.513531090357598998e+02 1.928908470027139117e+02 1.662525941890165976e-02
2.513757258740421321e+02 1.929972062579821284e+02 1.521591634738186406e-02
2.512521925886015310e+02 1.926489064495530101e+02 1.308069923371647444e-02
2.513136823515325773e+02 1.893830843909642283e+02 3.778286637931034531e-02
2.512281165189974388e+02 1.863888789112388338e+02 4.329801245210727900e-02
2.510729989822796995e+02 1.853453065134099518e+02 3.684496727330779237e-02
2.511463122605364049e+02 1.853519690892401002e+02 4.164421695402299034e-02
2.511963252314814952e+02 1.853825954861111143e+02 4.575999760536398481e-02
2.513694224936143087e+02 1.861668761973180040e+02 6.302881545338441527e-02
2.512727939415708818e+02 1.858790409482758719e+02 5.187879150702426334e-02
2.512745051085568377e+02 1.859263574592911823e+02 5.171166586845465929e-02
2.512834874880268217e+02 1.859568416746487856e+02 4.410620210727969615e-02
2.514144516283524808e+02 1.873330539591315471e+02 3.721912915070242633e-02
2.513543512531928457e+02 1.871970760496487856e+02 4.032217832056193829e-02
2.513576289112388338e+02 1.872239633221583688e+02 3.695222701149425415e-02
2.514526560504469899e+02 1.876355189375798318e+02 3.682750638569604051e-02
2.515471144636015310e+02 1.882226263170498157e+02 5.767081736909323436e-02
2.515939794859514791e+02 1.887635496487867215e+02 4.480463761174968002e-02
2.515998687939016634e+02 1.892217956776819960e+02 3.828174888250319291e-02
2.516080280172413666e+02 1.897365351612388338e+02 3.935434626436781769e-02
2.516791711566091863e+02 1.904220022150383045e+02 3.728897270114942680e-02
2.517596483876117475e+02 1.908497465676883849e+02 5.643857758620689918e-02
2.517092986709770059e+02 1.916398542265325773e+02 4.784532646871009209e-02
2.516548032407407334e+02 1.916076613386015310e+02 4.243245130906769108e-02
2.513361844468390700e+02 1.896232189894635951e+02 2.380916746487867289e-02
2.512438462843231264e+02 1.867262307431353747e+02 4.247984514687101060e-02
2.511350724377394670e+02 1.856305076628352424e+02 4.020743534482758286e-02
2.510540389527458558e+02 1.851523512332375390e+02 3.444783684546615793e-02
2.510939545418263208e+02 1.850572592393039599e+02 3.060644157088122583e-02
2.513918821839080522e+02 1.868204122765006332e+02 3.301354964878671500e-02
2.514997430755108496e+02 1.873650572717113789e+02 5.063158524904214780e-02
2.514554996807152065e+02 1.902978253711685852e+02 2.954631625159642380e-02
2.515295213721264247e+02 1.906630123523307816e+02 4.576748084291187846e-02
2.515049065094189018e+02 1.907453254709450903e+02 3.574243694125159299e-02
2.514453648826628296e+02 1.906270329462005009e+02 2.754829182630906884e-02
2.514923646032886211e+02 1.906531893558429260e+02 3.009758141762452002e-02
2.515556478488186372e+02 1.909712494013409980e+02 3.184616459131545119e-02
2.516190458373243928e+02 1.914261354565772706e+02 3.603927203065133977e-02
2.516011359554597675e+02 1.927542030850893866e+02 3.309337084929757367e-02
2.516636808548850581e+02 1.935840192967752103e+02 5.505168422733077577e-02
2.516235906569284850e+02 1.943172393837803327e+02 3.391652697956577117e-02
2.516652523347701162e+02 1.951496073794699839e+02 3.215796615581098528e-02
2.516579262452107173e+02 1.959632498204022966e+02 2.893269077266922076e-02
2.516576244212963047e+02 1.968128616898148096e+02 2.530332056194125115e-02
2.516715532207854267e+02 1.970585713002873547e+02 2.641582854406130179e-02
2.515094388569604007e+02 1.964452775782247897e+02 2.121747286079182782e-02
2.514029873084291182e+02 1.906269132143997354e+02 2.880797014687101060e-02
2.511893608317369058e+02 1.893410435624201682e+02 2.793243135376756101e-02
2.511349277618135432e+02 1.888871827107279557e+02 2.869322717113665516e-02
2.512386803560025612e+02 1.889727335767879879e+02 3.155930715197956260e-02
2.513182271711366411e+02 1.892865655930715150e+02 3.027717911877394683e-02
2.514722820881225971e+02 1.902101243215197997e+02 3.234504709450829879e-02
2.515949348459450903e+02 1.912375004988824969e+02 5.302372685185185314e-02
2.515888559626436916e+02 1.917724272629310462e+02 4.084600494891443140e-02
2.515990206936462243e+02 1.919021816131864568e+02 3.480204342273307550e-02
2.515807241778416312e+02 1.919837489024585011e+02 3.177881545338442221e-02
2.515697612348339760e+02 1.919514736989144410e+02 2.845625798212005064e-02
2.515749670737547774e+02 1.919927986310664210e+02 2.610402697956577117e-02
2.516261374521072867e+02 1.922501147429757395e+02 3.031958413154533724e-02
2.513203125000000000e+02 1.935877010496487856e+02 1.254440054278416379e-02
2.514346613585568377e+02 1.940828319564176354e+02 1.581706976372924608e-02
2.515606591235632266e+02 1.947187849217752103e+02 1.636833492975734231e-02
2.517539087444125130e+02 1.959528082096104811e+02 4.446789192209450736e-02
2.517636070202745771e+02 1.969117027857598998e+02 5.481720945083014274e-02
2.517106007543103487e+02 1.977110073435504489e+02 5.021751277139208103e-02
2.516250997765006332e+02 1.985539167265325773e+02 5.719937340357598987e-02
2.515481646112707494e+02 1.982795113944763727e+02 4.609424888250319291e-02
2.515607414391762404e+02 1.982397055595466213e+02 4.645344428480204652e-02
2.512994716834291182e+02 1.951304477969348738e+02 2.786258780332056054e-02
2.512281165189974388e+02 1.914926888769157074e+02 3.713681353767561005e-02
2.512740186981162083e+02 1.854423566211685852e+02 4.252723898467433011e-02
2.510828269675925810e+02 1.842996013928799357e+02 3.217792145593869474e-02
2.511213631465517153e+02 1.839574303560025612e+02 2.826668263090676911e-02
2.510780127514367734e+02 1.833214225135696154e+02 2.848619093231162178e-02
2.513445357399425291e+02 1.844316680635376713e+02 4.666048052362707643e-02
2.514723918422733107e+02 1.875391024106002646e+02 4.623393598339718691e-02
2.515221853049169738e+02 1.883001027697956715e+02 5.009029773307790284e-02
2.515010301923690861e+02 1.885640939295977034e+02 3.935933508939974679e-02
2.515674164870689538e+02 1.895132378472222285e+02 3.802981321839080803e-02
2.515051185344827616e+02 1.893895898188058879e+02 3.203075111749680709e-02
2.514800995769476515e+02 1.893274365421455911e+02 3.049918183269476404e-02
2.515288578583972026e+02 1.895938971703384368e+02 3.333532886334610729e-02
2.516014153296615632e+02 1.902368619292784047e+02 3.853119013409962018e-02
2.516412660640166052e+02 1.911093251117496834e+02 3.387412196679438076e-02
2.516595151859833948e+02 1.917243200231481524e+02 3.369701867816091850e-02
2.516783579781289859e+02 1.923451169380587373e+02 2.994542225415070327e-02
2.516970062060983366e+02 1.929444918382822607e+02 3.250967832056193829e-02
2.516852924449233626e+02 1.933213302203065211e+02 3.354236510217113720e-02
2.517042250359195350e+02 1.939060654134738115e+02 3.423082295657726981e-02
2.517191915110153388e+02 1.945555530611430299e+02 3.989064495530012661e-02
2.517247266123882525e+02 1.950800806194125130e+02 3.618893678160919197e-02
2.517309302163154427e+02 1.952727665030332105e+02 3.561771631545338629e-02
2.514660660121328135e+02 1.941266163793103487e+02 2.835398706896551796e-02
2.513164262053001323e+02 1.900797089519476515e+02 3.000778256704981009e-02
2.511313333133780361e+02 1.893026645314495511e+02 2.768299010217113720e-02
2.512947522549489179e+02 1.897350110751915793e+02 4.001037675606641114e-02
2.514739508500957754e+02 1.908411134059706171e+02 5.227789750957854281e-02
2.516177686981162083e+02 1.926767790150063888e+02 5.633131784802043740e-02
2.515402947397828939e+02 1.950243180276181363e+02 4.218799888250319291e-02
2.515484913793103487e+02 1.953261968191251583e+02 4.400642560664112107e-02
2.514985282966155751e+02 1.953363640445402325e+02 2.927941411238825162e-02
2.513972875758301484e+02 1.949436736709770059e+02 2.184107598978288559e-02
2.512323919420498157e+02 1.942690099177841603e+02 1.856840676883780503e-02
2.511614882662835271e+02 1.937095580898786693e+02 1.809696280332056054e-02
2.511422413793103487e+02 1.934666422214240242e+02 1.660530411877394683e-02
2.511428026221264247e+02 1.933733586765644930e+02 1.793482598978288559e-02
2.512251980563537757e+02 1.935829741379310462e+02 1.867816091954023136e-02
2.513285315892401002e+02 1.938261594029374066e+02 2.071859035759897674e-02
2.514026056633141764e+02 1.940501701189335790e+02 2.251706178160919544e-02
2.515243729046934789e+02 1.945081741898148096e+02 2.797234195402298687e-02
2.516157631904533787e+02 1.949403660799808335e+02 2.538813058748403545e-02
2.515910335847701162e+02 1.949342098698914469e+02 2.257942209450830226e-02
2.516090382543103487e+02 1.949064196200510821e+02 2.291866219667943946e-02
2.515977285879629619e+02 1.949221419021392023e+02 2.103288633461047191e-02
2.515906020514048578e+02 1.948950450989783008e+02 2.211047254150702579e-02
2.515337743454661563e+02 1.948143757982120121e+02 2.108526899744572053e-02
2.512981546336206975e+02 1.929090237867177393e+02 1.817678400383141921e-02
2.512732628911238919e+02 1.877435718989463567e+02 3.587214639208173572e-02
2.512331577266922125e+02 1.840539790868454588e+02 5.525123722860791897e-02
2.512325590676883849e+02 1.837169141123882525e+02 2.673012452107279696e-02
2.513589883660600321e+02 1.852831856641123807e+02 3.145953065134099447e-02
2.514957545098978358e+02 1.870919390565134108e+02 3.603677761813537522e-02
2.515047169340676874e+02 1.933896970785440601e+02 4.000538793103448204e-02
2.516366414232120121e+02 1.944415459371008978e+02 5.948176085568326887e-02
2.516590911358556752e+02 1.948630742137611662e+02 5.769825590676883748e-02
2.516366439176245251e+02 1.952984365022350062e+02 5.998064335887611648e-02
2.516472152378671865e+02 1.956966819324712503e+02 6.216075989782886280e-02
2.516198390605044608e+02 1.958375164631225971e+02 5.834430874840357273e-02
2.515898013449872224e+02 1.960864787875159720e+02 4.146960807790549264e-02
2.514878297613346092e+02 1.955767206457535110e+02 2.904992816091954075e-02
2.515009004829182686e+02 1.956183548850574709e+02 3.203324553001277164e-02
2.515633905052681882e+02 1.960069519276819960e+02 3.052911478288633518e-02
2.516248553240740762e+02 1.973091524984035630e+02 2.451508620689655041e-02
2.516896925886015310e+02 1.994040274784482847e+02 3.644087244572158379e-02
2.516325256425606653e+02 2.006224432271711464e+02 3.958383221583652856e-02
2.515971573674968056e+02 2.009590018358876193e+02 2.888529693486590125e-02
2.516020663713282204e+02 2.017247141403256592e+02 2.407856401660280962e-02
2.513915853488186372e+02 2.002759044739783008e+02 1.946888968710089318e-02
2.513400582694763727e+02 1.962707111071200643e+02 2.961366538952745972e-02
2.513516747485632266e+02 1.903778561023307816e+02 3.694474377394636050e-02
2.513178106042464890e+02 1.861292355124521123e+02 4.582235791826309163e-02
2.511455514647190341e+02 1.838092722302043285e+02 4.386923291826309163e-02
2.510925327266922125e+02 1.834436138050766374e+02 3.796495849297573666e-02
2.511534712244572063e+02 1.834461556114303846e+02 3.683498962324393416e-02
2.513742890924329458e+02 1.864772833852171061e+02 3.761823515325670581e-02
2.514413289232120121e+02 1.897144995210728098e+02 3.972351931673052255e-02
2.514431722940612985e+02 1.900336945242656554e+02 4.759339080459770027e-02
2.514062300446998677e+02 1.899612143797892827e+02 3.979585727969348757e-02
2.513259523666986013e+02 1.894699273627075229e+02 2.917215437420178636e-02
2.512381465517241281e+02 1.890356276939655231e+02 2.420827346743294889e-02
2.512055595466155751e+02 1.888825555755108496e+02 2.388399984035759899e-02
2.512343151340996030e+02 1.889094827586206975e+02 2.428310584291187846e-02
2.512959545617815991e+02 1.890709211366539080e+02 2.566750478927203039e-02
2.513995275582694831e+02 1.894626337005108496e+02 2.913723259897828960e-02
2.515197582415389661e+02 1.902409677322796995e+02 3.215048291826309163e-02
2.515989508500957754e+02 1.916791936063218316e+02 3.079352250957854281e-02
2.516345710608237596e+02 1.924547239184227294e+02 2.822677203065133977e-02
2.516923890485312825e+02 1.930309531649106134e+02 2.904493933588761165e-02
2.516684426883780361e+02 1.940945631784802003e+02 2.756325830140485267e-02
2.516903635855683206e+02 1.947021721344189018e+02 3.027219029374201772e-02
2.516722217233397316e+02 1.948379130747126453e+02 3.181373722860791897e-02
2.513835184187420282e+02 1.925034298172094509e+02 2.571988745210727900e-02
2.513129390166027974e+02 1.869440154054917116e+02 4.265195961047254375e-02
2.512503342512771383e+02 1.824746617576628296e+02 4.904513888888888812e-02
2.510727994292784047e+02 1.807225539790868538e+02 5.108057950191571134e-02
2.510651091554917116e+02 1.805705195362388338e+02 4.810225095785440608e-02
2.512624171855044608e+02 1.813568980483716473e+02 4.198096264367816299e-02
2.513305570522030621e+02 1.874375798212005009e+02 3.135975415070242633e-02
2.514754225534802003e+02 1.918242661438378036e+02 3.748104246487866942e-02
2.514715163034802003e+02 1.921762950989783008e+02 4.221044859514687386e-02
2.514781689016602684e+02 1.923824857319604007e+02 3.348249920178799494e-02
2.514398647030651262e+02 1.922457195881225971e+02 2.615142081736909416e-02
2.513537900103767697e+02 1.917715143079501843e+02 2.368444683908045925e-02
2.512693142361111143e+02 1.912703344508301484e+02 1.833143757982120051e-02
2.513079826189335790e+02 1.913040614024585011e+02 2.214788872924648711e-02
2.514360033524904168e+02 1.917935574313537757e+02 2.494163074712643646e-02
2.515711531170178716e+02 1.926386469308748417e+02 2.606162196679438076e-02
2.516326778017241281e+02 1.935384912795338437e+02 2.593690134099616712e-02
2.516349576947637274e+02 1.943879011015325773e+02 2.676255188378033265e-02
2.513183818247126453e+02 1.962293138370051224e+02 1.102280890804597721e-02
2.513857534123563084e+02 1.964505357998084207e+02 1.312310424648786659e-02
2.514660784841954069e+02 1.966936961206896513e+02 1.478937180715197974e-02
2.515972646272350062e+02 1.971918203224776391e+02 2.438038793103448204e-02
2.515073884498722805e+02 1.967868873722860883e+02 2.047663234355044659e-02
2.512750289351851904e+02 1.957568172294061242e+02 1.435534402937420177e-02
2.513885346823116151e+02 1.909520723579182686e+02 3.059646392081736763e-02
2.512992247365900482e+02 1.843186611989144410e+02 5.325820162835249311e-02
2.511087638689335790e+02 1.824563702306832624e+02 4.571010935504470074e-02
2.510237817289271902e+02 1.819379464998403648e+02 4.343769955300127994e-02
2.511274395354406010e+02 1.821385396711366411e+02 4.758590756704980662e-02
2.512879450031928457e+02 1.862727116259578679e+02 3.847132423371647791e-02
2.514884408924010302e+02 1.896234060704022966e+02 4.728158924010217312e-02
2.514827461486270863e+02 1.900590527219029298e+02 4.667794141123882828e-02
2.514512941012132785e+02 1.900828569005427937e+02 3.506146232439336097e-02
2.514133241538952745e+02 1.899587474058109819e+02 3.238246328224776704e-02
2.513433733437100841e+02 1.895079771312260561e+02 2.691969987228607850e-02
2.513028840397509498e+02 1.892051679238505812e+02 2.415589080459770027e-02
2.513419265844508175e+02 1.893362667624521123e+02 2.483437100893997468e-02
2.514476048651021642e+02 1.897157741658684529e+02 2.936671855044699700e-02
2.515326294101213307e+02 1.901578738625478877e+02 3.069125159642401013e-02
2.516038374042145733e+02 1.906522265126117475e+02 3.335278975095785220e-02
2.516514058508940082e+02 1.912190618015644930e+02 2.950890006385695902e-02
2.516731546336206975e+02 1.917003088082694831e+02 3.172643279054916665e-02
2.517169440453384368e+02 1.923020534003831301e+02 2.994791666666666782e-02
2.517047438737228617e+02 1.929284851931673188e+02 3.092323196040868555e-02
2.516836161997126453e+02 1.937948520314495511e+02 3.334780092592592310e-02
2.516631744891443248e+02 1.948371647509578679e+02 2.999032167943805824e-02
2.515549045138888857e+02 1.944816535959450903e+02 2.378921216475095649e-02
2.513288433908045931e+02 1.904896007942209337e+02 2.767550686462324355e-02
2.513339494532247897e+02 1.862499800446998677e+02 4.897778975095785220e-02
2.511487193686143087e+02 1.846254040948275872e+02 4.505407886334610729e-02
2.510635651141443248e+02 1.843619592113665249e+02 3.533834211366539135e-02
2.512965656928480200e+02 1.853752294859514791e+02 3.778037196679438076e-02
2.514321644516283527e+02 1.859126905731162083e+02 5.470994971264368095e-02
2.514321444963282204e+02 1.892003836406449579e+02 3.102550287356321823e-02
2.513529319324712503e+02 1.891080305116539080e+02 3.096314256066411141e-02
2.513424080060664210e+02 1.889386249800446933e+02 2.792993694125159646e-02
2.512844578144955392e+02 1.885396212484035630e+02 1.876546535759897674e-02
2.512341380308109819e+02 1.881866344388569701e+02 1.889018598339719038e-02
2.512476801963601645e+02 1.882240655930715150e+02 2.473708892081736763e-02
2.513336625957854267e+02 1.884586650901979681e+02 2.379918981481481469e-02
2.514703863346104811e+02 1.890026041666666572e+02 2.873563218390804558e-02
2.515482718710089500e+02 1.897400472940612985e+02 3.113775143678160912e-02
2.516091155810983366e+02 1.903653790509259238e+02 3.492177522349936003e-02
2.516923665988186372e+02 1.910801330020753426e+02 3.473718869731801107e-02
2.516967941810344769e+02 1.916581931473499480e+02 3.615900383141762431e-02
2.517161034283205652e+02 1.919860537396232303e+02 3.605673291826309163e-02
2.517132847421775352e+02 1.921460204142720443e+02 3.401131465517241714e-02
2.517174279613665249e+02 1.922506285919540119e+02 3.665040309706257826e-02
2.515305964639208298e+02 1.915998064335887534e+02 2.500399106002554328e-02
2.513433159722222285e+02 1.868195442209450903e+02 3.855613425925925875e-02
2.513277458492975711e+02 1.825622829861111143e+02 4.803490181992337016e-02
2.511464020593869861e+02 1.808375888010855590e+02 4.521621567688378224e-02
2.511653895274585011e+02 1.807850415070242605e+02 4.906509418901660452e-02
2.512800377155172384e+02 1.810757727689974388e+02 4.270434227330779237e-02
2.513667559666347415e+02 1.853469079262452226e+02 3.535829741379310082e-02
2.513329392161558076e+02 1.891468236151021642e+02 4.101313058748403545e-02
2.514364972461685852e+02 1.897583213601532464e+02 4.671036877394636050e-02
2.515093415748722805e+02 1.903318242137611662e+02 3.820192768199233424e-02
2.512997959570562045e+02 1.900759498722860883e+02 1.856092353128991138e-02
2.511986649904214630e+02 1.895591350375159720e+02 1.907976133461047191e-02
2.511715557151979681e+02 1.894206627155172384e+02 1.841125878033205571e-02
2.512453678759578679e+02 1.894637561861430299e+02 2.336017321200510935e-02
2.513868883700510821e+02 1.897820931114303846e+02 3.648078304597700966e-02
2.515506415628991022e+02 1.904623892480842926e+02 4.599197796934866023e-02
2.516365840517241281e+02 1.913490755707215953e+02 5.259468789910600600e-02
2.516923740820562045e+02 1.921426953623882525e+02 6.190882423371647791e-02
2.517253103049169738e+02 1.926661777618135432e+02 6.573026420817369708e-02
2.516900018957535110e+02 1.935564959490740762e+02 6.593979485951469155e-02
2.516441496048850581e+02 1.945726397868774029e+02 5.991329422094508056e-02
2.516092901899744447e+02 1.953112228607918155e+02 3.955888809067688305e-02
2.516383650622605330e+02 1.955720760496487856e+02 3.688986669859514733e-02
2.514066416227649938e+02 1.945090397509578679e+02 2.684985632183908150e-02
2.512985836725734430e+02 1.893696270354406010e+02 3.961625957854406077e-02
2.513046550726373027e+02 1.811984978647828939e+02 5.678280651340995855e-02
2.510925451987547774e+02 1.798436926285121444e+02 4.161927282886334484e-02
2.510489703065134108e+02 1.795454581736909461e+02 4.386923291826309163e-02
2.510861694803639921e+02 1.792760067448914469e+02 3.701458732439336097e-02
2.512971219468390700e+02 1.833207340557152065e+02 5.760596264367816299e-02
2.514586376516602684e+02 1.879519775702426614e+02 4.566271551724138122e-02
2.515695541985951422e+02 1.885794694883460920e+02 6.308618694125159299e-02
2.515297658245530101e+02 1.887740960249042246e+02 4.782038234355044659e-02
2.514894611071200643e+02 1.887297503591954069e+02 4.223040389527458333e-02
2.514693711087164729e+02 1.886890515245849258e+02 3.785270992975734577e-02
2.514682361510216992e+02 1.886665344628033267e+02 3.467981720945083335e-02
2.515095037116858236e+02 1.888717173531289859e+02 3.782527139208173572e-02
2.515373238944763727e+02 1.891841699592911823e+02 3.926704182630906537e-02
2.515824453224776391e+02 1.898210732958173708e+02 3.907247765006385820e-02
2.516463796096743408e+02 1.904014432670817314e+02 5.569274824393358886e-02
2.516391557910280881e+02 1.908520189774904168e+02 4.062150782247764963e-02
2.516360702027458558e+02 1.911757338561621964e+02 3.373443486590037982e-02
2.516679313338122483e+02 1.916746363146551744e+02 3.292375079821200506e-02
2.516736684825989698e+02 1.921334959690293829e+02 3.392899904214559392e-02
2.516940952266922125e+02 1.929645818366858236e+02 3.473219987228608197e-02
2.517019351652298838e+02 1.940340462364303846e+02 5.408135775862069061e-02
2.516620470146870900e+02 1.947421475893997354e+02 3.660550367177522330e-02
2.515440064256066535e+02 1.944538558628671865e+02 2.871567688378033265e-02
2.513440992177522446e+02 1.907388923810664210e+02 3.254958892081737110e-02
2.512550287356321803e+02 1.858422134418901521e+02 4.666297493614304098e-02
2.512828838401979681e+02 1.796093076508620641e+02 5.747126436781609116e-02
2.512368469628033267e+02 1.796080454781289859e+02 5.747874760536398481e-02
2.512978328544061242e+02 1.798445781449553067e+02 5.011773627075351289e-02
2.513255906768837917e+02 1.841413134578544089e+02 3.720915150063856813e-02
2.513673795697637274e+02 1.882880273188058879e+02 3.998293821839080803e-02
2.514094752753831301e+02 1.888634009818007655e+02 4.796755268199233424e-02
2.514218874720625934e+02 1.891890565134099518e+02 3.862597780970625921e-02
2.513133755387931103e+02 1.888333857159961724e+02 2.859345067049808356e-02
2.511728303599936112e+02 1.882833552841634628e+02 2.663034802043422883e-02
2.512235941491059918e+02 1.881560803799489179e+02 2.572238186462324355e-02
2.513140066251596352e+02 1.883830095585887534e+02 2.978577985312898940e-02
2.514616284522669218e+02 1.888979760336845573e+02 4.585977410600255294e-02
2.515697587404214630e+02 1.902600649545019280e+02 3.930695242656449817e-02
2.516781409642401002e+02 1.915848399584929780e+02 6.147479645593869474e-02
2.516449278615900482e+02 1.924498623084291182e+02 6.595725574712643646e-02
2.516097267121647576e+02 1.927309850933908137e+02 4.960388729246487799e-02
2.515775088801085531e+02 1.927645050087803327e+02 4.025981800766283841e-02
2.515538543662196673e+02 1.926978493175287497e+02 3.721663473818646178e-02
2.515218660201149419e+02 1.926674499121966733e+02 3.786767640485312614e-02
2.515824328504150742e+02 1.927514991419220962e+02 4.411867416985951196e-02
2.512998308788314148e+02 1.936475345226692184e+02 1.707425367177522330e-02
2.513723384618454588e+02 1.939484055715197997e+02 2.162156768837803292e-02
2.514902094308748417e+02 1.942218779932950099e+02 2.963611510217113720e-02
2.515235946479885172e+02 1.944033789311941121e+02 3.105793023627075392e-02
2.512828015245849258e+02 1.928713282247765051e+02 2.661538154533844153e-02
2.513312554877075229e+02 1.878788314176245251e+02 3.292624521072796961e-02
2.513601058628671865e+02 1.842712499002234949e+02 5.019256864623244246e-02
2.512207380467752103e+02 1.835986190932311501e+02 4.322068566411238488e-02
2.512253976093550421e+02 1.836067209450830262e+02 5.109804038952745625e-02
2.513304123762771383e+02 1.839890395514048578e+02 5.630138489782886280e-02
2.514233716475095832e+02 1.855083862148786693e+02 4.137731481481481816e-02
2.515036468310983366e+02 1.864665648946360079e+02 7.103587962962963631e-02
2.515430984594508175e+02 1.871954247485632266e+02 8.389208173690931858e-02
2.515115316690612985e+02 1.873504849137931103e+02 6.103827426564495395e-02
2.514476323036398355e+02 1.871691835288952745e+02 4.921974776500638582e-02
2.512648691930076552e+02 1.867637167744252906e+02 3.898766762452107043e-02
2.512192014886653908e+02 1.865137541906130139e+02 3.762072956577267036e-02
2.513221084770114828e+02 1.868815428440293829e+02 3.913733237547892957e-02
2.514510097381864568e+02 1.872784587523946414e+02 4.784283205619412754e-02
2.515305964639208298e+02 1.880847077546296191e+02 4.575001995530012661e-02
2.516310564335887534e+02 1.890105064655172384e+02 6.922493614303959486e-02
2.516210937500000000e+02 1.899479890046296191e+02 7.387202666028097608e-02
2.516242292265325773e+02 1.907270788433908137e+02 4.850135696040868555e-02
2.516471678440293829e+02 1.912536917305236273e+02 4.779793263090676564e-02
2.516469707854406010e+02 1.917018553440293829e+02 4.542574632822477670e-02
2.517107953184865892e+02 1.922341779414112466e+02 6.010286957215836556e-02
2.516572078544061242e+02 1.938222207255747094e+02 3.505896791187739642e-02
2.516296994731800680e+02 1.952604391163793025e+02 5.929966874201787752e-02
2.515643458652617994e+02 1.966539252075351101e+02 5.535350814176245166e-02
2.515890006385696154e+02 1.972900777258940082e+02 3.039691091954023136e-02
2.513727525343231264e+02 1.961665594069284850e+02 2.114014607279693370e-02
2.514309147509578679e+02 1.915006884578544089e+02 3.928699712643678177e-02
2.513072667225414989e+02 1.825478528097062565e+02 4.920727570242656307e-02
2.512242252354725451e+02 1.785753088082694831e+02 6.747385855683268874e-02
2.511110213122605330e+02 1.770633356281928457e+02 5.736899345466155847e-02
2.510265654932950099e+02 1.761234933748403648e+02 5.134997605363984807e-02
2.513510760895593990e+02 1.784117177522350062e+02 5.461516203703703498e-02
2.514454322318007655e+02 1.793171096743295152e+02 7.645124920178798800e-02
2.513836830499680843e+02 1.837750813178480200e+02 6.579511893358876151e-02
2.513497690174010302e+02 1.839208123802681882e+02 6.074143917624521410e-02
2.513764392760216992e+02 1.866405751117496834e+02 4.237009099616858426e-02
2.512681917504789340e+02 1.864149530052681882e+02 3.648327745849297421e-02
2.513075086805555429e+02 1.866033360272988375e+02 3.541816331417624308e-02
2.513715552163154427e+02 1.870439939535440601e+02 3.500907966155811235e-02
2.514800297333972026e+02 1.874880168422733107e+02 5.249241698595146638e-02
2.515653336526181363e+02 1.887138784123563084e+02 4.542325191570881215e-02
2.516206547333972026e+02 1.898089554398148096e+02 6.241269556194125462e-02
2.515886289711047255e+02 1.908032008301404971e+02 7.504440054278416206e-02
2.515725350215517153e+02 1.920023846583652585e+02 4.591465118135376611e-02
2.516059776101532464e+02 1.936364718031609300e+02 6.901540549169860039e-02
2.516303480204342407e+02 1.947219203983077875e+02 6.223060344827586327e-02
2.516208468031609300e+02 1.952781868614303846e+02 4.427332774584930020e-02
2.516590212923052263e+02 1.956591609794061242e+02 3.679757343550447285e-02
2.516610243055555429e+02 1.961208817249361402e+02 3.305096583652618325e-02
2.514541152817688499e+02 1.951901590437420282e+02 2.309077666028096915e-02
2.514978423331736792e+02 1.953273766762452226e+02 2.887033045977011395e-02
2.514830180395913146e+02 1.953272993494572063e+02 2.619881465517241367e-02
2.514021217472860883e+02 1.917714120370370381e+02 2.677003512132822630e-02
2.512801674249680843e+02 1.859144092233397316e+02 3.916975973818646178e-02
2.513216046056832624e+02 1.804554223539271902e+02 6.445312500000000000e-02
2.512161558109833948e+02 1.778227270913154427e+02 3.656060424648786833e-02
2.511144760735951422e+02 1.771399964080459881e+02 3.123752793742017725e-02
2.510003641842273225e+02 1.768557356521392023e+02 3.271671455938697515e-02
2.513394421495849258e+02 1.806936362547892827e+02 6.927482439335887199e-02
2.515544031369731783e+02 1.817940288753192988e+02 9.007822477650063997e-02
2.514467617536717796e+02 1.874288518718071543e+02 6.205848898467433011e-02
2.515188901859833948e+02 1.879835917544699839e+02 7.829212563856960405e-02
2.514872086526181363e+02 1.886771456936462243e+02 7.868125399106003226e-02
2.514393857758620641e+02 1.889866224656768736e+02 7.029503911238825509e-02
2.514703763569604007e+02 1.893261120090996030e+02 6.969388569604087480e-02
2.515237318406768736e+02 1.895662890126117475e+02 7.628911238825031305e-02
2.515192618534482847e+02 1.899522295059067574e+02 5.797264128352490331e-02
2.515123573196040923e+02 1.902515041307471222e+02 6.178160919540229973e-02
2.515336122086526132e+02 1.907490670897190341e+02 4.801744093231162525e-02
2.516265864463601645e+02 1.914037106880587373e+02 6.391183748403575504e-02
2.515706617177522446e+02 1.934229451029693507e+02 6.703484195402298340e-02
2.514838860951468575e+02 1.965551788992656554e+02 4.389916586845465929e-02
2.515269496328224648e+02 1.974125084810025612e+02 4.427582215836526475e-02
2.515188901859833948e+02 1.976709795059067574e+02 3.199084051724138122e-02
2.513727126237228617e+02 1.947992297254150742e+02 3.031210089399744706e-02
2.511816256585248937e+02 1.938963696320242605e+02 2.525093789910600253e-02
2.511850405092592666e+02 1.931519022389846612e+02 1.876546535759897674e-02
2.511306124281609300e+02 1.926745066052043285e+02 1.735612228607918278e-02
2.510899011214878556e+02 1.919927686981162083e+02 1.562250558748403545e-02
2.509461157008301484e+02 1.913514178240740762e+02 1.864074473180076658e-02
2.509565548172094509e+02 1.902219129150702486e+02 2.875059865900383288e-02
2.511941525981800680e+02 1.869421770234674227e+02 5.174908205619412754e-02
2.511547708133780361e+02 1.811636384498722805e+02 5.411129070881225828e-02
2.511827556273946414e+02 1.760680176404853228e+02 6.748633061941251843e-02
2.510390051285121444e+02 1.738002574233716473e+02 6.982110073435504605e-02
2.511880811981162083e+02 1.743642366099936112e+02 7.216834291187738948e-02
2.513145179797254229e+02 1.827056044460408657e+02 5.858876117496807090e-02
2.514121567688378036e+02 1.894490216914112466e+02 5.226791985951468461e-02
2.514588945761494188e+02 1.961691560903576033e+02 4.080110552362707643e-02
2.516103802482439278e+02 1.990754584730204328e+02 3.908245530012771640e-02
2.515684391962005009e+02 2.016922543502554390e+02 3.330539591315453268e-02
2.516034607479246574e+02 2.034605034722222285e+02 3.248223978288633518e-02
2.514126855842911823e+02 2.021652772788952745e+02 1.861580060664112454e-02
2.513177033445082884e+02 2.002114214160280881e+02 1.394127155172413847e-02
2.512385207136015310e+02 1.992835772868774029e+02 1.732120051085568255e-02
2.512210174209770059e+02 1.991256510416666572e+02 1.531569284802043393e-02
2.511972706138250260e+02 1.985350464958492864e+02 1.233736430395913214e-02
2.512865007383460920e+02 1.938769905411877517e+02 1.630098579182630986e-02
2.512707809506704848e+02 1.887241603807471222e+02 3.458502953384418738e-02
2.510897739064495511e+02 1.876877768797892827e+02 2.583712484035759899e-02
2.510867107678799357e+02 1.863586640924329458e+02 2.218281050446998734e-02
2.510446050846104811e+02 1.850368574393358756e+02 2.609654374201788099e-02
2.509265345625798318e+02 1.836515729765325773e+02 3.081597222222222376e-02
2.509473878512132785e+02 1.829083502953384368e+02 3.914980443805874538e-02
2.509341924090038276e+02 1.826035181194125130e+02 4.207325590676883748e-02
2.512853632862388338e+02 1.853295168821838956e+02 3.618145354406130526e-02
2.511573949353448256e+02 1.846086765644955392e+02 3.315573116219668048e-02
2.511514657167943767e+02 1.845692773188058879e+02 4.093580379948914133e-02
2.511068930595466213e+02 1.841286268757982043e+02 3.130487707535121317e-02
2.510265455379948776e+02 1.821557710727969379e+02 4.736889367816091850e-02
2.512333373243933465e+02 1.762815867456896513e+02 6.380457774584930020e-02
2.512566301484674227e+02 1.707239857718710141e+02 7.377973339719029466e-02
2.513710737946998677e+02 1.715816595825351101e+02 9.493484594508301566e-02
2.512941960009578679e+02 1.755798860552362726e+02 8.908045977011494476e-02
2.513773996248403648e+02 1.762200670498084207e+02 1.086117097701149448e-01
2.512404888050766374e+02 1.818260646152617994e+02 3.292624521072796961e-02
2.512923501356960401e+02 1.861380856880587373e+02 3.627374680715197974e-02
2.512221598619093186e+02 1.859983087883141764e+02 3.546805156449552715e-02
2.511012332375478877e+02 1.854474726612388338e+02 2.900253432311622123e-02
2.509841080978607977e+02 1.842278371447956715e+02 3.565263809067688305e-02
2.509301464719029298e+02 1.835146372126436916e+02 3.578484195402299034e-02
2.509782412396232303e+02 1.817613994651979681e+02 3.593201229246487799e-02
2.509143393797892827e+02 1.796922094508301484e+02 4.385426644316730432e-02
2.512551434786079199e+02 1.816663897868774029e+02 6.048451468710089318e-02
2.513497016682630942e+02 1.819650283365261885e+02 6.865371567688377530e-02
2.514792714319923448e+02 1.842223394596104811e+02 7.126785999361430479e-02
2.515183488984674227e+02 1.847707410400702486e+02 8.284692289272030385e-02
2.514166965996168699e+02 1.895294365621008978e+02 5.476732120051085867e-02
2.515009728208812305e+02 1.898945561941251583e+02 6.579511893358876151e-02
2.515314545418263208e+02 1.908070023148148096e+02 6.816730523627075045e-02
2.515392221424010302e+02 1.919192733277458558e+02 4.158684546615581262e-02
2.515798511334610339e+02 1.926396072796934789e+02 5.907018279054916665e-02
2.515960847701149419e+02 1.927837069963282204e+02 5.783544859514687386e-02
2.515440662915070220e+02 1.926955694244891504e+02 4.289890644955299953e-02
2.515399230723180040e+02 1.927600649545019280e+02 5.028985073435504605e-02
2.515777608157726775e+02 1.929689969468390700e+02 5.245250638569604051e-02
2.516291531968390700e+02 1.936282477250957754e+02 6.476742097701149170e-02
2.514589245090996030e+02 1.928797568446679520e+02 5.136743694125159299e-02
2.512354351253192988e+02 1.859277493414751063e+02 5.622655252234993323e-02
2.512248687939016634e+02 1.772610926524585011e+02 7.358516922094508750e-02
2.511623887492017957e+02 1.717525443007662886e+02 7.683538872924648711e-02
2.510250389128352424e+02 1.703188981681034591e+02 6.302382662835248617e-02
2.510751017720306493e+02 1.703293173291826292e+02 7.061931273946360499e-02
2.512482938218390700e+02 1.762113815054278518e+02 7.835947477650063997e-02
2.513202251955619317e+02 1.826934092632503166e+02 7.269216954022988952e-02
2.514192583612707494e+02 1.885802128232758719e+02 6.565792624521073206e-02
2.514836990142081845e+02 1.891049873283844249e+02 7.682042225415069980e-02
2.514267191491059918e+02 1.890063432910280881e+02 5.907517161558109575e-02
2.511738156529374066e+02 1.878759453823435592e+02 4.003033205619412754e-02
2.510238839998403648e+02 1.866020538992656554e+02 3.384418901660281309e-02
2.510647399824393347e+02 1.865237966954022966e+02 3.930445801404853362e-02
2.512245021152617994e+02 1.870393668183269540e+02 5.344029374201787752e-02
2.513907197876756072e+02 1.878287959969667895e+02 6.340547174329501379e-02
2.515079372206257915e+02 1.887296056832694831e+02 6.854645593869732045e-02
2.515588631465517153e+02 1.894194803639846612e+02 5.518139367816091850e-02
2.516258356281928457e+02 1.899532846424010302e+02 7.347790948275861878e-02
2.515651690213920801e+02 1.899423840597062565e+02 6.444564176245211329e-02
2.514749211765644930e+02 1.897174953105044608e+02 4.910749920178799494e-02
2.513788887891123807e+02 1.895593445681673188e+02 4.610422653256705111e-02
2.513034652378671865e+02 1.857851836885376713e+02 5.680525622605363950e-02
2.511815258820242605e+02 1.853255283165708818e+02 5.171416028097062384e-02
2.510901331018518476e+02 1.844954701468710141e+02 4.927961366538952809e-02
2.510425471942847935e+02 1.827544151101532464e+02 4.633371248403576198e-02
2.512516138848978358e+02 1.770133700510855590e+02 6.806503432311622470e-02
2.512224068087484170e+02 1.701143762970945090e+02 7.626167385057470993e-02
2.512424718630268217e+02 1.649617357120051224e+02 9.355543582375479283e-02
2.509882987108876193e+02 1.631249600893997354e+02 8.210857678799489412e-02
2.509735991379310462e+02 1.627406434586526132e+02 9.151500638569604051e-02
2.511327326787994991e+02 1.685831861629948776e+02 9.899076069604087480e-02
2.512636070202745771e+02 1.760997116459131462e+02 8.553839399744572747e-02
2.513893104446040923e+02 1.803520938098658917e+02 7.790050287356321823e-02
2.514005128512132785e+02 1.821151495649744447e+02 8.217842033844188765e-02
2.514424963082694831e+02 1.827842956776819960e+02 8.479505906768837475e-02
2.514648462444125130e+02 1.833951324034163406e+02 6.364992416985951196e-02
2.515391073994252906e+02 1.842934751157407334e+02 8.626426803959132139e-02
2.512144920378352424e+02 1.846347880747126453e+02 3.277159163473818831e-02
2.510958278456257915e+02 1.838574318526500520e+02 3.046675446998722836e-02
2.510773791706577356e+02 1.812890450391123807e+02 4.929458014048531539e-02
2.509160156250000000e+02 1.802991199712643606e+02 3.684496727330779237e-02
2.511161922294061242e+02 1.810936926285121444e+02 5.730663314176245166e-02
2.514281085368774029e+02 1.827943182271711464e+02 7.534871886973179556e-02
2.515155601452745771e+02 1.838029912994891504e+02 8.824982040229885361e-02
2.516118095466155751e+02 1.854669016403256592e+02 9.586027298850574585e-02
2.516115476333013987e+02 1.885108307391443248e+02 7.684786079182630292e-02
2.515024619851532464e+02 1.920120679677522446e+02 6.382952187100894570e-02
2.515645379350255553e+02 1.923663917824074190e+02 7.054946918901659758e-02
2.514516857239783008e+02 1.962859444843550421e+02 5.152707934227331033e-02
2.512524619851532464e+02 1.949802916467113789e+02 3.920468151340995855e-02
2.513017964758940082e+02 1.901790264806832624e+02 4.582984115581098528e-02
2.512665030332056233e+02 1.818908145753512144e+02 5.892051803959131445e-02
2.512659417903895189e+02 1.736032063178480200e+02 1.115551165389527394e-01
2.512348564216155751e+02 1.658520987986909461e+02 9.568566411238825509e-02
2.511227375678480200e+02 1.625617716315453265e+02 9.293931593231162525e-02
2.509932975135696154e+02 1.611123383620689538e+02 8.937729485951469155e-02
2.513090327666027974e+02 1.657726642321200643e+02 8.592502793742018419e-02
2.513368729046934789e+02 1.722180989583333428e+02 8.954691491060025321e-02
2.513602505387931103e+02 1.773237996886973065e+02 8.125548770753511507e-02
2.514970067049808335e+02 1.800723504350255553e+02 7.818736031289910682e-02
2.514619352650063888e+02 1.828698041387292506e+02 7.329082854406129832e-02
2.514611869412515830e+02 1.842361834490740762e+02 8.659353049169860039e-02
2.515049139926564408e+02 1.851061347581417635e+02 5.605693247126436463e-02
2.516003826428799357e+02 1.861611565094189018e+02 7.578274664750957179e-02
2.515332904294380683e+02 1.878544285799808335e+02 8.149994013409961324e-02
2.514597975534802003e+02 1.915389901620370381e+02 4.450031928480204652e-02
2.512290070242656554e+02 1.902869372605364049e+02 3.315573116219668048e-02
2.513183768358876193e+02 1.907668946559706171e+02 4.065144077266922423e-02
2.512167419979246574e+02 1.897030900782247897e+02 2.895015166028096915e-02
2.511280007782567054e+02 1.895321255387931103e+02 3.099058109833971800e-02
2.512353727650063888e+02 1.865474337484035630e+02 3.073864543422732964e-02
2.511524460209131462e+02 1.861120465158045931e+02 3.209560584291187846e-02
2.512882193885696154e+02 1.810171266363346092e+02 4.841405252234993323e-02
2.511247206257982043e+02 1.799824393358876193e+02 3.970605842911877070e-02
2.512827666028097156e+02 1.728176609394955392e+02 7.369741778416347144e-02
2.512558918023626973e+02 1.639223214998403648e+02 8.373493374840357273e-02
2.512022793941570740e+02 1.562950989782886211e+02 1.017420977011494199e-01
2.509936068207215953e+02 1.544891268558429260e+02 8.832964160280970534e-02
2.511810070442209337e+02 1.551116748483397316e+02 1.023282846424010267e-01
2.512786483277458558e+02 1.622026485672094509e+02 1.019067289272030663e-01
2.513406818726053586e+02 1.691118419739783008e+02 9.413413952745849911e-02
2.513353188856960401e+02 1.762374980044699839e+02 7.923501356960409303e-02
2.514546840078224648e+02 1.782704367217432946e+02 8.879360233077905618e-02
2.514989373802681882e+02 1.792401745090996030e+02 1.010087404214559392e-01
2.513888938777139117e+02 1.791058429118774029e+02 6.979865102171137203e-02
2.512578499161877517e+02 1.783720017161558076e+02 5.429088840996168508e-02
2.511221289311941121e+02 1.780781125279374066e+02 5.094338681353767495e-02
2.512076673251915793e+02 1.782689276021711464e+02 5.928719667943806171e-02
2.513503003272669218e+02 1.788642715317688499e+02 6.194624042145593923e-02
2.515281669061302807e+02 1.800512152777777715e+02 7.550087803320562618e-02
2.515264881665070220e+02 1.810323799688697193e+02 8.730942688378033611e-02
2.515171241419220962e+02 1.818386863425925810e+02 8.418891682630906537e-02
2.515192044819604007e+02 1.827430356002554390e+02 8.890834530651341161e-02
2.515471468909642283e+02 1.837028955140485209e+02 9.550107758620689224e-02
2.515098878512132785e+02 1.841828204821200643e+02 6.132263729246487799e-02
2.513715402498403648e+02 1.838949128951149419e+02 5.574762531928480203e-02
2.512563856960408657e+02 1.832390644955300161e+02 4.209570561941251843e-02
2.512749640804597675e+02 1.787363730244252906e+02 3.430814974457215699e-02
2.512557995090996030e+02 1.687606885576309139e+02 6.368983477011494476e-02
2.511876346982758719e+02 1.646634588521711464e+02 9.643897669220945212e-02
2.511612687579821284e+02 1.646005672294061242e+02 9.464798850574712707e-02
2.512439360831736792e+02 1.649366518997445610e+02 9.984634418901659758e-02
2.513741893159323126e+02 1.705296934865900482e+02 9.458812260536397787e-02
2.515718615301724128e+02 1.718561098140166052e+02 1.316925087803320626e-01
2.514588022828863245e+02 1.738637127833652585e+02 1.252195083014048527e-01
2.515219982239783008e+02 1.749037331377713826e+02 1.217672413793103453e-01
2.515136394476373027e+02 1.750851342991698516e+02 1.220091993933588720e-01
2.513648552242975711e+02 1.747428086087164729e+02 1.077236989144316759e-01
2.512729710448595029e+02 1.744416107918263208e+02 8.551344987228608197e-02
2.511875473938378036e+02 1.741442967752234949e+02 8.026520593869732045e-02
2.511305351013729137e+02 1.739098095266602684e+02 7.269965277777777624e-02
2.512465577107279557e+02 1.742381864623243928e+02 8.122555475734355435e-02
2.513567184506704848e+02 1.746666292504789340e+02 8.988864942528736190e-02
2.514085747924648899e+02 1.750456228049169738e+02 1.002130228288633518e-01
2.514707754629629619e+02 1.756680336047254229e+02 1.056234035759897882e-01
2.514869916387292506e+02 1.771614209171455911e+02 1.122086526181353822e-01
2.515019780691251583e+02 1.785654359235312825e+02 1.091330419859514733e-01
2.514768593350893866e+02 1.797391343390804650e+02 1.005697238186462339e-01
2.514696280332056233e+02 1.804566670657726775e+02 1.006071400063856952e-01
2.515251137452107173e+02 1.812713347102490502e+02 1.039696080779054926e-01
2.515386534163473868e+02 1.819476971583652585e+02 7.776331018518518878e-02
2.514611644915389661e+02 1.819056488465836594e+02 7.521152618135376611e-02
2.514315233876117475e+02 1.818048197038633589e+02 7.283684546615580568e-02
2.513296440972222285e+02 1.814765525223499480e+02 5.342782167943806171e-02
2.512125813178480200e+02 1.790930715197956715e+02 5.582744651979566070e-02
2.511802637092911823e+02 1.710581173172094509e+02 9.224836366538952115e-02
2.511787645673690861e+02 1.621979865102171061e+02 1.025976811941251565e-01
2.510945008181673188e+02 1.560079920977011625e+02 1.359853927203065194e-01
2.509346688417943767e+02 1.544367541706577356e+02 1.046680435823754834e-01
2.509291661677841603e+02 1.539527258939974388e+02 1.038847980523627118e-01
2.511943746008940082e+02 1.572682690772669218e+02 1.186841475095785498e-01
2.512045168821838956e+02 1.626008091874201682e+02 1.066261574074074125e-01
2.513141238625478877e+02 1.689493534482758719e+02 1.029992816091954005e-01
2.512940987188697193e+02 1.690810758900063888e+02 1.021910919540229834e-01
2.512914995410280881e+02 1.730515694843550421e+02 6.284672333971902392e-02
2.510847351931673188e+02 1.722808159722222285e+02 5.796765245849297421e-02
2.510174908205619317e+02 1.714463850973818637e+02 5.807990102171136509e-02
2.511777792744252906e+02 1.722291442169540119e+02 7.281439575351213167e-02
2.513405072637292506e+02 1.735814725015964370e+02 8.850674489144316759e-02
2.514584879869093186e+02 1.747106356760855590e+02 9.305904773307790978e-02
2.514511544141123807e+02 1.769156938457854267e+02 1.007218829821200506e-01
2.514689171256385691e+02 1.782722850814176354e+02 9.632423371647509669e-02
2.514995634778097156e+02 1.798338571599616955e+02 9.550357199872286373e-02
2.515079771312260561e+02 1.814053295617815991e+02 9.493484594508301566e-02
2.514823370649744447e+02 1.820189176245210660e+02 9.000089798850574585e-02
2.514387023068326812e+02 1.822195058069923448e+02 6.653845386334610035e-02
2.512806413633460920e+02 1.817737592792145733e+02 5.973619093231162525e-02
2.512160136294699839e+02 1.770971149624840280e+02 7.280691251596424496e-02
2.512288523706896513e+02 1.771755592472860883e+02 7.861141044061302485e-02
2.511943995450191665e+02 1.772024091036079199e+02 8.440094189016603132e-02
2.511141942049808335e+02 1.761811542145593990e+02 5.857628911238824815e-02
2.511642695362388338e+02 1.693006315852490502e+02 7.211097142401021176e-02
2.511561078184865892e+02 1.602152054398148096e+02 1.135456577266922146e-01
2.510993075510855590e+02 1.541974152897509498e+02 1.362198674968071455e-01
2.509433144755747094e+02 1.532882418382822607e+02 1.046430994572158379e-01
2.510366553919220962e+02 1.538473718869731783e+02 1.257183908045977072e-01
2.511903037196679520e+02 1.609818331936462243e+02 1.171899944125159576e-01
2.511927756824712503e+02 1.682663907846423967e+02 6.537855204342273019e-02
2.512626915708812305e+02 1.742510601253192988e+02 6.415878432311622470e-02
2.512986210887611662e+02 1.747625793223180040e+02 8.151241219667944293e-02
2.512414092432950099e+02 1.746208393199233626e+02 7.613445881226053868e-02
2.510776735113346092e+02 1.739750608636653908e+02 5.604695482120051336e-02
2.509350205539591343e+02 1.730486136055236273e+02 4.948664990421455800e-02
2.508893279054917116e+02 1.727348090277777715e+02 5.311851452745849217e-02
2.510587184706257915e+02 1.732743778935185048e+02 6.427851612388250924e-02
2.511774175846104811e+02 1.738221733317369058e+02 7.183159722222222376e-02
2.513892879948914469e+02 1.747944753751596352e+02 9.287945003192847604e-02
2.515380447796934789e+02 1.770614423690932426e+02 1.137701548531289963e-01
2.514116279533844249e+02 1.802739937539910500e+02 1.147180316091954005e-01
2.514294879469987336e+02 1.829864503512132785e+02 9.810025542784163444e-02
2.515622056593231264e+02 1.850865910360791702e+02 8.824233716475095302e-02
2.515821110712005009e+02 1.865553784522669218e+02 9.526410839719029466e-02
2.515799359434865892e+02 1.882493589359833948e+02 8.939974457215836556e-02
2.512898981281928457e+02 1.869291412236590020e+02 6.246008939974457413e-02
2.512147614343869861e+02 1.867392740261813628e+02 5.153456257982120398e-02
2.513015420458173708e+02 1.869877524345466213e+02 5.748124201787994936e-02
2.513020733556832624e+02 1.832534672333972026e+02 6.636883381226053868e-02
2.513163214399744447e+02 1.834441900143678197e+02 6.533365261813538216e-02
2.511835338840996030e+02 1.823731092353129100e+02 5.388928799489144106e-02
2.512399749560983366e+02 1.757451009738186372e+02 7.929737388250318597e-02
2.512416212683588697e+02 1.683986919300766374e+02 1.092802123243933610e-01
2.511821844069284850e+02 1.576457235791826292e+02 1.502135217113665377e-01
2.510535151261175031e+02 1.561003751596423967e+02 1.266837284482758563e-01
2.509421470905172384e+02 1.544582460288952745e+02 1.145509059706257965e-01
2.511595276580459881e+02 1.591580335049489179e+02 1.134359035759897882e-01
2.513137397230204328e+02 1.664470560943486532e+02 1.050920937100894015e-01
2.512726816930076552e+02 1.737411722741059918e+02 8.007563058748404239e-02
2.512833827227011625e+02 1.739873059347062565e+02 9.242796136653895489e-02
2.512938368055555429e+02 1.743044181034482847e+02 1.014103408365261833e-01
2.512015310704022966e+02 1.740612004110791702e+02 8.888340118135376611e-02
2.511452621128671865e+02 1.737917913872924771e+02 7.973389607279693370e-02
2.510761818526500520e+02 1.735980478727649938e+02 7.247765006385696596e-02
2.511177163154533787e+02 1.736681458532886211e+02 7.693765964240102673e-02
2.512605962643678197e+02 1.744258934985632266e+02 9.065692848020434624e-02
2.513354286398467536e+02 1.751660779853129100e+02 9.982888330140485267e-02
2.514066915110153388e+02 1.759620624800446933e+02 1.164491538952745903e-01
2.515159318127394670e+02 1.770929368215197997e+02 1.130916746487867219e-01
2.514862058987867215e+02 1.779072727091315471e+02 1.011608995849297560e-01
2.515122325989783008e+02 1.786207669819604007e+02 1.032811502234993600e-01
2.514886304677522446e+02 1.795934032766602684e+02 1.086990142081736971e-01
2.514770439216155751e+02 1.807479870090996030e+02 9.457066171775223296e-02
2.514443895673690861e+02 1.829652628113026935e+02 8.859654374201787752e-02
2.514861634937739439e+02 1.856201733117815991e+02 6.878841395274584714e-02
2.514692987707535110e+02 1.864206252993295152e+02 6.892061781609194748e-02
2.512076997525542765e+02 1.853624955100574709e+02 4.923221982758620857e-02
2.512664456617177393e+02 1.786326852849616955e+02 6.218071519795657920e-02
2.512760815772669218e+02 1.673608367257343446e+02 1.194898427522349954e-01
2.511184147509578679e+02 1.660305216315453265e+02 1.078983077905491667e-01
2.511398866538952745e+02 1.661592732279693507e+02 1.029319324712643646e-01
2.511405751117496834e+02 1.659470411278735753e+02 7.983117816091954422e-02
2.511882059187420282e+02 1.703749825391123807e+02 7.602470466155811235e-02
2.513649200790229941e+02 1.713312230603448256e+02 9.902318805874840701e-02
2.513820417265325773e+02 1.722452406609195350e+02 1.074094029374201842e-01
2.513314251077586334e+02 1.723806722940612985e+02 1.072821878991059991e-01
2.511898522310025612e+02 1.718865516243614309e+02 9.114832774584930020e-02
2.510818491578863245e+02 1.715083288433908137e+02 8.370500079821201200e-02
2.512139357838441924e+02 1.718320536997126453e+02 7.840187978927203039e-02
2.511747360911558076e+02 1.721942872964559399e+02 5.300626596424010128e-02
2.512492691371328135e+02 1.725021152618135432e+02 6.046206497445721917e-02
2.513596344189016634e+02 1.732829536837484170e+02 8.015794620051085173e-02
2.515598858556832624e+02 1.742109599497126453e+02 1.114428679757343554e-01
2.516927731880587373e+02 1.750581522389846612e+02 1.349801444763729374e-01
2.517472287076947737e+02 1.758999790469348738e+02 1.524659762132822560e-01
2.517114937539910500e+02 1.772352754829182686e+02 1.669161079182630847e-01
2.515181992337164729e+02 1.785647948595146772e+02 1.419046336206896686e-01
2.515279997804917116e+02 1.790196908924010302e+02 1.426903735632183978e-01
2.515094712843231264e+02 1.792877105284163406e+02 1.357584011813537661e-01
2.514631250997765051e+02 1.793795772469667895e+02 1.236754669540229834e-01
2.514905461765644930e+02 1.795765285759897836e+02 1.258755387931034531e-01
2.515169545218710141e+02 1.799659662356321803e+02 1.296944843550446869e-01
2.513039890644955392e+02 1.792376900742337114e+02 1.001805954661558057e-01
2.512276276141443248e+02 1.730624226732120121e+02 8.083892081736909763e-02
2.512938243334929780e+02 1.662217857000319157e+02 1.333812260536398342e-01
2.511344338681353747e+02 1.626015200949872224e+02 1.360153256704980940e-01
2.510122201269157074e+02 1.620732384458812305e+02 1.178535081417624586e-01
2.510604620649744447e+02 1.618871976772030621e+02 1.150946878991059991e-01
2.512607309626436916e+02 1.669584430874840280e+02 9.736440373563218231e-02
2.514050402099297514e+02 1.691913014846743408e+02 1.167160560344827624e-01
2.514424439256066535e+02 1.710068272070562045e+02 1.147005707215836556e-01
2.514055066650702486e+02 1.717532252753831301e+02 1.188412954980842956e-01
2.514087169739783008e+02 1.721099861310664210e+02 1.104825191570881215e-01
2.512692194484355070e+02 1.718598439495530101e+02 1.068880707215836556e-01
2.512141103927203005e+02 1.715083163713282204e+02 9.459311143039590697e-02
2.512862488026819960e+02 1.718511608995849258e+02 1.035829741379310359e-01
2.514117451907726775e+02 1.727237961965197997e+02 1.198215996168582320e-01
2.514426035680076552e+02 1.735479475973818637e+02 1.272300047892720443e-01
2.514591689615261885e+02 1.747592542704342407e+02 1.303330539591315562e-01
2.514415259818007655e+02 1.763932615940293829e+02 1.263644436462324494e-01
2.514643224177841603e+02 1.774655247246168699e+02 1.404803240740740700e-01
2.514491389287994991e+02 1.785303046176564408e+02 1.241893159323116252e-01
2.515148342712324450e+02 1.793966465118135432e+02 1.271851053639846685e-01
2.515011000359195350e+02 1.812376252195082884e+02 1.123483397190293692e-01
2.515318586366539080e+02 1.826806428599936112e+02 1.147579422094508333e-01
2.515731486470306493e+02 1.833466085967432946e+02 1.160076428799489134e-01
2.515378078105044608e+02 1.839418677163154427e+02 1.006221064814814825e-01
2.515112547892720443e+02 1.845750718390804650e+02 9.544620051085568602e-02
2.511767939814814952e+02 1.821464170258620641e+02 5.593969508301405158e-02
2.512182935225095832e+02 1.821739453623882525e+02 6.363495769476372466e-02
2.511028296615581041e+02 1.814172977530332105e+02 5.905771072796935084e-02
2.511521192528735753e+02 1.748173940373563084e+02 9.448086286717752302e-02
2.512283110831736792e+02 1.681283998842592666e+02 1.110662116858237569e-01
2.512007503192847935e+02 1.633302726891762404e+02 1.185444604086845488e-01
2.510057695761494188e+02 1.619535864663154427e+02 9.550357199872286373e-02
2.509913643438697193e+02 1.613111555116539080e+02 9.159732199872286373e-02
2.511759633421136755e+02 1.667240780651341083e+02 1.005048690932311556e-01
2.512904643598339760e+02 1.674012162755427937e+02 1.230044699872286096e-01
2.512695262611749740e+02 1.740437470067049901e+02 8.269476372924648711e-02
2.513538124600893866e+02 1.746222187300446933e+02 9.561831497445721917e-02
