2.516335048395615672e+02 1.664198519942791563e+02 4.694790127413104308e-01
2.516992202104363514e+02 1.833592076293566322e+02 5.019761790311382255e-01
2.517528440954975224e+02 1.838858385705044896e+02 5.024924780572913585e-01
2.519600699080750417e+02 1.846574919736272022e+02 4.952375865691039381e-01
2.518384577495296810e+02 1.856339232198068885e+02 3.039517646151198571e-01
2.517675912573364769e+02 1.861102743506204433e+02 2.277887565501729994e-01
2.515565050710059438e+02 1.865012017304919141e+02 1.318402202875844920e-01
2.515153524779385918e+02 1.870145928655782939e+02 8.350691662660898740e-02
2.513044947687633055e+02 1.861640822043001151e+02 5.579293441815473542e-02
2.512531497207831137e+02 1.802792495267258914e+02 5.367729530523954184e-02
2.510976339261870294e+02 1.782648643676523932e+02 6.257900265270878448e-02
2.510808631095444241e+02 1.776885678339772312e+02 6.329707371207131394e-02
2.510793557537669187e+02 1.777016118024770606e+02 5.786406499433258133e-02
2.511472312722913500e+02 1.778897553217373684e+02 6.481926566848854321e-02
2.512693983039280283e+02 1.785198567418564153e+02 7.136202056887844258e-02
2.513266629872942985e+02 1.788840908686285900e+02 7.429068228619582770e-02
2.513845774952969236e+02 1.793349771819568446e+02 8.163162361207546014e-02
2.512939640489712474e+02 1.790842131187428379e+02 8.089871637380049996e-02
2.513798536559312140e+02 1.795678043048656605e+02 7.843887791011650013e-02
2.514107455476627138e+02 1.796886301459286699e+02 7.752496928910965202e-02
2.514153833371907467e+02 1.797521735002106595e+02 7.598200668221498366e-02
2.514741168022693500e+02 1.811973745897796562e+02 6.538007323137910720e-02
2.514763155239841694e+02 1.823361403383835579e+02 6.396173452734901788e-02
2.513865536743280700e+02 1.821302853887375477e+02 6.163838890965953748e-02
2.514682565115989235e+02 1.836977870355534321e+02 6.416647379634080051e-02
2.514349611588835955e+02 1.837332425359183787e+02 6.205083468342561387e-02
2.513284136564059565e+02 1.831890040176372452e+02 5.032431887102612605e-02
2.514425691514299217e+02 1.839681793634685789e+02 5.739227450491671267e-02
2.513184585803557241e+02 1.835435619885227254e+02 5.079314212465951134e-02
2.512655676025328262e+02 1.832734040722343991e+02 4.819681081498097819e-02
2.513118950548048360e+02 1.835153079694018743e+02 4.926501569667728758e-02
2.512707394945017256e+02 1.833781652987709663e+02 5.071599399431477723e-02
2.511660939901606469e+02 1.829152587132878693e+02 4.217925664809177300e-02
2.510775932157121133e+02 1.821624175850261338e+02 4.625623861323268499e-02
2.510306307749826544e+02 1.811100636768798893e+02 4.251158705573062496e-02
2.511247960025399664e+02 1.781298046965407877e+02 6.715744746509047514e-02
2.512254654109324861e+02 1.734150183671895036e+02 9.507023447097152913e-02
2.512289756508631626e+02 1.686398191173067005e+02 1.193392559359551797e-01
2.510986843276540412e+02 1.662235990196253113e+02 1.082180562231836035e-01
2.512930264024639939e+02 1.702080388351819238e+02 1.241877192045434258e-01
2.513698481368726618e+02 1.713934881043517464e+02 1.226506910692137381e-01
2.513147910769285431e+02 1.769515213017856752e+02 8.433477540992362353e-02
2.513029043303839103e+02 1.816156598835656553e+02 8.552463695870200777e-02
2.514145198715780225e+02 1.825972600544784541e+02 9.458657503842569925e-02
2.513907463784887284e+02 1.827082880829876501e+02 7.853976392672114282e-02
2.514509931338164108e+02 1.832636062596806141e+02 6.981609072620129086e-02
2.513291524981158034e+02 1.828320722581257769e+02 5.919338662488798919e-02
2.510394939082649444e+02 1.815427103918531486e+02 4.921160545259247593e-02
2.513268113490834139e+02 1.828872687781516504e+02 6.748087616538185618e-02
2.514316912650513132e+02 1.837252488027203583e+02 8.258707353403715867e-02
2.514032710807266255e+02 1.836379527259995257e+02 7.438563383123550365e-02
2.514928994047725155e+02 1.854443702635498710e+02 7.417496009067872653e-02
2.515409953295708760e+02 1.859192259075290679e+02 1.011649367682054684e-01
2.514399164426403672e+02 1.857001311518215800e+02 7.733209896324781674e-02
2.513073700202365615e+02 1.852445922127864151e+02 7.145993934970060191e-02
2.512834689360086031e+02 1.851221136213925718e+02 5.741007791961164758e-02
2.511171019601559635e+02 1.837741933569525372e+02 6.275406956387567792e-02
2.510975152367557541e+02 1.809557674161904117e+02 7.745375563032989852e-02
2.510506121407419187e+02 1.803738984137157502e+02 7.624905790263905581e-02
2.511345018307844725e+02 1.805813319327980366e+02 8.012426783457067547e-02
2.512414795824505802e+02 1.812542564997299905e+02 4.392102405241325030e-02
2.512041962648436026e+02 1.809984896769867078e+02 4.707519568919985714e-02
2.509953978173013525e+02 1.789235076287631898e+02 5.663266214459933279e-02
2.509877838902834810e+02 1.763846190365978828e+02 6.724646453856515660e-02
2.509904425335446092e+02 1.762971093189007092e+02 7.362898870670060714e-02
2.513030437904656651e+02 1.783467066650050015e+02 9.345012373373212666e-02
2.514325487961924352e+02 1.793116606431780156e+02 1.068442260558908480e-01
2.513602105550511396e+02 1.841701798738331206e+02 7.387823651242975131e-02
2.514457975039612734e+02 1.850548315500246304e+02 7.859614140658845172e-02
2.513941735358175151e+02 1.849440913433863329e+02 8.189274036093456555e-02
2.514678737381829876e+02 1.857568646999827990e+02 9.857453993009192283e-02
2.513754562125015468e+02 1.856381366946180265e+02 8.088091295910555811e-02
2.511980006765297446e+02 1.848571275970731165e+02 6.254339582331891467e-02
2.512386340033351644e+02 1.848987994564024007e+02 6.908911795949129742e-02
2.512091337451856532e+02 1.844590195066080298e+02 5.156165619232435521e-02
2.513268588248559468e+02 1.847899701496080240e+02 6.666488632519716739e-02
2.514736954547882419e+02 1.858172360792133304e+02 8.472051606164729409e-02
2.515203878770614949e+02 1.865955479594319399e+02 9.409994837009738600e-02
2.514822143887197683e+02 1.868858830790412355e+02 7.548944554232168980e-02
2.514444503789160024e+02 1.868286421335612033e+02 6.902087153649402729e-02
2.514875554131282342e+02 1.872285364999673618e+02 6.253449411597143681e-02
2.514461802773772092e+02 1.872272427851661973e+02 6.429406493498786290e-02
2.514093984226174712e+02 1.870883079041226722e+02 5.128273602877031490e-02
2.515055042223765156e+02 1.876334276914312227e+02 6.183125923552137276e-02
2.515417875815248010e+02 1.878270694985965008e+02 6.900900259336407994e-02
2.515179102351831091e+02 1.877942518708421744e+02 6.319915493124914074e-02
2.513910609054816803e+02 1.872851661948761830e+02 5.362981953271971081e-02
2.511740906905944541e+02 1.866983389414089629e+02 4.477558795777029921e-02
2.512398179304123857e+02 1.826299945996308622e+02 7.126410178805628326e-02
2.511734616366085788e+02 1.793305441316977920e+02 9.865168806043665695e-02
2.510905659705531434e+02 1.790567691549906044e+02 9.125140201890723224e-02
2.513612045790382581e+02 1.810864474472870427e+02 7.224625683206038762e-02
2.514538120078097734e+02 1.819156147815817803e+02 9.351837015672939679e-02
2.514529604111401966e+02 1.823480211504566455e+02 9.284480763410421500e-02
2.514967746147044352e+02 1.834841846332793409e+02 7.543603529823686427e-02
2.514626840427993955e+02 1.836124226293269714e+02 7.913914555478407387e-02
2.513695306426439231e+02 1.830477754633338634e+02 6.736218673408225777e-02
2.512542535324942037e+02 1.827542891393235891e+02 6.443055778098238928e-02
2.511858468787646927e+02 1.822160414700873048e+02 5.325594782412600148e-02
2.511889684108078598e+02 1.823287697246998675e+02 6.392909493374163143e-02
2.512812079023423451e+02 1.825759226619665583e+02 6.027939492127923349e-02
2.514132261567768580e+02 1.842646863335054377e+02 6.699128226127104568e-02
2.514261306651949042e+02 1.847074038467244748e+02 8.387485386363771611e-02
2.514309820956992780e+02 1.848003020646026471e+02 8.213605369509871523e-02
2.514703424783540129e+02 1.857034069801254645e+02 5.699169767428059058e-02
2.514496044674701807e+02 1.857212845757149466e+02 6.708623380631072164e-02
2.514328306835917886e+02 1.858342947177268627e+02 5.814891962945159531e-02
2.514527823769932411e+02 1.859574053303423682e+02 5.951384808939687993e-02
2.513627742467672022e+02 1.857960262778400988e+02 5.524993026995911327e-02
2.513184348424694576e+02 1.856472490757060427e+02 5.114624318277578852e-02
2.510717180888627809e+02 1.846257425507545804e+02 4.572510340816701713e-02
2.512362097717008851e+02 1.850075427133591006e+02 6.168883191796186577e-02
2.514556042182223905e+02 1.862675971918080506e+02 6.205083468342561387e-02
2.515112606597945444e+02 1.886847104274599758e+02 6.854314657551317802e-02
2.514533135121982923e+02 1.889136029957212486e+02 6.707733209896324378e-02
2.513338496323594882e+02 1.844391449613369218e+02 6.063249597939551760e-02
2.512622027571554781e+02 1.778114232643154367e+02 1.004706035951028753e-01
2.511849240684363167e+02 1.710930258090168365e+02 1.120101835532055085e-01
2.512698463565311897e+02 1.716349498833876339e+02 1.285614247479333339e-01
2.513226334811016613e+02 1.734265579471475860e+02 9.897511676072803799e-02
2.512140059463405066e+02 1.784129383349059594e+02 5.311352050656649448e-02
2.513087853917047880e+02 1.832367527758490837e+02 5.433305441316978179e-02
2.513848712516393960e+02 1.836309352133739310e+02 6.982795966933123821e-02
2.513917878782483797e+02 1.836738028687235555e+02 7.204151756306859111e-02
2.514166028710973535e+02 1.838396446438426892e+02 7.269727667099883106e-02
2.511447506631772058e+02 1.826841288492466049e+02 5.740117621226417666e-02
2.510285863495284957e+02 1.811670316366679003e+02 5.436866124255965854e-02
2.509951634056745320e+02 1.803568071356086193e+02 5.219071017821218239e-02
2.510189576694143341e+02 1.791617677603897789e+02 5.994113004207540091e-02
2.511674618858563690e+02 1.796923658957788064e+02 7.425507545680594401e-02
2.512772080685075480e+02 1.803341700938239853e+02 8.511812565650091200e-02
2.514205344585091382e+02 1.811988908472644937e+02 1.096452966345611707e-01
2.514719714907986088e+02 1.819846593910045272e+02 1.091171286652780070e-01
2.513924555062994557e+02 1.818482229224898674e+02 9.050662583750229695e-02
2.515067801337629874e+02 1.826927249313085042e+02 8.496086216002896041e-02
2.515203166634026957e+02 1.847684903297785866e+02 9.842321090518495186e-02
2.514053511130101413e+02 1.846055534784905205e+02 9.180330787445031837e-02
2.513306865590153620e+02 1.840496240512263455e+02 6.903274047962398852e-02
2.512178722545650942e+02 1.837292634727340612e+02 6.080459565477992073e-02
2.511777018165417417e+02 1.833998142510400271e+02 5.517871661117935977e-02
2.511354276083486070e+02 1.829796506970036774e+02 4.861519106031203519e-02
2.512269608977668724e+02 1.832390197439868871e+02 6.820191446052686901e-02
2.510229753066638239e+02 1.822133116131674058e+02 5.721720759374981230e-02
2.511265466716516244e+02 1.791142771516910273e+02 7.796115294913565086e-02
2.510865038247669361e+02 1.781428664684553098e+02 7.416012391176628193e-02
2.511346353563946820e+02 1.782266226328876542e+02 8.304106060875809936e-02
2.513078922537342521e+02 1.796295791866213278e+02 7.352810269009596444e-02
2.513826784643961503e+02 1.801873245621843580e+02 9.388334015797562826e-02
2.514587524553876108e+02 1.814996142593482773e+02 1.100725785872397056e-01
2.515144326348460311e+02 1.831104345813527061e+02 1.127163856694380628e-01
2.511952767540814193e+02 1.809415513895565084e+02 8.808536143899066417e-02
2.510809521266178876e+02 1.790439684998249277e+02 6.492905339244066376e-02
2.510542766769333127e+02 1.787659592776561226e+02 6.721085770917528679e-02
2.512462479303530358e+02 1.794221159951812012e+02 7.332336342110416794e-02
2.513904259170242312e+02 1.821535752223943234e+02 7.362008699935314315e-02
2.514426433323244794e+02 1.840339896858884288e+02 9.233147584373349592e-02
2.514960595108808548e+02 1.859703335766466807e+02 9.729269407205635989e-02
2.514476104850243701e+02 1.859882556807729088e+02 8.884794103509052743e-02
2.513106547502477781e+02 1.854262701252766874e+02 6.469464176562397806e-02
2.511676161821170581e+02 1.827625736616282950e+02 7.352513545431346720e-02
2.510753559199321217e+02 1.819392221094672664e+02 7.097924715293726927e-02
2.513482674310266134e+02 1.842262250232928125e+02 6.885767356845709508e-02
2.514635089343469474e+02 1.870669289703098457e+02 7.974149441862948828e-02
2.513888265769374470e+02 1.911667141424391900e+02 6.260570777475120419e-02
2.514189618235444357e+02 1.954083747262725126e+02 4.732741073071148469e-02
2.515075901891316050e+02 1.987102286551894110e+02 5.114624318277578852e-02
2.513833371907398373e+02 1.984962701846214088e+02 4.205759998100969121e-02
2.513168236334395544e+02 1.955539295103467623e+02 3.096607262606301120e-02
2.511796275525645683e+02 1.941254280237616285e+02 2.621552813829692435e-02
2.512453636940898605e+02 1.878681568124766272e+02 5.543983336003845824e-02
2.512404054430973304e+02 1.802574640816108626e+02 7.149554617909048559e-02
2.511708504691199835e+02 1.799470823170550773e+02 6.563525550867323199e-02
2.513727263555816762e+02 1.852102642620187964e+02 5.868598930608223685e-02
2.514785201801705625e+02 1.866861109627493249e+02 6.643640916994546231e-02
2.514252434616959420e+02 1.863877138635190249e+02 5.681959799889618745e-02
2.513118624152112375e+02 1.852283644002919800e+02 5.229456343059932233e-02
2.512865904680517701e+02 1.851705834178995644e+02 4.741346056840368972e-02
2.511770875987347722e+02 1.832326342525829830e+02 4.416433738657741387e-02
2.510573388642608279e+02 1.820045398707472089e+02 4.965965805574842906e-02
2.511238583560326845e+02 1.821606016367272503e+02 6.072151305287020601e-02
2.512524909944393983e+02 1.829746509047101881e+02 4.285578640649943122e-02
2.514130006468573981e+02 1.842920917231924989e+02 5.364762294741464571e-02
2.515456123484484294e+02 1.852039944928103807e+02 7.722527847507819343e-02
2.513527212519361171e+02 1.847000985122279815e+02 6.402701371456379076e-02
2.512081871969710392e+02 1.819612538351522630e+02 7.490193285738871998e-02
2.510376838944376061e+02 1.810966488039072431e+02 6.068590622348032926e-02
2.509866622751576983e+02 1.801938584153774059e+02 6.019927955515200907e-02
2.511493765837620913e+02 1.806729542392897656e+02 7.408000854563905058e-02
2.510232423578842429e+02 1.798691864432931595e+02 6.370655225005489308e-02
2.510637391918436663e+02 1.779254660043796434e+02 7.492270350786614519e-02
2.510550333220578239e+02 1.763843964939142097e+02 7.640632139911102128e-02
2.511457980974084023e+02 1.725900289008765185e+02 9.669034520821093159e-02
2.510346187398743041e+02 1.695599055232126773e+02 1.030966072626063046e-01
2.509479012741310555e+02 1.685160942868842255e+02 8.876782566896330995e-02
2.510677093533206232e+02 1.687368121205647356e+02 1.055060027179879761e-01
2.513170224382369895e+02 1.716121793159928188e+02 1.165915956013696825e-01
2.513895001394600683e+02 1.744602509094577556e+02 1.221225230999305605e-01
2.513718806933836447e+02 1.830410932483517001e+02 8.391936240037506378e-02
2.513114113953722892e+02 1.829578385467665953e+02 9.020396778768834112e-02
2.512115075338116412e+02 1.824555982837508168e+02 7.310082073741744346e-02
2.512764365872041026e+02 1.826269235105959865e+02 7.354293886900840904e-02
2.512068549081047024e+02 1.801777314888995818e+02 6.340686143602343450e-02
2.510689733957639760e+02 1.795767683241645614e+02 6.092328508607951221e-02
2.511974814102678124e+02 1.800296308165239338e+02 6.546612306907131917e-02
2.511348044888343054e+02 1.799296112327677690e+02 6.885173909689211447e-02
2.513025393603826672e+02 1.806559252731340450e+02 6.600319274570196071e-02
2.514575121508305244e+02 1.819171013667088062e+02 9.509693959301393495e-02
2.512234773629582207e+02 1.805521313654625715e+02 7.709175286486615042e-02
2.513923071445103119e+02 1.813294818612876611e+02 8.626051143275946520e-02
2.515021126718771427e+02 1.834890924412635798e+02 9.218608129039149168e-02
2.513931053309358106e+02 1.877610870765012692e+02 7.072109763986066111e-02
2.514734165346246755e+02 1.888547894152765139e+02 7.084275430694274289e-02
2.515283192983080767e+02 1.907521408606170610e+02 6.943628454604260092e-02
2.515697745494252331e+02 1.918906751648299576e+02 7.815995774656245287e-02
2.514635534428836650e+02 1.915043915089580935e+02 5.829134694701110231e-02
2.514603072869376206e+02 1.916438812630929363e+02 5.354080245924501547e-02
2.513145596325375095e+02 1.864759327505682336e+02 5.751689840778127782e-02
2.511913926424421675e+02 1.835859993946839097e+02 7.320170675402208615e-02
2.513168355023827019e+02 1.853332532179672114e+02 7.895517693626971645e-02
2.512458206484003540e+02 1.852979015708546342e+02 7.302960707863767609e-02
2.511644264036508787e+02 1.845511047018818260e+02 5.471286059332846480e-02
2.511537176497118935e+02 1.843934732681728406e+02 5.378114855762668872e-02
2.512768638691567844e+02 1.804161073427216593e+02 7.485445708486887506e-02
2.511802239669568735e+02 1.747264920745132315e+02 8.265828719281691217e-02
2.510563715453957343e+02 1.718434872141810104e+02 1.017257443310960324e-01
2.510554071937664276e+02 1.692681520648993683e+02 1.023221587233764801e-01
2.512867358626051271e+02 1.715776050846552323e+02 1.273626614918074718e-01
2.513235236518364104e+02 1.762106500026705191e+02 1.036574148254968686e-01
2.513926928851620346e+02 1.785999839769267794e+02 9.947361237218631247e-02
2.511996712302752996e+02 1.778034977775404002e+02 8.215682434557615432e-02
2.511771172710925839e+02 1.745572201748295242e+02 8.996362168930667480e-02
2.511329380975271022e+02 1.744520761748770212e+02 8.632282338419175471e-02
2.511291786097906993e+02 1.736101704973680739e+02 8.060792726711650535e-02
2.509177215189873493e+02 1.721718355913997698e+02 7.975039612597696614e-02
2.512543306806245482e+02 1.753591987276493001e+02 8.671746574326288926e-02
2.513711982291536913e+02 1.763830078275680080e+02 1.094583607802643160e-01
2.514216887132285194e+02 1.768837763416356665e+02 1.200602942311001925e-01
2.514306586669989940e+02 1.796948376031856185e+02 7.664073302592770698e-02
2.511693490478140234e+02 1.783584836238257196e+02 6.861732747007542876e-02
2.509911932441975750e+02 1.765806079272671241e+02 6.468277282249401683e-02
2.512235545110885653e+02 1.764317061012302190e+02 5.991442492003299508e-02
2.512578676256772781e+02 1.763388583263603380e+02 6.057611849952820871e-02
2.513853460093645822e+02 1.772445269335991895e+02 8.863726729453376418e-02
2.515096286801141900e+02 1.778305055576326197e+02 1.111318817615885440e-01
2.515267288599286815e+02 1.801600734687579859e+02 1.278848949895256548e-01
2.513839721791973147e+02 1.804678974760692540e+02 1.014853982327143661e-01
2.513293780080352633e+02 1.758999715145364746e+02 9.706718415258713817e-02
2.510939901606461433e+02 1.743697324146771450e+02 9.235818096577590175e-02
2.510751689840778056e+02 1.741616906122594344e+02 8.801711501599339404e-02
2.512657129970861831e+02 1.759011910484430814e+02 1.102624816773190436e-01
2.513611185292005814e+02 1.800534221130279491e+02 1.123128416030194643e-01
2.513033820553448834e+02 1.801548184941871966e+02 1.017376132742259937e-01
2.512739678470330489e+02 1.802947563009251724e+02 1.005596206685775706e-01
2.512174538743197729e+02 1.801032954120600209e+02 9.671705033025333742e-02
2.510465945034924289e+02 1.791311310509355792e+02 7.438860106701798702e-02
2.510696083842214250e+02 1.788173636703519662e+02 7.172402333434219068e-02
2.510932157121069110e+02 1.783577121425222742e+02 7.732319725590035275e-02
2.510482294504085985e+02 1.782481054199528785e+02 7.912134214008913202e-02
2.512521972380969260e+02 1.791582337825728359e+02 9.403466918288261311e-02
2.513534215195807917e+02 1.797210501640881262e+02 1.039897452331357136e-01
2.513733672785106990e+02 1.799454740752609609e+02 9.161933925593596095e-02
2.514516043843875934e+02 1.805060768988825259e+02 1.067196021530262828e-01
2.514836238257164496e+02 1.812603957105639552e+02 1.214905018782602569e-01
2.514804548179007497e+02 1.817355065368204237e+02 1.151940275478170045e-01
2.514315547722053168e+02 1.818187938779991271e+02 9.159263413389354125e-02
2.514544707341534888e+02 1.821259176176657490e+02 8.619819948132718956e-02
2.514107396131911401e+02 1.821989501919801455e+02 9.109117128665278340e-02
2.515408440005459738e+02 1.836902532239016637e+02 1.157043921024052402e-01
2.514931664559929345e+02 1.843187553039339548e+02 1.128291406291726806e-01
2.514621054318218114e+02 1.846494092233557183e+02 8.865507070922869215e-02
2.515070323488045005e+02 1.852275454432160018e+02 9.647967146765416835e-02
2.514944483018509516e+02 1.852924062501854507e+02 9.834309553905772050e-02
2.512684636246565333e+02 1.828978885150171720e+02 6.874195137293999391e-02
2.512361474597494464e+02 1.789802678820464337e+02 8.437631671087847396e-02
2.511173452734901161e+02 1.781875085308028872e+02 7.776234815170883496e-02
2.512079794904662720e+02 1.784732295987703878e+02 9.132855014925196635e-02
2.512567964535597866e+02 1.786105710741987025e+02 9.246500145394553893e-02
2.512320408054264931e+02 1.781826689692416323e+02 7.484852261330389445e-02
2.512244506162948596e+02 1.782832641967395944e+02 7.903529230239693393e-02
2.510574931605215170e+02 1.776956446913184493e+02 7.433519082293317537e-02
2.511722955129460502e+02 1.778456740669527107e+02 7.774157750123140975e-02
2.510527960262778322e+02 1.766775208151590277e+02 7.240945480009731983e-02
2.510584248725572252e+02 1.745143317488294201e+02 8.328140670713976568e-02
2.510263104796833318e+02 1.735292243052217316e+02 9.816506139210834370e-02
2.510590153524779282e+02 1.703694742651640581e+02 1.164580699911576395e-01
2.510172396398962746e+02 1.691332882313494395e+02 1.029334092945693585e-01
2.512608170580450633e+02 1.751572723981793160e+02 9.515034983709876049e-02
2.510448200964945045e+02 1.736299352549152388e+02 7.530844415958981575e-02
2.511263716047404557e+02 1.738507658435554504e+02 9.012681965734360701e-02
2.512138041743072847e+02 1.681263270962037097e+02 1.118024770484312286e-01
2.510168331285940724e+02 1.659437352750924219e+02 1.094019833003970210e-01
2.509795201386292547e+02 1.651735476864462555e+02 1.078797913439797779e-01
2.510439981721827678e+02 1.652801782715258128e+02 1.100043321642424354e-01
2.512274682950856572e+02 1.662462568320603964e+02 1.232382037541467079e-01
2.510351558095509290e+02 1.649093835864385369e+02 1.103544659865762223e-01
2.509815526951402660e+02 1.637936406202709634e+02 1.052092791397390009e-01
2.511479552778222910e+02 1.650807236494626409e+02 1.329915077711905091e-01
2.510275033084678853e+02 1.638616229592835793e+02 1.180158687769647524e-01
2.510553181766929640e+02 1.613244405276932127e+02 1.459405247259757676e-01
2.510470662939818567e+02 1.604096150308295705e+02 1.322022230530482401e-01
2.511765267911718809e+02 1.654116090132754096e+02 9.061938079723691475e-02
2.513554333054413235e+02 1.674417264564676771e+02 1.205113140700386359e-01
2.511034111342555377e+02 1.655152545591577677e+02 1.022331416499017848e-01
2.508936008593114764e+02 1.642348834173060936e+02 9.122766413264730978e-02
2.511612662975425394e+02 1.571098648720824542e+02 1.854344329909143330e-01
2.512844777961746274e+02 1.577803770763232478e+02 2.047867447643124672e-01
2.512718433062127872e+02 1.632475297762110813e+02 1.684796477297678952e-01
2.514139293916573195e+02 1.678110582943141935e+02 1.805562973645011837e-01
2.514175108452467953e+02 1.768449827010153967e+02 1.576640733025927721e-01
2.514435839460675197e+02 1.847148100672375506e+02 1.232174331036692827e-01
2.515633208115983450e+02 1.879452604342846200e+02 1.184609541443382152e-01
2.514818464514827383e+02 1.902644548891144041e+02 9.645296634561174864e-02
2.513492584877779450e+02 1.899564350442414877e+02 8.017767807865548713e-02
2.512859376761796284e+02 1.896774317980855358e+02 7.289014699686066634e-02
2.511841970956696173e+02 1.885294379461980725e+02 5.989365426955556987e-02
2.513393805598580570e+02 1.814765113615458176e+02 9.393378316627795654e-02
2.511167696297483189e+02 1.789967775819402220e+02 9.595150349837099080e-02
2.511860486507978862e+02 1.770262659711465858e+02 8.675603980843525631e-02
2.512252488027203583e+02 1.722259787427228446e+02 1.168705157649237159e-01
2.513226898585815547e+02 1.740906490531550617e+02 1.327036859002889979e-01
2.512843739429222580e+02 1.741116481807877392e+02 1.248256748977787239e-01
2.513720794981810798e+02 1.749344596960363560e+02 1.087818310218566648e-01
2.513569614318693084e+02 1.788402410582349660e+02 1.063071563792602064e-01
2.512184389965995592e+02 1.752388417098399600e+02 8.866990688814115062e-02
2.511529610045873540e+02 1.743999655800649293e+02 8.898740111686755105e-02
2.510458675307257295e+02 1.735699288456859222e+02 9.185968535431762727e-02
2.512625113496768563e+02 1.750294913564421790e+02 8.503504305459119728e-02
2.514172170889043230e+02 1.883313185802370242e+02 7.028491397983466227e-02
2.514920715459891767e+02 1.968833965354554891e+02 4.579928430272926093e-02
2.514691466823336725e+02 2.073007412154984763e+02 3.041713400630240843e-02
2.514257894330799274e+02 2.109062145786228371e+02 3.025393603826547276e-02
2.513658453358020779e+02 2.106951432284712098e+02 2.705525586474152519e-02
2.513983217314414276e+02 2.031157073593381881e+02 2.588913220222305300e-02
2.513445732224774076e+02 1.909637908217462723e+02 4.655889666304664082e-02
2.513397277264446075e+02 1.835727417852077394e+02 6.645717982042288752e-02
2.513132866883868246e+02 1.791911285584575069e+02 7.438563383123550365e-02
2.511851881524209773e+02 1.762710807266167023e+02 7.334710130736409039e-02
2.513101354839858175e+02 1.802422599654613862e+02 6.085800589886473239e-02
2.514340086761974362e+02 1.853757410671366870e+02 5.890259751820399459e-02
2.512036354572807113e+02 1.844194662536274336e+02 5.250226993537360221e-02
2.512490430664601604e+02 1.819834220536832277e+02 5.384642774484146160e-02
2.512755315802904192e+02 1.709320235954589293e+02 8.459292492300023170e-02
2.511858706166509307e+02 1.605594901102031429e+02 1.175114386939414973e-01
2.511082863026461780e+02 1.562223557478324381e+02 1.384245164889292556e-01
2.510947616419495887e+02 1.500951592515444588e+02 1.496584711614354357e-01
2.512119407502358968e+02 1.513974137572919858e+02 1.765950375948773521e-01
2.512473873488935112e+02 1.541629249823449470e+02 1.336739720011631549e-01
2.510693591364156987e+02 1.492237355124712792e+02 1.453441103336953477e-01
2.511355047564789515e+02 1.498300189309642860e+02 1.656637409721851417e-01
2.509929943563175527e+02 1.453492614550137318e+02 1.543378019904217691e-01
2.509947925012017436e+02 1.391707584848107331e+02 1.784851667883233239e-01
2.508699846297186582e+02 1.376049659658055759e+02 1.785919872764929750e-01
2.511304574884129579e+02 1.439569424415603009e+02 2.002973170254054858e-01
2.512086738236393728e+02 1.528593826962678008e+02 1.664411567471974496e-01
2.513259211783486649e+02 1.652175310224501175e+02 1.354572807064395035e-01
2.512659474087130036e+02 1.736021144522186148e+02 1.185737091040728330e-01
2.513913101532874066e+02 1.779111045831923832e+02 1.220038336686309760e-01
2.511949829977389754e+02 1.771653343778003205e+02 8.958084827336550149e-02
2.510788246185618391e+02 1.766590883464781996e+02 8.017767807865548713e-02
2.512256167399573883e+02 1.770978624033423046e+02 7.759618294788940551e-02
2.511859863388464476e+02 1.748570801213006121e+02 6.758176218198649887e-02
2.511231610556237968e+02 1.728959420083438658e+02 8.634359403466917993e-02
2.512461055030354942e+02 1.736430237319517857e+02 1.020462057956049301e-01
2.514242167981152249e+02 1.746992884568593638e+02 1.180010325980523078e-01
2.514353854736004905e+02 1.774616722153975843e+02 1.356768561543437446e-01
2.515636768798922276e+02 1.802479006806838981e+02 1.195944382132493045e-01
2.513833490596829847e+02 1.799552422154569342e+02 9.764282789439014676e-02
2.512965247734515515e+02 1.797571970303904152e+02 8.640293875031897219e-02
2.514726747256790418e+02 1.804977567697484346e+02 1.144433168948471025e-01
2.513847881690374777e+02 1.803279656038028236e+02 9.410291560587986937e-02
2.514950328473001093e+02 1.813582877862640714e+02 1.116303773730468185e-01
2.513918145833704330e+02 1.846440088542315721e+02 9.383289714967331385e-02
2.512014070632080518e+02 1.839536369408986047e+02 7.546274042027927009e-02
2.511297572207682833e+02 1.822666654797723425e+02 6.522280973490715561e-02
2.510845632525651752e+02 1.820820737417436703e+02 6.559074697193588432e-02
2.511830250375355433e+02 1.714828612461203363e+02 1.226328876545188101e-01
2.511137905250226936e+02 1.679390618787350036e+02 1.207101188674654518e-01
2.512583334816951321e+02 1.726509907600277813e+02 1.052270825544339428e-01
2.514137246523883391e+02 1.768201944132884762e+02 1.047582593008005575e-01
2.513978232358299749e+02 1.806107550428172033e+02 1.134997359160153652e-01
2.513586883630947000e+02 1.834652774068732981e+02 8.794293412143115718e-02
2.514139887363729713e+02 1.841983359741731761e+02 8.572937622769380428e-02
2.512910472561970607e+02 1.832433815805871689e+02 6.003311435133258656e-02
2.512516839063065675e+02 1.796515871744200581e+02 7.933201588064590914e-02
2.511923124855347282e+02 1.733069249348691869e+02 9.792471529372666350e-02
2.510731423620383680e+02 1.701378993157554191e+02 1.004231278225830443e-01
2.510128273602877016e+02 1.692887268778151508e+02 9.910270789937510039e-02
2.511271134136860894e+02 1.695948565934946259e+02 1.016604651438812595e-01
2.513124647640750879e+02 1.712532921481006838e+02 1.055445767831603432e-01
2.513588278231764832e+02 1.719033897701579292e+02 1.166390713738895135e-01
2.512427465921296914e+02 1.715873465197291523e+02 1.108559288338169940e-01
2.511990718486472360e+02 1.710726260630122226e+02 9.443821324930121164e-02
2.511935260849697613e+02 1.713932180858955405e+02 1.016901375017061626e-01
2.511646430118630064e+02 1.709817782050597259e+02 9.200211267187713426e-02
2.513028242150177789e+02 1.716686873542345495e+02 1.241936536761084064e-01
2.513673853311731818e+02 1.721078590206934962e+02 1.366352733120879126e-01
2.514434711911077898e+02 1.735512293257846750e+02 1.093396713489647315e-01
2.514601292527906935e+02 1.748391075741660643e+02 1.300420754033957127e-01
2.511951788353006236e+02 1.737538885624929605e+02 1.006634739209647106e-01
2.511021174194543732e+02 1.732585530571430183e+02 9.516518601601120508e-02
2.512341000670595292e+02 1.737988748241912731e+02 9.488923308823965508e-02
2.510670773320989611e+02 1.713813254048793340e+02 9.358068210816167243e-02
2.512032942251657062e+02 1.674041197101604155e+02 1.132415864029387570e-01
2.512415537633451379e+02 1.675430664601470596e+02 1.237930768454722913e-01
2.511354958547716194e+02 1.670953521218703202e+02 1.211789421210988232e-01
2.511625125365711710e+02 1.674105764152231188e+02 1.292883975146432995e-01
2.512712142522269119e+02 1.720329333499498432e+02 1.087135845988593946e-01
2.511162177238927882e+02 1.711200632614668962e+02 9.997804245520958144e-02
2.513418849068584677e+02 1.736757671788115545e+02 1.179832291833573660e-01
2.513535402090120954e+02 1.750190526209593713e+02 1.252915309156296120e-01
2.512743061119122672e+02 1.749162913113401885e+02 1.157578023464900518e-01
2.514115051600230117e+02 1.768405140439269587e+02 9.918282326550231787e-02
2.514397117033713869e+02 1.773568190045517383e+02 1.110428646881138487e-01
2.514879144486579321e+02 1.781074080008545764e+02 9.637878545104951178e-02
2.513004652625706967e+02 1.775789462752289296e+02 8.968173428997014418e-02
2.512954506340982732e+02 1.774729121045416491e+02 8.838208501723963939e-02
2.513752544404683533e+02 1.779201368489142965e+02 8.936424006124374375e-02
2.514012949016954792e+02 1.780107591969473049e+02 8.113016076483468841e-02
2.515300640329481894e+02 1.804607197327113965e+02 1.161821170633860895e-01
2.514573637890414091e+02 1.808814559632537566e+02 1.031856243360809999e-01
2.512605470395888574e+02 1.857191006901790331e+02 3.826250541520530291e-02
2.513756817224210351e+02 1.864408422202045017e+02 4.772798756134759984e-02
2.511615422504703190e+02 1.857107568231586754e+02 4.558861056217249075e-02
2.510338561602782192e+02 1.851344217154183411e+02 4.170449892289341404e-02
2.511573228411876073e+02 1.817609357474763669e+02 7.330556000640922609e-02
2.512030598135389141e+02 1.748854587643243406e+02 1.022776501866391324e-01
2.509724877898247541e+02 1.738773463416950165e+02 8.735542143649818736e-02
2.510388114440349625e+02 1.737942637397852934e+02 8.544155435679229305e-02
2.510132338715899039e+02 1.729854338395437594e+02 8.470567988273483562e-02
2.511254428599405344e+02 1.703425614366168759e+02 8.333481695122457733e-02
2.511968315856314575e+02 1.659548683437483305e+02 1.136748028271822586e-01
2.513492584877779450e+02 1.695808690440159694e+02 1.264101788056282427e-01
2.514438984730604716e+02 1.721186656934133339e+02 1.347184389965995488e-01
2.514207777718433192e+02 1.750503243188710201e+02 1.216477653747322085e-01
2.513863133282296758e+02 1.795803794501118773e+02 1.041499759653901624e-01
2.515127235070353038e+02 1.815379924869590127e+02 1.093841798857020792e-01
2.515142961420000347e+02 1.839156533556469526e+02 8.691627054068970515e-02
2.512185339481445965e+02 1.814137127834451917e+02 7.991359409401389835e-02
2.510855187024871498e+02 1.804028764383675423e+02 7.748046075237230434e-02
2.512434587287175134e+02 1.747590278148682330e+02 8.729904395663087846e-02
2.514540642228512866e+02 1.766948435376571922e+02 1.104405158242684343e-01
2.513691508364637741e+02 1.805222186615392843e+02 9.150955153198384040e-02
2.512247473398731188e+02 1.800536624591263148e+02 8.161678743316301554e-02
2.514137810298682041e+02 1.829770246933361761e+02 6.364127306284012020e-02
2.514591738028687189e+02 1.865303666909979938e+02 6.697644608235860109e-02
2.514948340425026743e+02 1.880661901285999988e+02 7.950114832024782197e-02
2.513583738361017765e+02 1.873299477173055152e+02 5.784329434385514918e-02
2.512632175517931046e+02 1.870374880568759863e+02 5.644869352608496843e-02
2.512953438136101170e+02 1.830611339588266446e+02 6.417537550368827837e-02
2.512221866153928431e+02 1.748808743850403857e+02 8.497866557472390225e-02
2.510764122558706788e+02 1.731021826986415988e+02 8.376803337546807893e-02
2.509965431703134016e+02 1.715563893488104270e+02 7.844184514589898349e-02
2.510515853940785860e+02 1.702163352264297487e+02 8.696968078477451680e-02
2.510025488555371567e+02 1.699360115603506074e+02 8.595191891138054263e-02
2.510571964369432862e+02 1.698245147085877704e+02 9.030782104007548106e-02
2.510038158652162679e+02 1.675385770324081420e+02 8.783314639747903663e-02
2.510724213237432139e+02 1.679094102915605902e+02 1.109360441999442115e-01
2.512892965870854027e+02 1.697919581975822894e+02 1.325701602900769827e-01
2.514445542321684002e+02 1.726303595696321338e+02 1.292320200347759906e-01
2.513347427703300241e+02 1.759229141816066999e+02 1.066424540226815487e-01
2.512681847044929953e+02 1.759329256351368258e+02 9.965461375491818652e-02
2.513820761155322998e+02 1.788496620318443604e+02 1.041588776727376264e-01
2.512123947373106034e+02 1.759264125525942575e+02 8.753642281923006141e-02
2.512370910407282736e+02 1.760927498560890569e+02 1.080756289056240965e-01
2.513178918383212590e+02 1.770883909867245904e+02 1.092061457387526885e-01
2.510718812868308021e+02 1.750957230263431086e+02 8.310930703175535561e-02
2.510976992053742549e+02 1.749688588604627739e+02 8.510922394915344802e-02
2.510697626804821141e+02 1.733186573851531307e+02 7.960796880841745915e-02
2.513652993644180924e+02 1.755251799628502170e+02 1.019838938441726406e-01
2.513560208181262396e+02 1.825899517527461740e+02 8.456325256517532862e-02
2.513762959402280046e+02 1.830233432439008538e+02 9.311185885452830102e-02
2.513137673805835846e+02 1.829186650999661765e+02 7.166467861869239842e-02
2.510692196763339155e+02 1.821228257579803937e+02 5.923492792584284655e-02
2.510029880064329575e+02 1.815326959710872643e+02 6.062656150783053699e-02
2.510507753387099683e+02 1.806394452455980968e+02 5.399478953396594921e-02
2.509662150533805800e+02 1.801503587388060907e+02 5.420843051030520970e-02
2.512147981982944316e+02 1.811576789094815183e+02 7.928157287234358086e-02
2.514026746663343488e+02 1.833319268635724200e+02 8.957788103758300424e-02
2.515075516150664328e+02 1.850703412914596981e+02 1.005388500181001316e-01
2.513471636193155234e+02 1.847039114102084909e+02 7.778015156640376293e-02
2.512174271691977196e+02 1.810411941343683111e+02 4.530078869127098645e-02
2.511253063670945380e+02 1.797678761119716171e+02 6.026455874236678889e-02
2.512331980273816612e+02 1.742069795320075798e+02 9.531058056935319545e-02
2.512958512109289302e+02 1.743562285246310353e+02 1.035862011667171151e-01
2.513670767386518037e+02 1.754197629772056928e+02 1.156569163298854092e-01
2.511216388636673855e+02 1.730923196069006167e+02 8.824262493546261577e-02
2.511294011524743723e+02 1.732013892597933591e+02 8.670856403591542527e-02
2.511246328045719167e+02 1.708976689395692858e+02 9.098731803426564346e-02
2.511025803082364405e+02 1.706209831045594569e+02 9.483285560837234618e-02
2.512704398036876796e+02 1.715710504608117049e+02 1.150694036449524393e-01
2.512611464212169210e+02 1.717116707317796909e+02 1.183956749571234424e-01
2.511702125134267476e+02 1.714406790222364521e+02 9.894247716712065155e-02
2.513314372696683279e+02 1.729079622804987366e+02 1.220661456200632655e-01
2.513479974125704075e+02 1.733944969645177991e+02 1.248968885565584774e-01
2.514097099823746078e+02 1.744785201801705625e+02 1.073456889031316197e-01
2.511558095509385282e+02 1.734448034799741265e+02 9.788614122855429645e-02
2.514248755244589120e+02 1.747058846220038220e+02 1.146035476271015513e-01
2.514467915279483918e+02 1.768534244868165786e+02 1.065445352418593894e-01
2.513899956678357626e+02 1.769658767885013617e+02 1.043131739334270947e-01
2.513399591708356411e+02 1.767552416220097768e+02 8.607060834268012717e-02
2.514764104755292067e+02 1.779788376743992728e+02 9.223058982712883935e-02
2.515132487077688097e+02 1.785723975858569759e+02 1.044734046656815435e-01
2.515660209961604039e+02 1.793634893505907826e+02 1.141822001459879971e-01
2.514264214543015896e+02 1.791452521260244453e+02 1.024052413252861948e-01
2.512132730391022335e+02 1.755012284356139389e+02 8.826636282172253822e-02
2.513912893826369270e+02 1.781248167731904175e+02 9.938162806292913376e-02
2.512704902466959709e+02 1.779234423495759927e+02 9.102589209943801052e-02
2.512029559602865163e+02 1.774227153768092649e+02 7.803533384369788772e-02
2.510529770276605745e+02 1.764504204573103721e+02 6.635332656803574758e-02
2.511543407692261951e+02 1.714373230785664646e+02 1.041143691360002788e-01
2.511630733441340624e+02 1.716885292599120589e+02 1.069273086578005627e-01
2.513056371545395677e+02 1.754421003281762808e+02 1.150130261650851304e-01
2.513722575323280353e+02 1.772080180645314442e+02 1.131347659147691198e-01
2.514218311405460895e+02 1.785645136403828985e+02 1.238672577400345420e-01
2.514042621374779571e+02 1.795084862943379278e+02 1.191612217890058029e-01
2.513872480075011708e+02 1.793919540434521878e+02 9.938162806292913376e-02
2.514254274303144712e+02 1.817169939527734641e+02 7.813621986030254429e-02
2.511432700125217252e+02 1.803321286356056419e+02 7.643005928537092986e-02
2.513244939379372909e+02 1.810701632573127426e+02 9.038496917042021517e-02
2.514016272321031238e+02 1.813679402042644995e+02 9.969615505587305082e-02
2.514356050490484051e+02 1.815405443097319278e+02 8.491635362329161274e-02
2.514792768252951021e+02 1.823045926875441296e+02 7.381889179677995905e-02
2.514766478543918140e+02 1.847611968642252123e+02 8.510922394915344802e-02
2.514490525616146499e+02 1.854839353854736146e+02 8.994285103882924959e-02
2.515005756437417972e+02 1.878994374120956365e+02 8.328734117870474629e-02
2.515221978908888047e+02 1.890152219195641692e+02 7.975039612597696614e-02
2.512455832695377751e+02 1.864021227604787896e+02 6.111022094037636687e-02
2.511971253419739298e+02 1.861265733767736776e+02 5.842783979300562869e-02
2.511900811242262819e+02 1.856406232382037444e+02 4.845792756384007666e-02
2.512245307316609910e+02 1.857729619541027830e+02 5.179013334757606724e-02
2.511704647284682608e+02 1.853177286403532094e+02 4.957360821805622403e-02
2.510759048585518656e+02 1.849928964375367286e+02 4.622656625540778885e-02
2.511758947699502187e+02 1.852485683087349457e+02 5.614306824048852229e-02
2.511174520939783008e+02 1.849556902680600672e+02 4.846089479962256696e-02
2.513404190923819215e+02 1.859103301346531509e+02 7.219878105954055658e-02
2.513415614781581837e+02 1.860380369954957303e+02 7.853382945515616220e-02
2.512734515480069035e+02 1.856879209765766348e+02 5.866225141982232133e-02
2.512321179535568376e+02 1.854254660043796434e+02 5.154088554184692306e-02
2.512376785534132182e+02 1.800716439079682232e+02 9.182407852492774358e-02
2.510261858557804828e+02 1.787573899007162765e+02 6.632662144599334175e-02
2.512288243218382604e+02 1.799795349748081605e+02 5.107799675977852533e-02
2.513117199878936674e+02 1.804167304622359893e+02 6.954903950577720484e-02
2.514068465998445276e+02 1.807948304818197585e+02 8.596972232607547060e-02
2.512374085349570123e+02 1.803041179298189434e+02 6.631771973864587777e-02
2.511616401692511431e+02 1.801658091355255351e+02 6.214875346424777319e-02
2.512300349540375066e+02 1.803551603197493307e+02 6.655213136546256347e-02
2.510880141477801999e+02 1.795402357172105496e+02 6.402998095034627413e-02
2.512108250695816878e+02 1.800665788364875084e+02 7.746859180924234312e-02
2.514159738171114498e+02 1.814318989715560804e+02 1.022895191297690937e-01
2.514806862622917834e+02 1.833853845834297545e+02 1.006753428640946718e-01
2.514826861792091677e+02 1.842736117787391663e+02 9.252731340537781457e-02
2.513917344680043016e+02 1.841872414795824398e+02 8.312711044645029745e-02
2.511882414380411603e+02 1.832485683087349457e+02 6.864403259211783459e-02
2.510651456616045607e+02 1.816863513088476907e+02 6.761143453981140194e-02
2.510280136730224854e+02 1.813277222904686425e+02 6.838588307904122643e-02
2.511265021631148784e+02 1.813745185659942933e+02 7.300290195659527026e-02
2.511865323102304330e+02 1.815510097503367888e+02 8.253366328995234702e-02
2.513573056312200720e+02 1.824262760597482611e+02 7.692558766104672097e-02
2.514569899173328054e+02 1.837227058816547753e+02 9.371420771837371544e-02
2.515339422101158959e+02 1.853695662494733085e+02 8.951260185036823136e-02
2.514845644394594899e+02 1.856120873316835400e+02 8.922181274368423676e-02
2.515495083290308287e+02 1.867986789866296249e+02 7.195546772537639302e-02
2.511864878016936871e+02 1.847137151572338212e+02 6.176894728408909019e-02
2.512444290148183654e+02 1.789540108126071800e+02 8.354549069178135445e-02
2.510887292516037803e+02 1.765330015963728556e+02 7.823710587690718699e-02
2.510623594272047967e+02 1.762009886829627305e+02 8.138831027791129658e-02
2.512334828820167729e+02 1.769039505777208205e+02 8.439708736135591305e-02
2.511196745535793866e+02 1.765026883156189399e+02 8.547122671461719612e-02
2.513962090595642849e+02 1.777607517788578377e+02 1.167755642198840399e-01
2.514428569733008203e+02 1.843653082661254530e+02 9.272315096702214710e-02
2.514378453120641836e+02 1.920479772353670853e+02 6.260867501053368755e-02
2.514770276605719630e+02 1.928048063285204705e+02 7.531437863115478248e-02
2.512628881886212469e+02 1.905209575863317184e+02 5.170408350988386220e-02
2.512480609114161325e+02 1.870722788964256722e+02 5.854949646008771047e-02
2.512726533615814049e+02 1.815554398333600261e+02 8.172954239289761946e-02
2.512356252262517273e+02 1.755917172580367662e+02 8.976481689187985891e-02
2.510849282225664183e+02 1.749287002913825404e+02 8.340899784578682807e-02
2.511983745482383483e+02 1.700714124635771896e+02 1.010670179873833091e-01
2.510056110428647003e+02 1.678666464894633350e+02 1.061765980048306607e-01
2.512708433477540950e+02 1.728662518471042802e+02 1.084376316710878446e-01
2.511657082495089242e+02 1.723986125205481130e+02 9.878521367064869996e-02
2.513264612152610766e+02 1.762969223830463932e+02 8.596675509029298723e-02
2.513660797474288984e+02 1.832029025500424382e+02 8.053968084411923523e-02
2.513813165031719734e+02 1.847057125223284402e+02 9.731643195831626847e-02
2.513375646115591735e+02 1.848004029506192580e+02 8.505284646928613912e-02
2.513712397704546504e+02 1.851897725317049037e+02 6.445132843145981449e-02
2.511649901784495569e+02 1.828750437667277993e+02 5.973045630151863072e-02
2.512173114470022028e+02 1.830188805212839895e+02 7.100001780341469448e-02
2.514003068121799060e+02 1.865583447571910938e+02 6.277780745013560038e-02
2.512188099010723477e+02 1.854668559763096027e+02 6.299441566225735811e-02
2.510898122926643907e+02 1.838106399140688438e+02 5.318770140112873829e-02
2.510510245865156946e+02 1.822618793284551941e+02 5.987585085486062803e-02
2.511498543087230928e+02 1.824699982790032493e+02 6.434747517907267456e-02
2.513398968588842024e+02 1.855958209451239327e+02 5.844861044348306084e-02
2.511517652085670136e+02 1.843890758247431734e+02 5.316989798643379644e-02
2.512624579394327782e+02 1.799573697235129828e+02 8.219836564653100475e-02
2.514166147400404725e+02 1.813291406291726844e+02 1.039185315743559601e-01
2.514429192852522306e+02 1.839069712237473766e+02 9.120689348216988457e-02
2.512595263104796857e+02 1.830943996391841324e+02 7.426397716415342187e-02
2.511552991863839566e+02 1.802940174592153539e+02 8.279478003881143855e-02
2.512362038372293114e+02 1.769909766359854473e+02 5.440426807194953529e-02
2.511455132427732906e+02 1.762657129970861831e+02 6.393206216952411480e-02
2.510010622704101308e+02 1.738915623683289198e+02 8.054561531568421584e-02
2.510625048217581536e+02 1.741646815859281787e+02 9.433139276113158833e-02
2.512565650091687530e+02 1.750802963675099591e+02 1.108114202970796464e-01
2.513286361990896580e+02 1.760862486424896360e+02 1.224518862717869222e-01
2.513626318194496321e+02 1.858224406107758000e+02 7.976226506910692737e-02
2.514234097099823657e+02 1.861728770911594211e+02 9.377948690558848832e-02
2.513939064845970677e+02 1.866554416137014982e+02 9.539366317126291017e-02
2.511372643272979701e+02 1.850612229759001082e+02 7.059647373699609596e-02
2.511237129614793560e+02 1.848434011643433337e+02 7.059350650121359871e-02
2.513348762959402336e+02 1.866830992184301010e+02 8.233782572830802837e-02
2.512037244743541748e+02 1.860133644299643265e+02 6.670346039036953445e-02
2.512177565323695774e+02 1.860485795842309358e+02 6.725536624591263446e-02
2.514422219848433713e+02 1.871419614615416549e+02 8.031713816043251075e-02
2.515141181078530792e+02 1.900801598746639627e+02 6.795563389058020820e-02
2.514047428296747455e+02 1.894654138997192945e+02 5.597096856510411916e-02
2.512560665135573004e+02 1.870657865845335834e+02 4.916116244429014764e-02
2.512645706113099209e+02 1.821917694813865296e+02 8.204406938584153652e-02
2.511175529799948833e+02 1.817202579121342012e+02 6.581922412718758941e-02
2.512071635006260806e+02 1.818743167939610714e+02 6.909801966683876140e-02
2.511421691680464221e+02 1.818220400339451714e+02 7.515711513468283089e-02
2.511408487481232328e+02 1.816005863257906299e+02 7.688998083165685116e-02
2.510256903274047886e+02 1.808760793320158768e+02 6.537413875981412659e-02
2.511591981342021427e+02 1.813240725904561828e+02 7.277145756556106793e-02
2.513503504305459160e+02 1.828174764253116962e+02 8.887167892135044989e-02
2.514487172639712185e+02 1.834066151554534940e+02 9.891577204507824572e-02
2.514858403508459617e+02 1.841704231871673016e+02 7.867032230115068858e-02
2.515473333452022757e+02 1.849523758656910388e+02 1.018028924614407665e-01
2.515692760538137804e+02 1.861170129430824716e+02 1.053190668636911215e-01
2.514920418736313650e+02 1.885463482229224894e+02 8.942061754111105265e-02
2.515048870373337593e+02 1.898646554742532828e+02 7.957532921481007271e-02
2.514897541348430536e+02 1.915103170788157172e+02 8.281851792507136101e-02
2.514139293916573195e+02 1.964114962583156796e+02 6.887250974736953968e-02
2.511815117472864642e+02 1.949519485837383570e+02 5.387016563110137712e-02
2.512454052353908196e+02 1.951518275205184239e+02 5.264173001715062583e-02
2.512448503622995020e+02 1.948928323452438178e+02 4.162141632098369931e-02
2.512638584747221273e+02 1.913443269419074682e+02 4.807515414789890335e-02
2.511226121170040528e+02 1.888898710439328852e+02 5.291174847335718828e-02
2.510737150385444068e+02 1.884840629766122504e+02 5.481671384571561167e-02
2.511449375990314934e+02 1.887076026515218814e+02 5.170111627410137189e-02
2.512619238369919401e+02 1.890635967645260962e+02 5.578996718237224511e-02
2.513384102737571766e+02 1.894030277673924445e+02 5.542202994534351640e-02
2.513409591292943333e+02 1.894917629534677985e+02 5.337760449120808326e-02
2.511098262980172819e+02 1.875384613102126252e+02 5.404226530648578719e-02
2.512275869845169609e+02 1.836226358548902908e+02 8.267312337172937065e-02
2.512727423786548968e+02 1.760692819882853541e+02 1.005507189612300928e-01
2.514154426819063985e+02 1.773501634946916283e+02 1.283448165358115622e-01
2.513941616668743677e+02 1.776801112119971151e+02 1.264546873423655904e-01
2.514709151548600232e+02 1.798680321885737783e+02 9.277062673954197813e-02
2.513363895861892843e+02 1.838597803058626710e+02 7.818072839703989196e-02
2.512512595915896725e+02 1.836483054116446283e+02 6.825829194039416403e-02
2.511826986415994725e+02 1.821270095604336916e+02 6.025862427080180828e-02
2.510332093028776228e+02 1.808891767107597843e+02 5.665343279507676494e-02
2.509776893541514653e+02 1.806265021631148784e+02 6.658180372328746655e-02
2.511165263164141663e+02 1.810469654079652457e+02 6.255229753066637866e-02
2.512520993193161019e+02 1.815319511949058437e+02 8.026076068056520185e-02
2.511472490757060427e+02 1.812511676072804221e+02 6.677170681336680458e-02
2.511334543965532475e+02 1.806691176034229898e+02 5.871862889968963023e-02
2.509478389621796168e+02 1.794903060406986128e+02 5.825870735340371587e-02
2.512220768276688716e+02 1.767004516132861056e+02 5.729732295987703672e-02
2.513835983074887110e+02 1.783347101307363971e+02 6.824939023304670005e-02
2.514230803468105080e+02 1.814287418326834995e+02 8.929005916668150689e-02
2.514336793130255785e+02 1.817243794026360888e+02 8.664031761291815514e-02
2.514816832535146887e+02 1.820956933539852969e+02 1.004943414813627978e-01
2.513794797842226103e+02 1.818273306153453461e+02 8.835537989519723356e-02
2.512685437400226647e+02 1.815089254452337286e+02 7.407704130985656721e-02
2.511766870219041436e+02 1.787004338098714129e+02 7.464081610852961457e-02
2.511744942346608696e+02 1.726880307643006063e+02 1.008059012385242176e-01
2.513553680262540979e+02 1.741013934139234607e+02 1.272380375889428927e-01
2.513460983816696057e+02 1.748781860694214458e+02 1.299560255657035146e-01
2.511312171007732559e+02 1.738686760787385595e+02 1.128291406291726806e-01
2.513095004955283684e+02 1.776447002201688861e+02 9.383883162123828059e-02
2.511384779267330032e+02 1.756342555502145331e+02 8.888948233604539173e-02
2.513277489955906958e+02 1.769623813847495910e+02 1.002807005050235234e-01
2.513664773570237401e+02 1.777533514928163356e+02 1.104138107022260146e-01
2.511713548992030098e+02 1.769305933878117685e+02 9.086269413140106443e-02
2.514406345136997345e+02 1.783260636056662349e+02 1.147192698226186386e-01
2.514628561424748057e+02 1.794571353118861623e+02 1.171939444652150969e-01
2.513957639741969103e+02 1.795741245170823674e+02 1.112683746075830704e-01
2.514141044585684881e+02 1.803281614413644434e+02 9.337297560338739255e-02
2.514758674713810080e+02 1.813416059866949013e+02 1.129745351825146710e-01
2.514629065854830969e+02 1.818632133976630030e+02 1.191137460164859579e-01
2.515331113840967987e+02 1.830433898888473436e+02 1.262677514880687357e-01
2.515061688831918048e+02 1.834034135080441672e+02 1.218703080584189330e-01
2.514191250215124569e+02 1.835103319149946230e+02 9.305548137466099212e-02
2.512476158260487580e+02 1.829508002634905495e+02 7.193469707489896781e-02
2.511954340175778952e+02 1.826424302847952958e+02 6.601506168883192194e-02
2.511771647468651167e+02 1.820506625837502384e+02 5.953165150409181483e-02
2.512271923421579061e+02 1.822845846166628121e+02 6.783100998771564305e-02
2.510996753844054012e+02 1.818304610490958737e+02 6.216358964316022473e-02
2.509984778080435888e+02 1.805642910976991971e+02 6.048710142605352030e-02
2.513114291987869819e+02 1.824672654548475634e+02 8.070881328372114805e-02
2.513775985567365012e+02 1.837044039713483699e+02 9.397235723145032360e-02
2.512504732741073212e+02 1.832824304034847103e+02 7.719857335303577373e-02
2.511954073124558704e+02 1.824151756306859795e+02 6.051974101966090674e-02
2.510988030170853449e+02 1.799767071991074658e+02 6.726130071747761507e-02
2.511658328734117731e+02 1.757939462455565547e+02 9.463998528251052478e-02
2.512090684659984561e+02 1.695088156575097855e+02 9.916798708658987327e-02
2.510149993768804961e+02 1.673325974588592828e+02 1.074614110986487209e-01
2.510631665153376559e+02 1.674768614953681549e+02 1.133691775415858055e-01
2.512888515017180282e+02 1.769985371527592406e+02 9.956559668144350506e-02
2.513873429590462081e+02 1.851066661919089427e+02 9.674078821651325988e-02
2.512982131306117708e+02 1.849629510940198429e+02 8.837615054567465878e-02
2.512321090518494771e+02 1.841478810969277333e+02 7.003863340988801534e-02
2.510498762662678587e+02 1.829685532351771826e+02 6.776276356471837292e-02
2.513232091248434870e+02 1.848958885980997877e+02 8.557804720278683330e-02
2.510430249188461005e+02 1.830448586705596767e+02 7.108013316954191196e-02
2.511379349225848046e+02 1.834019387918602888e+02 7.569715204709596967e-02
2.512920828214851667e+02 1.840855305714302688e+02 7.562890562409869954e-02
2.511433085865868975e+02 1.825449091135679964e+02 6.188763671538868166e-02
2.510895007329072257e+02 1.800407045404641906e+02 7.406517236672660598e-02
2.512594699329998207e+02 1.810364406226447613e+02 7.968214970297969602e-02
2.513982920590835874e+02 1.835906668565697544e+02 9.607019292967057533e-02
2.514662031844374326e+02 1.858138207908276911e+02 9.806120813972120376e-02
2.513676939236945600e+02 1.856092031785029803e+02 8.531989768971022514e-02
2.514458805865631632e+02 1.873814411270748508e+02 9.377651966980600495e-02
2.514382992991389187e+02 1.875831597500400676e+02 8.599939468390037367e-02
2.514200478318408045e+02 1.900215361973093025e+02 6.279264362904804497e-02
2.513065124890954110e+02 1.898560148836546944e+02 5.688784442189345064e-02
2.512922875607541471e+02 1.878939420914264815e+02 3.322710629232020207e-02
2.512156943035007544e+02 1.875472829021939845e+02 3.582937207356370890e-02
2.513337398446355451e+02 1.822433073996925827e+02 8.095212661788531161e-02
2.513280160468111148e+02 1.822670927617250243e+02 8.978855477813978136e-02
2.513341433887019605e+02 1.825398262386725889e+02 8.791326176360625411e-02
2.514257004160064639e+02 1.847972932875192100e+02 8.526352020984291624e-02
2.513086785712166318e+02 1.844448301850961798e+02 7.851899327624371761e-02
2.512706593791355942e+02 1.803806251372346594e+02 9.112084364447767260e-02
2.511484864130273422e+02 1.774672446841970839e+02 8.986570290848451548e-02
2.512480698131234931e+02 1.780647065107087599e+02 1.079005619944572031e-01
2.513663735037713707e+02 1.791185559056893908e+02 1.072982131306117887e-01
2.512901422492834058e+02 1.791556552546778391e+02 9.595150349837099080e-02
2.514023571721056101e+02 1.852708344460467629e+02 7.676535692879227213e-02
2.513261911968048707e+02 1.852594432278777674e+02 7.813325262452004705e-02
2.513017115015993284e+02 1.852601464627582288e+02 6.954013779842974086e-02
2.514009418006373551e+02 1.859950654868937079e+02 8.189570759671704892e-02
2.512492300023144480e+02 1.855295477339220440e+02 7.201777967680868253e-02
2.511130101420119161e+02 1.845559680013293189e+02 6.211017939907540614e-02
2.513070080174710768e+02 1.853161589726242937e+02 7.728165595494548845e-02
2.514490792667367032e+02 1.865812844570255322e+02 8.510922394915344802e-02
2.513267074958310445e+02 1.860465262570694449e+02 6.524951485694956144e-02
2.515011661236625287e+02 1.876343148949301849e+02 6.216655687894271504e-02
2.515341291459701836e+02 1.890709199024372822e+02 8.308853638127793040e-02
2.515150646560676932e+02 1.896119686422522648e+02 8.407069142528203476e-02
2.514115882426249300e+02 1.936952174093657959e+02 4.679924276142830714e-02
2.515271146005804042e+02 1.946499729981543680e+02 6.504774282374026217e-02
2.513089307862581450e+02 1.933397306936803943e+02 4.784667699264719132e-02
2.514142646893007509e+02 1.940790115544161267e+02 5.852575857382779495e-02
2.513187938779991271e+02 1.900161565988356642e+02 5.736556938287429991e-02
2.512249342757274064e+02 1.867927237444141895e+02 6.718118535135038372e-02
2.511031084762057333e+02 1.862234180182425689e+02 5.677508946215883978e-02
2.512367023328407640e+02 1.809401834938607863e+02 7.216317423015067289e-02
2.512581554475481767e+02 1.811063665010948966e+02 7.722527847507819343e-02
2.511700255775724315e+02 1.804877809230476942e+02 6.306859655681959498e-02
2.510909398422617471e+02 1.770558641480769211e+02 9.619184959675265711e-02
2.510519177244862306e+02 1.740259544113894492e+02 8.699045143525194201e-02
2.509845139964511986e+02 1.726734497676654314e+02 7.263496471956654155e-02
2.511235556979828800e+02 1.734623873192211647e+02 9.140866551537918383e-02
2.513673764294658497e+02 1.756461393295234075e+02 9.356584592924922783e-02
2.514186680672019634e+02 1.780154325933047232e+02 1.157637368180550325e-01
2.513150818660352286e+02 1.780675372536452414e+02 1.124849412784038605e-01
2.512112108102334105e+02 1.774657580990700581e+02 8.746817639623279128e-02
2.513866515931088941e+02 1.784167809052442806e+02 1.104968933041357293e-01
2.513199570344258689e+02 1.782127953141412604e+02 9.677046057433816295e-02
2.512688552997798297e+02 1.781408042395864868e+02 9.010604900686618179e-02
2.511788204644317375e+02 1.772766324247657508e+02 7.413638602550635948e-02
2.513601245052134345e+02 1.780587423667859355e+02 9.877037749173624148e-02
2.513678927284919951e+02 1.785288355973342220e+02 1.052508204406938652e-01
2.514088227788756456e+02 1.792926792358774435e+02 1.219355872456337059e-01
2.513062068638098197e+02 1.792715614188134623e+02 1.138498697383491520e-01
2.513343036194341948e+02 1.794585447488828436e+02 8.893695810856522277e-02
2.513143252209107175e+02 1.794921101200543490e+02 8.919807485742431430e-02
2.512397259461031354e+02 1.792805788483564413e+02 8.707946850872663735e-02
2.513153607861987950e+02 1.795138124825674879e+02 7.771487237918899005e-02
2.512241568599524157e+02 1.793208056638596588e+02 8.325766882087984322e-02
2.512708166426320702e+02 1.793963336834671622e+02 9.042651047137507947e-02
2.512965277406873383e+02 1.794690161239592499e+02 8.345350638252416187e-02
2.514324449429400659e+02 1.805264351035862092e+02 1.078708896366323000e-01
2.512984623784175255e+02 1.801674351807343442e+02 9.060157738254197290e-02
2.512691905974232611e+02 1.798032574314420060e+02 7.608882717038460697e-02
2.512227859970209067e+02 1.765975716142356191e+02 6.212501557798785767e-02
2.511163601512103298e+02 1.746288729845051080e+02 8.840285566771706460e-02
2.509487677069795382e+02 1.737938334905968247e+02 7.399692594372933585e-02
2.509187630187470006e+02 1.734815259900182127e+02 7.113651064940922086e-02
2.513043286035594974e+02 1.753819544588652093e+02 1.052300497902164261e-01
2.513028153133104183e+02 1.754301839092738078e+02 1.036781854759742938e-01
2.514477736829923913e+02 1.763741743666435298e+02 1.246921492875666948e-01
2.514494620401526390e+02 1.785996041707466020e+02 1.482401324574053325e-01
2.515157767926554868e+02 1.800847709590699424e+02 1.400564961692986055e-01
2.515281323624537890e+02 1.839141459998694472e+02 9.769030366690997780e-02
2.514382933646673450e+02 1.840406036544475796e+02 9.837870236844760419e-02
2.512836232322692922e+02 1.837351564029980864e+02 8.836131436676221418e-02
2.512144925730088403e+02 1.833408730794566281e+02 7.131454479635861154e-02
2.510639290949337408e+02 1.815575792103592221e+02 6.638893339742563127e-02
2.510274053896870612e+02 1.804315903790347022e+02 7.453696285614247463e-02
2.510263104796833318e+02 1.802101040312865337e+02 8.043879482751457866e-02
2.510121775356513467e+02 1.787001281845857932e+02 7.844184514589898349e-02
2.511692808013910394e+02 1.793078774175553463e+02 8.532286492549270851e-02
2.513495641130635647e+02 1.803206543348347566e+02 1.047998006017554218e-01
2.514569098019666740e+02 1.815858688363094586e+02 1.046247336905885283e-01
2.512697425032787919e+02 1.810798750200288509e+02 8.996362168930667480e-02
2.511549727904478857e+02 1.787821247781991190e+02 7.518382025672523672e-02
2.510961028325232860e+02 1.778977727928216552e+02 7.690481701056929575e-02
2.511036218079961202e+02 1.755389598058240779e+02 9.271128202389218587e-02
2.510465915362566420e+02 1.747093829929913795e+02 9.650934382547905754e-02
2.510874444385099764e+02 1.732742883084975745e+02 7.795521847757067024e-02
2.509616366085681989e+02 1.726615719228281307e+02 8.458105597987027047e-02
2.510688161322675001e+02 1.730660536357540025e+02 9.496638121858438919e-02
2.512410997762704312e+02 1.671446052686238488e+02 1.196834552867239998e-01
2.511942263526144359e+02 1.628552018610502898e+02 1.237040597719975960e-01
2.511390802755968537e+02 1.627151631682956747e+02 1.217842582207267349e-01
2.512103384429133541e+02 1.630597452924804429e+02 1.366857163203902548e-01
2.512111247603957054e+02 1.630607363492317745e+02 1.198970962630632603e-01
2.512339873120997993e+02 1.680100322241806055e+02 1.289323292207445459e-01
2.510557929344181503e+02 1.672151928406535148e+02 1.056484300355474831e-01
2.510494222791931520e+02 1.668785807117805291e+02 1.149981899861726858e-01
2.509511325938981656e+02 1.654056804761819990e+02 1.116185084299168573e-01
2.510656233865655338e+02 1.656023310604307142e+02 1.171731738147376717e-01
2.510532411116452067e+02 1.647952013862925469e+02 1.083901558985680136e-01
2.511448693526085094e+02 1.653040556178675047e+02 1.345878806221700030e-01
2.512524880272036114e+02 1.699985252838160932e+02 1.121615125781124794e-01
2.513491338638750960e+02 1.715575851448307674e+02 1.296207279222821585e-01
2.513280101123395411e+02 1.719187066412671356e+02 1.184668886159031959e-01
2.512178574183861883e+02 1.712027007780092163e+02 9.872290171921641044e-02
2.511922086322823304e+02 1.712276849032977850e+02 1.076068056519907251e-01
2.514096714083094355e+02 1.728001715062282244e+02 1.071646875203997457e-01
2.514072471766751562e+02 1.731098678393182411e+02 1.103158919214038552e-01
2.513139098079011546e+02 1.728465315980938612e+02 9.154515836137371021e-02
2.513575578462615852e+02 1.763473327517551184e+02 9.102589209943801052e-02
2.513947907208602714e+02 1.806083426801260430e+02 8.631095444106179349e-02
2.512892164717192713e+02 1.803959390411080790e+02 8.232892402096055051e-02
2.513392321980689132e+02 1.810883494454236313e+02 7.038579999643931884e-02
2.513239331303743995e+02 1.811155085545407530e+02 7.745672286611238189e-02
2.511693223426919985e+02 1.796813604182615620e+02 6.176301281252410957e-02
2.510495884443969601e+02 1.773909155109283233e+02 7.195250048959390965e-02
2.512182223883874315e+02 1.708998528251051994e+02 1.121229385129401124e-01
2.512124422130831363e+02 1.669368453536054915e+02 1.145471701472342424e-01
2.512403460983816785e+02 1.618379414505035356e+02 1.433857347172521057e-01
2.512987650364673300e+02 1.624490110203136908e+02 1.430593387811782413e-01
2.512929373853905304e+02 1.624612093266155171e+02 1.213747796827431558e-01
2.511764110689763640e+02 1.661247129199380481e+02 8.862243111562130571e-02
2.512504347000421205e+02 1.711766781201967831e+02 9.647967146765416835e-02
2.513790525022699285e+02 1.728870788750615759e+02 1.108351581833395688e-01
2.513768626822624697e+02 1.731712955544873580e+02 1.278908294610906493e-01
2.514164960506091688e+02 1.736567115906164247e+02 1.266712955544873620e-01
2.513183873666969248e+02 1.734311957366756189e+02 1.130487160770769217e-01
2.511935290522055482e+02 1.679919202169642745e+02 1.308105894710605566e-01
2.510343249835318318e+02 1.652562059736390836e+02 1.166687437317144027e-01
2.509367682054751469e+02 1.632064869708676724e+02 1.030402297827389957e-01
2.511525811984071765e+02 1.647011667171096860e+02 1.231432522091070458e-01
2.512181007317203409e+02 1.652218246126273584e+02 1.349113093224613702e-01
2.511926715210643977e+02 1.647611256505664414e+02 1.221225230999305605e-01
2.513169363883992844e+02 1.737121603256838114e+02 9.830748870966785069e-02
2.513957550724895782e+02 1.743172716860427158e+02 1.235675669260030696e-01
2.511961224162794508e+02 1.730977140415531608e+02 8.915356632068698051e-02
2.511489997448177292e+02 1.727967502833710114e+02 9.403763641866509648e-02
2.512288866337896991e+02 1.731006723756283066e+02 9.275875779641201690e-02
2.512850860795100516e+02 1.731870901505575375e+02 8.745927468888532730e-02
2.513396090370133038e+02 1.735516447387942378e+02 9.771997602473488087e-02
2.513132481143216523e+02 1.735896579964037016e+02 9.969022058430807021e-02
2.512371088441429663e+02 1.731521450147471626e+02 8.548606289352964072e-02
2.510575317345866893e+02 1.719941545455085077e+02 7.928454010812607811e-02
2.510024450022847589e+02 1.712064394950951680e+02 7.992843027292634295e-02
2.511151821586046822e+02 1.682204300118096114e+02 8.527538915297287747e-02
2.511954696244072807e+02 1.689646869269525951e+02 1.020818126249948138e-01
2.513595043529348914e+02 1.718716522162283979e+02 1.081913511011411977e-01
2.511296474330443118e+02 1.694055291471570968e+02 1.033399205967704543e-01
2.511581803723287578e+02 1.697482686179209281e+02 1.082803681746158930e-01
2.513329861667467924e+02 1.717378387841454526e+02 1.060312034514886564e-01
2.513824262493546371e+02 1.722707038876723118e+02 1.270778068566884578e-01
2.513817378506530815e+02 1.726135383099811804e+02 1.278374192170058099e-01
2.511631653284433412e+02 1.697804186176242069e+02 9.337000836760490918e-02
2.511077403312621925e+02 1.695809936679188468e+02 9.448272178603855931e-02
2.511278730260463874e+02 1.697467019174277709e+02 1.058116280035844153e-01
2.510996071379823888e+02 1.694962256760846628e+02 9.043244494294006008e-02
2.512931896004320436e+02 1.704682387081842307e+02 1.259799296171672522e-01
2.513966778828179258e+02 1.717975128629671246e+02 1.326117015910318331e-01
2.514490050858421171e+02 1.733972327559092435e+02 1.300628460538731379e-01
2.514092292901778478e+02 1.751803248529734560e+02 1.231076453797171621e-01
2.512787421294070782e+02 1.745752669028586297e+02 1.045802251538511807e-01
2.511712362097717062e+02 1.730442889612894533e+02 8.709727192342157920e-02
2.512148783136605630e+02 1.733959331066365337e+02 9.497528292593186705e-02
2.511142296759184944e+02 1.722924299880717172e+02 8.003525076109598013e-02
2.511484448717263831e+02 1.725773766074999855e+02 8.608247728581008840e-02
2.511494952731933950e+02 1.724015233788507260e+02 7.519568919985519795e-02
2.513732930976161128e+02 1.740645255093260175e+02 9.231663966482105133e-02
2.514668292711875495e+02 1.753900372091367217e+02 1.221017524494531353e-01
2.511778887523960293e+02 1.727940471315731656e+02 9.525420308948590042e-02
2.511837787154242960e+02 1.677542090239574577e+02 1.254814340057089639e-01
2.510912632709620311e+02 1.673083492080447741e+02 1.090459150064982397e-01
2.510641872444468277e+02 1.664397740153227971e+02 9.445304942821367011e-02
