2.516086384520989725e+02 1.689352843811535081e+02 5.181187751491110882e-01
2.522271396364259033e+02 1.936084643703090649e+02 6.712707970662937784e-01
2.520375959590194270e+02 1.925180245997545683e+02 5.264490168659570202e-01
2.516560971433463578e+02 1.913315316343711743e+02 3.361519363031876817e-01
2.515220027967238252e+02 1.909543078108501390e+02 2.581690020261978580e-01
2.514080762535315898e+02 1.903760708883878863e+02 1.954995576610256691e-01
2.513626722981649948e+02 1.906603635740989091e+02 1.121857252932279281e-01
2.513489911817585210e+02 1.908555149681801311e+02 6.472132644616306052e-02
2.513150680631260627e+02 1.873192431722839046e+02 3.762735081761365424e-02
2.513046031791330108e+02 1.871599126737250742e+02 3.624040409805655977e-02
2.512189264005022551e+02 1.856275363146029065e+02 3.332382066721840258e-02
2.514485945035815178e+02 1.872170172084130115e+02 3.456522359521703447e-02
2.514917667874775304e+02 1.875623954795810562e+02 3.656859107902171724e-02
2.515017208413001981e+02 1.880929939214063609e+02 3.780143260751690770e-02
2.515632459119317446e+02 1.889384378299706100e+02 4.189378157016066667e-02
2.514428726349133854e+02 1.884664364601466957e+02 3.148882737364801232e-02
2.512600410947176215e+02 1.877331611540766403e+02 2.356667903313261481e-02
2.511752233098370368e+02 1.873954938500613707e+02 2.812134356896207193e-02
2.511119431523073047e+02 1.862896720983990235e+02 2.938272309580206021e-02
2.510838189549384936e+02 1.860790217174167367e+02 2.921149510573328376e-02
2.510609714334636635e+02 1.856446448446106103e+02 3.297851088724636920e-02
2.511457121657487050e+02 1.858415884249878616e+02 3.636311749093918549e-02
2.512378413858052113e+02 1.861128107074569868e+02 3.799549099626152449e-02
2.512257926429040253e+02 1.860271339288262311e+02 3.957364230472874833e-02
2.513797522901743662e+02 1.865993807254359069e+02 4.802374361462286717e-02
2.514924374304386276e+02 1.879776176478981711e+02 4.422248223509603338e-02
2.515002739647840997e+02 1.883626180759681574e+02 4.367740646671042226e-02
2.512832110955737619e+02 1.856385205901657969e+02 4.169686938158157635e-02
2.511098313404297926e+02 1.837012414029279910e+02 3.917125652806711933e-02
2.511392026483262327e+02 1.823175423075825563e+02 3.603778430980850850e-02
2.512188778859050728e+02 1.826500984560942982e+02 3.956508090522530691e-02
2.514047258925259030e+02 1.856641905196769358e+02 3.950229730886675727e-02
2.512743871464855374e+02 1.851023115778659189e+02 3.112068719500014208e-02
2.512396478411004352e+02 1.794201649496304469e+02 5.362289888987186587e-02
2.512744870294797579e+02 1.683133985902228744e+02 8.484917667874775082e-02
2.511786535772380944e+02 1.539470220598727224e+02 1.207357095973288497e-01
2.511239205502126026e+02 1.497927513484204098e+02 1.537570274820924121e-01
2.510237179304243682e+02 1.492615022402328577e+02 1.248451813589794845e-01
2.511790987700122741e+02 1.558263234496732537e+02 1.123084386861105538e-01
2.513415085185925193e+02 1.690937872777603275e+02 1.039068519734025892e-01
2.514115607431294848e+02 1.849785708170428791e+02 6.553465939898975301e-02
2.514838332239376655e+02 1.959788590508261734e+02 4.509574498444678808e-02
2.515150395251277189e+02 2.011267800576467550e+02 3.359778545132844491e-02
2.515378956080020600e+02 2.016863474215918473e+02 2.766758939527981520e-02
2.513315630261693343e+02 1.993511743386318926e+02 1.880368710938614893e-02
2.512113410005422338e+02 1.983237008076253574e+02 1.781056476698724203e-02
2.511792414600039933e+02 1.977704089495162805e+02 1.586998087954110889e-02
2.512657972089837699e+02 1.958935846579720987e+02 1.798464655689049896e-02
2.513794497873919056e+02 1.968308809680088984e+02 1.915755828886162027e-02
2.514378242630062061e+02 2.007954967038612040e+02 2.095259838474929429e-02
2.512994235324334227e+02 1.994201107274335811e+02 2.189435233012756651e-02
2.512892811278216811e+02 1.982979110185211482e+02 2.181729973459661451e-02
2.512303102080419990e+02 1.966313347221825722e+02 2.200279672383778987e-02
2.513156245540937732e+02 1.933311863245911866e+02 2.675437344824634078e-02
2.512969749721754624e+02 1.931188950087041007e+02 2.720242002225964004e-02
2.513747296024656919e+02 1.935077594817499573e+02 3.016181045061499394e-02
2.515298621614680030e+02 1.952832653177705993e+02 3.138038297993778897e-02
2.515026540338460563e+02 2.001605776090864879e+02 2.057304300676350561e-02
2.515930196056048658e+02 2.020621186609971289e+02 3.578094232470534208e-02
2.514484575211894537e+02 2.052484832053879700e+02 3.078393881453155012e-02
2.512811021374960774e+02 2.043313689677806053e+02 7.979224337204987930e-03
2.512438857338546256e+02 2.028783938814531496e+02 9.214919665534658869e-03
2.513113381467424006e+02 2.029928312548157976e+02 1.206015810051083020e-02
2.513739105619131919e+02 2.034499985731000891e+02 1.495105733283867526e-02
2.513765360577609158e+02 2.034929339916098172e+02 1.634656545189920249e-02
2.512705716161068494e+02 2.023332039610741617e+02 1.768214377443566229e-02
2.513849005450757659e+02 1.987850004280699636e+02 2.719385862275619861e-02
2.514541394366599150e+02 1.939035786649924376e+02 4.121743100938900228e-02
2.513555006991809648e+02 1.876284095773522438e+02 5.091464284695071396e-02
2.513534916240974724e+02 1.822409919808224572e+02 5.933620615850004193e-02
2.512696812305584899e+02 1.817302217402471456e+02 5.034102908022031198e-02
2.512790416940155751e+02 1.818397448702947941e+02 4.560372135498415996e-02
2.512379612453982531e+02 1.795857338546274491e+02 4.632858651294198549e-02
2.513545903370337555e+02 1.834640107302873844e+02 5.155104021003966558e-02
2.514481493108073380e+02 1.860410262264204846e+02 6.268656716417909947e-02
2.514699180959447631e+02 1.870162837818555488e+02 7.137924146000398928e-02
2.515289204075226053e+02 1.896824691076167824e+02 4.825204760138123578e-02
2.515200022830398723e+02 1.897817099968608261e+02 4.489312519619873681e-02
2.514501897776889905e+02 1.896227904454781594e+02 4.279558231785622613e-02
2.513054193658856832e+02 1.888176022373790772e+02 3.696812305584886577e-02
2.511905453611483665e+02 1.883358522873205629e+02 3.331811306754944163e-02
2.513220741417196962e+02 1.836931366113980744e+02 4.468479780828172460e-02
2.512078508033446553e+02 1.810088895864844005e+02 5.357438429268571167e-02
2.512298735766673303e+02 1.777271110984275424e+02 8.194400844724751554e-02
2.510931166347992303e+02 1.755808995177078202e+02 6.946719557090265396e-02
2.512461231129248631e+02 1.765083616335150225e+02 5.819754002454267938e-02
2.513574355754687417e+02 1.772410861562169941e+02 6.809737165035244233e-02
2.513901458291715301e+02 1.820488085385690908e+02 5.842299021146656751e-02
2.514439114180531476e+02 1.844715048086527247e+02 7.189292543021032211e-02
2.513300961730544145e+02 1.823749122456550822e+02 5.701606689306812359e-02
2.513846208726919826e+02 1.862027339402414441e+02 6.879084501013098263e-02
2.513570331896920891e+02 1.864411575012128708e+02 6.849119602751063685e-02
2.512943180845295501e+02 1.860433977340829301e+02 4.891412916298051167e-02
2.514210039667817682e+02 1.881444251020233480e+02 3.435975000713450273e-02
2.515191575582888674e+02 1.884982591821009805e+02 5.228446676750092559e-02
2.515230986558602808e+02 1.893880968008903949e+02 4.495020119288833244e-02
2.514722610656088477e+02 1.892927285180217325e+02 4.036129105904511655e-02
2.514865272109814214e+02 1.893909049399275091e+02 3.989612168602494485e-02
2.515260979994863249e+02 1.898246710995690876e+02 4.289546531206301500e-02
2.515121143802973620e+02 1.900337804286407390e+02 3.993036728403869667e-02
2.515235352872349495e+02 1.901096287206415241e+02 4.086355982991352748e-02
2.515593847207556735e+02 1.904856425330327454e+02 4.405981564453069488e-02
2.515688507748066627e+02 1.905711566450729038e+02 4.285265831454581481e-02
2.515510887246368554e+02 1.927119574213064652e+02 3.596643931394651744e-02
2.515562198567392613e+02 1.928753117776319073e+02 3.593504751576724610e-02
2.515511486544333764e+02 1.931126309180673957e+02 3.576096572586398570e-02
2.513037242087839900e+02 1.912627293741616938e+02 3.154590337033760794e-02
2.512506435318626643e+02 1.855986472988784612e+02 5.702748209240603855e-02
2.511659941211723321e+02 1.844952255928769205e+02 4.819782540452612757e-02
2.513413972203989601e+02 1.884435575468736488e+02 3.672269627008361431e-02
2.514592762763619760e+02 1.895826917040038779e+02 6.268656716417909947e-02
2.515076082303587270e+02 1.906018150166947294e+02 4.519562797865357695e-02
2.514205159670100613e+02 1.943675694186809721e+02 2.874917953254758560e-02
2.514685711024228851e+02 1.951247452983647861e+02 5.129990582460546011e-02
2.515660911503667023e+02 1.968055734710767410e+02 3.039011443737336254e-02
2.514510373562398229e+02 1.963275134842042178e+02 2.525042093547558500e-02
2.514655631973973300e+02 1.924995490996261651e+02 3.959361890357010472e-02
2.514114408835364429e+02 1.924694843183699220e+02 4.419109043691675509e-02
2.513358808253189238e+02 1.919031077880197529e+02 3.633743329242886816e-02
2.512708798264889651e+02 1.915746439884706547e+02 3.073257041751091545e-02
2.512636340287092196e+02 1.928505065494706230e+02 1.968265745840586806e-02
2.514443822950258323e+02 1.947259353328957445e+02 2.692845523814959771e-02
2.513453668559687344e+02 1.941656916183899000e+02 2.333266744670528872e-02
2.512051454011015608e+02 1.936409349048257695e+02 2.360377843098085057e-02
2.513959418966353780e+02 1.943253788419280284e+02 2.522473673696526766e-02
2.512570303358922388e+02 1.938689535116006937e+02 2.170600154105191068e-02
2.511726748665848561e+02 1.935990810764533023e+02 2.178305413658285922e-02
2.511969835335749508e+02 1.935096258668417022e+02 2.274478468080248783e-02
2.513071630375845302e+02 1.937796552609800074e+02 2.677149624725321669e-02
2.513290830741131856e+02 1.937873576667332429e+02 2.738506321166633492e-02
2.513555206757798146e+02 1.902166747524328514e+02 3.530150395251276801e-02
2.512481664336063432e+02 1.873599183813247464e+02 4.399417824833766477e-02
2.512772238235210125e+02 1.877458748323392683e+02 5.154533261037071157e-02
2.512390599583345363e+02 1.872992779886418759e+02 4.755001284209925405e-02
2.511785080334465476e+02 1.866406352558431649e+02 3.612339830484289499e-02
2.511187066579150269e+02 1.862941440027396425e+02 3.619474330070488605e-02
2.510824748152164716e+02 1.860247909591621180e+02 3.361490825033532082e-02
2.511952398618760753e+02 1.863241945149967194e+02 3.700236865386261759e-02
2.510967980365857102e+02 1.853324676807168885e+02 3.120059359036557109e-02
2.510747153334665143e+02 1.850846551182900157e+02 3.293855768956365643e-02
2.510379726605975748e+02 1.846259096486972453e+02 2.984503866898775837e-02
2.510117005793213707e+02 1.839365685910790091e+02 2.628064267572272419e-02
2.512561313889443682e+02 1.849723324106047073e+02 3.614908250335321233e-02
2.514407351388373684e+02 1.855931194885990578e+02 6.069176107987785812e-02
2.514572928854770169e+02 1.860504180816757582e+02 4.933649153848349012e-02
2.514821979966325216e+02 1.863957592534459593e+02 4.624297251790759206e-02
2.513895779230044809e+02 1.861099711766216842e+02 4.038412145772095341e-02
2.514826260666076791e+02 1.863178248337661671e+02 4.463628321109557040e-02
2.515672669158985286e+02 1.873346365685910655e+02 4.445078622185440198e-02
2.515931879797950899e+02 1.884950629262863515e+02 4.602037613081818440e-02
2.515778002910875841e+02 1.904663965069489961e+02 3.737050883251048783e-02
2.515467309722895948e+02 1.930486287491795281e+02 3.223081533061271375e-02
2.516464398847064956e+02 1.940976969835335808e+02 6.195314060671784639e-02
2.515781541622670545e+02 1.939219913815244922e+02 4.604320652949402126e-02
2.515546359978310988e+02 1.940640392682857112e+02 4.038126765788647293e-02
2.515269056248394861e+02 1.946638223794982991e+02 3.645158528580805246e-02
2.513206187038041151e+02 1.930570274820923942e+02 3.244770411803316046e-02
2.513137553152022008e+02 1.887445506692160677e+02 4.747581404640278252e-02
2.512426557461259620e+02 1.862953340372706350e+02 4.909391855255272608e-02
2.512176507519762652e+02 1.839894923090094494e+02 4.532975657087411764e-02
2.511904683085528518e+02 1.822536485830883919e+02 4.649125310350731705e-02
2.512272423732199513e+02 1.826209640135840857e+02 4.390285665363431733e-02
2.511775691333009775e+02 1.819366171056762198e+02 3.968779429810793263e-02
2.513150309637281907e+02 1.824933934533831916e+02 4.483890299934362861e-02
2.514350047087697249e+02 1.870395451043063701e+02 3.677406466710424898e-02
2.514130932336405806e+02 1.871562598099369268e+02 4.312662309865585714e-02
2.512750121286493084e+02 1.861881938300847708e+02 3.859764276133671734e-02
2.514469792528751952e+02 1.895051254245027224e+02 3.449387859935504341e-02
2.514903855483576365e+02 1.902172426585999290e+02 4.703918267172740170e-02
2.515277446419908074e+02 1.916681430324477162e+02 3.375759824205930293e-02
2.514712137210696028e+02 1.915207956393938389e+02 3.364059244884563815e-02
2.514680003424559800e+02 1.915553836933877392e+02 3.306983248194971664e-02
2.515209411831854140e+02 1.918959162124368731e+02 3.882594674809508595e-02
2.515533118347079267e+02 1.921457949259439033e+02 4.098341942296167273e-02
2.515436688450672023e+02 1.929135897948117986e+02 3.538711794754716145e-02
2.515747752632630352e+02 1.930075169087640177e+02 3.665420507405610373e-02
2.515945949031134887e+02 1.935104705915927070e+02 3.927684712194286915e-02
2.514554778687822818e+02 1.930008504323506884e+02 2.899175251847835311e-02
2.515151650923204159e+02 1.931438258040581104e+02 3.460517679289974724e-02
2.515724608315972830e+02 1.936390999115322131e+02 3.651151508233212856e-02
2.512841928027168308e+02 1.948686824006164215e+02 1.447161896064609946e-02
2.511427984361176868e+02 1.942098199252304482e+02 1.097000656373962012e-02
2.512813818098798606e+02 1.946713421420621444e+02 1.986244684797808246e-02
2.514952141776775818e+02 1.972010530521389171e+02 4.192517336833994496e-02
2.514111383807539823e+02 1.942363916554892853e+02 4.179675237578836522e-02
2.514077509203504519e+02 1.941089837618789318e+02 4.579492594389429627e-02
2.514402100396678179e+02 1.945925601438315198e+02 3.374047544305242702e-02
2.514020946890784955e+02 1.915880026254958466e+02 3.620615850004280795e-02
2.513660683199680363e+02 1.874435347164749999e+02 5.089181244827487710e-02
2.513178904711623431e+02 1.870844753289004245e+02 5.471305042664307422e-02
2.514332753060700441e+02 1.887662937701549595e+02 4.314089209782825951e-02
2.515304814360320904e+02 1.891608401586712773e+02 6.155646242972517834e-02
2.515035529807939270e+02 1.894483348077965843e+02 5.116577723238491943e-02
2.515226791472846060e+02 1.900095088610484879e+02 4.784680802488513324e-02
2.514548072258211846e+02 1.897554350617847660e+02 4.005022687708684193e-02
2.512377443566108184e+02 1.879447704118033187e+02 3.810964298964070879e-02
2.512554864301817759e+02 1.880685482720242021e+02 3.511029936360263864e-02
2.512877800291087453e+02 1.881610427784595174e+02 3.876030935190205584e-02
2.512984275562911876e+02 1.853894751862104329e+02 4.200222596387089696e-02
2.511167717816272500e+02 1.837576981250535084e+02 4.616306612254216651e-02
2.512666133957364138e+02 1.792690305641962141e+02 5.787791444308096334e-02
2.511833452241659757e+02 1.630245398247766957e+02 1.199737450415227918e-01
2.511332638908706940e+02 1.516438200964584269e+02 1.360577609086498774e-01
2.512606603692817089e+02 1.627085128849062414e+02 1.256071459147855285e-01
2.512851887788590375e+02 1.758838303701378436e+02 1.012414029279986305e-01
2.513493564681373300e+02 1.875390599583345193e+02 6.167917582260780407e-02
2.513987528894723198e+02 2.025529779401272776e+02 2.373219942353243378e-02
2.515020233440826587e+02 2.067850689192659956e+02 1.678319682657458331e-02
2.515655774663965190e+02 2.093377415028109851e+02 1.185468451242829846e-02
2.515742929710910119e+02 2.102025199052538369e+02 1.122114094917382558e-02
2.513394766131103495e+02 2.082616335150252667e+02 7.865072343825803627e-03
2.513582717388202354e+02 2.033289032847236228e+02 1.379241460003995286e-02
2.512458462943409074e+02 2.019891898062269888e+02 1.067035758111926046e-02
2.513400702034759320e+02 1.975694529265717279e+02 1.868668131617248415e-02
2.513846008960931613e+02 1.940553152021917072e+02 2.982506207014639851e-02
2.514579977740361301e+02 1.948494991581290492e+02 2.559287691561313791e-02
2.514094689078507940e+02 1.915706629377015418e+02 3.311549327930139036e-02
2.512749607602522701e+02 1.905886875374561100e+02 2.562426871379241619e-02
2.511926742958249008e+02 1.900621842983933050e+02 2.367797722667732210e-02
2.511917839102765413e+02 1.900303729916383588e+02 2.475385976427613502e-02
2.512007591107559676e+02 1.900146371393510378e+02 2.742501640934904769e-02
2.514662823549556094e+02 1.923704574641134570e+02 3.234211352415741758e-02
2.515626637367655007e+02 1.927640735138837442e+02 4.299534830626979692e-02
2.515505978710653210e+02 1.929967266915898563e+02 3.522730515681630342e-02
2.515019919522844702e+02 1.927895665078051479e+02 3.437116520647241769e-02
2.514015239291116188e+02 1.923807682429154511e+02 3.206529494021289478e-02
2.513423760737422015e+02 1.921260637538883032e+02 2.998772866071173701e-02
2.513629205787506180e+02 1.921019519990867934e+02 3.133186838275163477e-02
2.512669786821152229e+02 1.912679974886561354e+02 2.764475899660397834e-02
2.512881681458862602e+02 1.866862446847977992e+02 3.957364230472874833e-02
2.514620844153990902e+02 1.884130875260409255e+02 7.101110128135612598e-02
2.515094831768499830e+02 1.888971804457635244e+02 5.636825433064125007e-02
2.515132758768299936e+02 1.891576467566564759e+02 4.417967523757883319e-02
2.515381410347878273e+02 1.905627864501583986e+02 3.828657857937844272e-02
2.515756114266145289e+02 1.922129962044462275e+02 3.465083759025142096e-02
2.515755943038155351e+02 1.922460003995319653e+02 3.643446248680117655e-02
2.515496218715219356e+02 1.921154162267058609e+02 3.775577181016523398e-02
2.516065466168203102e+02 1.927964327502068898e+02 3.922833252475671495e-02
2.516432293598927004e+02 1.932109414685654087e+02 4.414542963956508137e-02
2.516196855112582398e+02 1.934796666761793347e+02 4.200222596387089696e-02
2.513051454011015551e+02 1.946866841699723238e+02 1.508518592505921595e-02
2.512110927199566106e+02 1.943473730772523709e+02 1.381524499871578972e-02
2.511409349048257695e+02 1.932117776319169025e+02 1.733968779429810939e-02
2.513633343797266093e+02 1.890061499386432899e+02 3.989326788619046438e-02
2.513893981336149182e+02 1.824275391684027170e+02 6.117976085157387361e-02
2.513109899831625853e+02 1.819230244570645709e+02 5.673068690962015936e-02
2.513500642104962708e+02 1.822569789674952290e+02 6.054907108815387601e-02
2.513651065894238172e+02 1.824642961102708227e+02 5.836876801461145237e-02
2.513789332496218663e+02 1.825079678091378810e+02 6.264946776633087411e-02
2.514697440141548554e+02 1.831409463200251082e+02 5.818327102537028395e-02
2.514613110356439734e+02 1.859612653748466187e+02 5.620558774007591157e-02
2.513126508946662341e+02 1.853980194629148741e+02 4.703062127222396721e-02
2.513896635369995067e+02 1.857530949459204805e+02 4.949630432921434814e-02
2.515017265488998532e+02 1.876929025998116458e+02 4.381153505893096989e-02
2.515385633971633297e+02 1.883056105704745846e+02 6.492109243457663825e-02
2.515572814702776725e+02 1.888667931851259993e+02 4.995861990240004630e-02
2.515641733968779477e+02 1.894543049570503115e+02 4.708484346907907542e-02
2.513919094774692553e+02 1.888278730629833717e+02 4.021860106732114137e-02
2.514095516680459923e+02 1.889467623640877889e+02 4.009588767443851565e-02
2.515239148426129532e+02 1.901612396906481024e+02 3.728204103764162086e-02
2.515612111526497472e+02 1.903969549955766070e+02 4.022716246682457586e-02
2.515492309009446217e+02 1.906575097742644402e+02 4.141148939813361213e-02
2.515665648811392430e+02 1.914126765788647617e+02 3.665705887389058421e-02
2.515259952626922768e+02 1.938827744641990876e+02 3.437687280614137864e-02
2.514099169544248298e+02 1.903188864473045783e+02 3.607488370765674773e-02
2.513731257669587080e+02 1.885769726891355731e+02 4.656545189920378858e-02
2.515235609714334544e+02 1.913506663622613644e+02 3.968779429810793263e-02
2.513684255586313157e+02 1.882288975771239450e+02 4.963614052110384978e-02
2.512642190576752910e+02 1.878075140549641731e+02 4.414828343939956184e-02
2.513195742130646977e+02 1.838237721526212169e+02 4.281270511686310204e-02
2.513006820581604472e+02 1.794874718187266467e+02 6.631660055363716721e-02
2.511617961816158129e+02 1.789518364201935015e+02 5.276961273936246061e-02
2.513132245084329668e+02 1.797482178020033814e+02 5.401672326703005345e-02
2.513680060500556408e+02 1.853035415655945997e+02 4.362889186952427500e-02
2.514464284695071399e+02 1.855216574869438659e+02 5.960731714277560378e-02
2.514005051225707064e+02 1.890106475271824422e+02 4.448503181986815380e-02
2.514701892069290352e+02 1.900671556177049695e+02 3.972774749579064540e-02
2.514152906595131469e+02 1.900705430781084999e+02 3.356353985331468615e-02
2.515005393681687167e+02 1.909208184697925219e+02 3.271881510230872231e-02
2.515454096629662502e+02 1.913212779315658736e+02 3.910847293170856970e-02
2.515990182928569254e+02 1.916278559401843609e+02 4.136012100111298440e-02
2.515827202420022388e+02 1.924830969435803638e+02 3.566679033132615778e-02
2.515099683228218339e+02 1.922453211951713570e+02 3.347507205844581918e-02
2.515863902285893801e+02 1.927025370280528591e+02 3.590936331725692876e-02
2.516304471904340687e+02 1.931701064467338256e+02 4.157415598869895063e-02
2.515932935703889655e+02 1.931652920864130465e+02 3.687109386147655737e-02
2.514503809822778919e+02 1.924028138466368034e+02 2.908592791301618102e-02
2.515486173339801894e+02 1.953909306241260140e+02 2.526183613481350343e-02
2.515833766159641698e+02 1.956946833709083649e+02 3.520447475814046656e-02
2.515353186267515184e+02 1.960164236180474404e+02 2.632344967323991744e-02
2.515231899774549902e+02 1.970823435404240627e+02 2.525898233497902295e-02
2.515108273165720050e+02 1.969820153534431029e+02 3.150024257298593422e-02
2.514304272138352303e+02 1.966087982648897139e+02 2.421163779572500785e-02
2.515070289089923108e+02 1.971871721697440023e+02 2.754487600239719294e-02
2.513543106646499723e+02 1.959293484774977969e+02 2.460260837304871495e-02
2.512012043035301474e+02 1.940938044005593497e+02 3.439114180531377407e-02
2.512391198881310572e+02 1.930555406523786530e+02 2.835535515538940149e-02
2.513053451670899676e+02 1.902933278159869985e+02 3.221369253160583090e-02
2.514631945435347120e+02 1.914189064239034224e+02 5.488427841671185414e-02
2.515166690448332076e+02 1.924820524528409464e+02 3.716218144459347561e-02
2.513087725806911976e+02 1.938573071544761888e+02 1.661482263634028733e-02
2.511829057389914794e+02 1.931892126366256548e+02 1.935447047744071059e-02
2.513862732227961487e+02 1.938259267714962562e+02 2.374932222253930969e-02
2.514767843383465049e+02 1.941718187266345126e+02 4.623726491823863805e-02
2.514558431551610909e+02 1.939642047886761134e+02 3.767586541479980844e-02
2.514055392254787193e+02 1.938210410661796175e+02 3.756171342142062414e-02
2.513112924859450459e+02 1.935023287006649468e+02 3.095802060443480358e-02
2.513628264033560811e+02 1.901907508347364626e+02 3.091806740675209081e-02
2.511933363773864869e+02 1.886584315516109598e+02 3.060129562512485524e-02
2.511924745298364883e+02 1.867572928854769998e+02 3.814674238748894108e-02
2.511630746839416588e+02 1.851998030878114321e+02 4.306669330213178798e-02
2.512221426329157339e+02 1.854155903084957515e+02 4.485602579835050452e-02
2.513035244427955774e+02 1.857223195685054691e+02 5.000142689991723954e-02
2.513722125510116712e+02 1.861067692132073716e+02 5.469307382780171783e-02
2.514862446847978106e+02 1.871596929311378119e+02 5.049228047144773551e-02
2.514468451242829872e+02 1.908918010330755521e+02 4.120886960988556086e-02
2.513986444450786166e+02 1.911418424131731513e+02 4.737593105219600059e-02
2.513949915812904976e+02 1.903602465683057119e+02 4.061242544447932201e-02
2.514750577894466517e+02 1.915351274221626170e+02 3.719642704260723437e-02
2.514746782340686764e+02 1.911452527039753306e+02 3.767015781513084749e-02
2.514626095145686406e+02 1.936592905453611593e+02 3.225079192945407014e-02
2.513706543763020420e+02 1.931480037670157799e+02 3.386033503610056533e-02
2.513863360063925256e+02 1.891848377614794003e+02 3.851488256613681133e-02
2.512196769498587230e+02 1.882981136383094167e+02 3.271881510230872231e-02
2.512060928626466136e+02 1.877304643132330568e+02 3.007334265574612697e-02
2.511736679889272637e+02 1.875734682229388568e+02 2.868924973602351644e-02
2.512770640107302995e+02 1.878346222995918993e+02 3.251619531406067104e-02
2.513791644074084672e+02 1.883110242287606013e+02 3.712222824691076284e-02
2.514539510858708411e+02 1.888350532233669128e+02 3.708227504922805007e-02
2.515252789589338249e+02 1.894901658057703742e+02 3.830940897805427958e-02
2.515476099426386156e+02 1.898598384749293757e+02 3.875174795239862136e-02
2.515642475956736348e+02 1.900553266173910458e+02 4.271567592249079365e-02
2.515538683256756372e+02 1.901284609457492536e+02 4.030706886219000834e-02
2.515642618646728010e+02 1.904440626694443779e+02 4.357752347250364033e-02
2.515926400502268905e+02 1.918256271225136231e+02 3.586655631973973551e-02
2.516116235267258219e+02 1.919603179133015658e+02 3.719071944293827342e-02
2.515818298564538793e+02 1.920047201849262422e+02 3.441682600382409141e-02
2.516080962301304282e+02 1.925517479523986140e+02 3.506463856625096492e-02
2.515161981678604946e+02 1.947275990981992493e+02 2.938272309580206021e-02
2.515674552666876025e+02 1.961247424445649301e+02 5.297223252761051188e-02
2.515909962615222071e+02 1.983184384007305709e+02 2.108672697696983497e-02
2.516450843297851065e+02 1.998677977226677456e+02 4.622870351873519662e-02
2.514378356782055448e+02 1.986071031077880207e+02 2.138066835992123368e-02
2.512104106617961747e+02 1.970994891698296385e+02 2.206272652036186249e-02
2.513342855512114511e+02 1.937349733169715478e+02 3.052424302959390323e-02
2.513323164293256582e+02 1.897619531406067210e+02 4.022716246682457586e-02
2.513779686652778196e+02 1.900461516509232069e+02 4.660825889672098182e-02
2.512869666961559290e+02 1.893340172940270065e+02 3.600639251162923715e-02
2.513121143802973734e+02 1.849498016609115041e+02 4.089495162809280576e-02
2.511784566650495094e+02 1.825705659085071773e+02 4.152278759167832289e-02
2.513179561085585476e+02 1.833594417967523782e+02 4.184241317314003894e-02
2.512131759938357902e+02 1.829513398590222835e+02 3.607773750749122127e-02
2.513327245227019660e+02 1.864621129533974511e+02 3.536714134870580506e-02
2.514666305185354247e+02 1.873975885391398606e+02 5.592591535629690830e-02
2.513974344339488027e+02 1.873139208355925973e+02 4.452783881738534705e-02
2.513819868154447761e+02 1.872223395451043189e+02 4.216203875460175499e-02
2.512809309095059973e+02 1.867533974487029411e+02 3.484774977883051128e-02
2.512207813703946897e+02 1.843656373961930228e+02 3.896863673981906806e-02
2.511656859107902164e+02 1.838745041522787460e+02 3.729060243714505535e-02
2.510892040752261778e+02 1.826537142204845736e+02 3.294997288890157139e-02
2.512101281356125639e+02 1.790643046716703282e+02 4.032419166119688425e-02
2.514013926543192383e+02 1.810979538255186867e+02 5.295510972860363597e-02
2.511805285237293504e+02 1.797737935561199834e+02 4.681087868496903309e-02
2.514440084472475121e+02 1.823700236865386159e+02 6.779772266773208267e-02
2.515462886333152710e+02 1.863398390456893310e+02 8.565965583173995590e-02
2.514764418823663732e+02 1.906983476498958225e+02 6.808310265118004689e-02
2.514689991723980427e+02 1.980938101081590048e+02 4.397420164949630145e-02
2.515082674581204856e+02 1.985497731229131659e+02 4.958191832424873463e-02
2.514402214548671566e+02 2.020402328700664896e+02 1.798179275705601848e-02
2.515124197368796501e+02 2.041475243286435841e+02 2.589537969806797804e-02
2.513388630461459456e+02 2.028539482320709908e+02 2.256499529123027342e-02
2.511690591021945806e+02 2.016079135869410095e+02 2.226534630860991376e-02
2.513521531919751055e+02 1.976803316115407654e+02 2.447989498016609269e-02
2.513312034473902088e+02 1.920553665705887454e+02 4.128021460574755191e-02
2.513000199765988327e+02 1.875586313175993780e+02 5.445050084187095379e-02
2.513307839388145339e+02 1.830103364630004990e+02 6.057475528666419334e-02
2.514174766701863462e+02 1.836881652920864099e+02 6.909905539225479065e-02
2.514571273650866203e+02 1.856386490111583498e+02 4.969321651779344540e-02
2.515068434120030929e+02 1.863751776490396992e+02 5.215033817528038490e-02
2.513559487457549722e+02 1.903635398533146770e+02 3.389172683427984362e-02
2.513341856682172306e+02 1.903346194457920717e+02 3.685682486230415500e-02
2.514109329071658863e+02 1.909267515196484055e+02 3.559544533546417366e-02
2.515009417539453693e+02 1.926155960160954237e+02 3.001626665905653482e-02
2.515521617533746053e+02 1.945891812448275004e+02 2.715105162523900537e-02
2.515556091435746566e+02 1.949807140207185796e+02 2.689991723980479990e-02
2.515524157415598836e+02 1.955954367740646660e+02 2.650609286264661232e-02
2.515607887902742448e+02 1.967910276533203842e+02 2.669729745155674863e-02
2.513240832168031602e+02 1.944454410547644159e+02 3.296138808823949329e-02
2.512400388116777492e+02 1.939360292229102924e+02 3.507890756542336036e-02
2.512471590422647694e+02 1.940736052053308924e+02 3.051853542992494575e-02
2.512582660312205576e+02 1.915212636625666960e+02 2.922291030507120219e-02
2.514590793641733910e+02 1.924485345737849968e+02 5.501555320909791436e-02
2.514693073827801584e+02 1.928152250221169481e+02 4.438800262549584541e-02
2.512911903199109531e+02 1.914809023715076535e+02 2.817556576581718708e-02
2.513451100139836285e+02 1.916107759481749895e+02 3.172569275990982235e-02
2.514096458434405292e+02 1.937542336120544633e+02 2.960246568305699086e-02
2.514276390513969375e+02 1.938501412630918139e+02 3.871464855455038212e-02
2.514180702605519286e+02 1.938428298279158639e+02 3.315259267714962266e-02
2.514467366798892840e+02 1.939932707399902938e+02 3.148597357381353185e-02
2.513087240660940154e+02 1.924610770240575448e+02 2.445706458149025583e-02
2.513235838018321431e+02 1.870766131103564476e+02 4.850603578664992171e-02
2.512611540766530709e+02 1.838197597100539440e+02 6.111983105504979752e-02
2.511714933934533747e+02 1.833118261465140790e+02 5.311206871950001351e-02
2.511732855797494324e+02 1.828554664535829488e+02 4.337775748409006260e-02
2.511649638994320810e+02 1.828081162067292667e+02 4.493593219371593006e-02
2.513099026854256408e+02 1.856447561428041411e+02 4.310379269998002028e-02
2.512753317542307627e+02 1.854919437230672656e+02 4.414542963956508137e-02
2.511961302474244349e+02 1.850888701806455288e+02 3.922262492508775400e-02
2.512679603892582918e+02 1.852601495391113247e+02 4.331212008789703249e-02
2.513682971376387627e+02 1.861652407180160367e+02 4.461916041208869449e-02
2.513947689849034077e+02 1.862706030079050379e+02 4.526126537484660706e-02
2.513718643874318559e+02 1.861951913472788931e+02 4.554664535829457128e-02
2.514400245426785716e+02 1.865515624554093677e+02 5.135698182129505573e-02
2.514765588881595875e+02 1.867949972888901584e+02 5.102023344082646378e-02
2.515217174167403869e+02 1.875100111298193610e+02 4.937359093633172241e-02
2.515142461687737239e+02 1.922571644644844469e+02 3.723352644045546667e-02
2.515292029337062161e+02 1.924665705887389038e+02 5.384264147712679305e-02
2.515022231100710712e+02 1.940557033189691936e+02 3.753032162324134585e-02
2.515780656944722011e+02 1.957819183242487497e+02 3.499329357038897387e-02
2.515490739419537078e+02 1.957204988442110789e+02 3.259324790959162305e-02
2.512929568220085059e+02 1.960923346936445739e+02 1.369253160583316746e-02
2.512528295425358920e+02 1.940033332382066646e+02 1.995091464284694943e-02
2.512071230843868648e+02 1.935761679175822678e+02 1.811306754944208217e-02
2.511519305955880270e+02 1.934933221083873036e+02 1.840415513255900387e-02
2.511790845010131079e+02 1.934266801746525459e+02 2.068148740047373244e-02
2.513500727718957819e+02 1.944716589138437826e+02 2.987072286749807223e-02
2.512365200764818383e+02 1.922234696498387621e+02 4.283268171570445842e-02
2.512764047829685126e+02 1.895933677691846810e+02 5.769241745383978798e-02
2.511798464655689145e+02 1.882968636739819033e+02 5.395108587083701640e-02
2.512376872806141250e+02 1.850386090579606844e+02 4.873719357324277079e-02
2.510825433064124752e+02 1.844129876430467050e+02 4.454781541622670343e-02
2.512432436288918609e+02 1.849750292514482908e+02 5.119431523072971724e-02
2.514161268228646406e+02 1.900202791016237995e+02 4.005022687708684193e-02
2.513870523101509775e+02 1.899723837790017456e+02 4.334065808624183030e-02
2.514442453126337682e+02 1.902970177791729611e+02 4.278702091835278470e-02
2.513654690220027987e+02 1.899115835735281621e+02 3.459661539339630582e-02
2.513901715133700634e+02 1.898672269627008404e+02 3.817242658599925842e-02
2.514908535715304936e+02 1.923526269227476462e+02 2.999343626038069796e-02
2.514374732456265633e+02 1.921852344396563979e+02 2.731657201563882434e-02
2.515221397791158893e+02 1.936119545675066433e+02 2.890899232327844362e-02
2.515065494706201434e+02 1.935573356924745383e+02 2.895750692046459782e-02
2.515581575868268658e+02 1.939505636254673107e+02 3.241916611968836265e-02
2.514958962358380177e+02 1.937114094917382374e+02 3.197397334550954734e-02
2.515092291886647047e+02 1.937855455038383639e+02 3.397163322964527610e-02
2.515354870009417425e+02 1.940221597557147390e+02 3.628321109557375301e-02
2.514036186181901087e+02 1.935234011586427414e+02 3.053565822893182166e-02
2.513779743728774747e+02 1.931623498187837242e+02 3.003624325789789121e-02
2.514608173282725829e+02 1.936925458748323479e+02 2.728518021745954605e-02
2.514131788476356348e+02 1.935293627464969575e+02 2.398048000913215877e-02
2.515378299706058556e+02 1.943176907051739306e+02 2.899746011814731406e-02
2.515867869067663491e+02 1.952561028509460357e+02 3.306697868211523617e-02
2.516143688821666160e+02 1.958461887503210619e+02 3.011614965326332022e-02
2.513547216118261360e+02 1.937635740989126987e+02 2.772751919180388783e-02
2.513053080676921240e+02 1.877759995433920324e+02 4.689934647983790700e-02
2.513078821951428381e+02 1.876746753802688374e+02 4.648839930367284351e-02
2.511808481493108047e+02 1.867431665762963462e+02 4.132872920293370611e-02
2.511286607117376661e+02 1.866003338945806433e+02 3.935389971747381421e-02
2.513424388573385500e+02 1.902313718215804386e+02 3.852344396564025275e-02
2.514602408607060227e+02 1.927493821523358406e+02 4.533546417054307859e-02
2.514960132416312319e+02 1.930793042436003475e+02 5.048086527210981361e-02
2.514327502069004936e+02 1.951398361918895148e+02 2.806141377243800278e-02
2.515139065665934197e+02 1.961837761479409892e+02 3.237350532233668893e-02
2.515122399474900874e+02 1.964852230244570706e+02 2.868068833652007502e-02
2.514354556091435882e+02 1.961664621443451892e+02 2.539025712736508664e-02
2.513006392511629201e+02 1.953212864929653847e+02 1.911475129134442355e-02
2.513003310407808044e+02 1.930499785965012336e+02 1.924887988356496771e-02
2.513582860078194017e+02 1.931939642133500854e+02 2.257926429040267233e-02
2.514386033503610065e+02 1.957472789018578112e+02 2.188008333095516761e-02
2.515086013527011346e+02 1.982229388430695565e+02 3.815530378699238251e-02
2.515449587625923868e+02 1.987703119203219160e+02 4.487600239719186090e-02
2.514862446847978106e+02 1.985636654205074194e+02 3.495619417254073463e-02
2.513445592306155731e+02 1.942313175993835728e+02 2.878342513056134089e-02
2.513191832424873837e+02 1.889172826117976172e+02 4.211352415741560079e-02
2.512071801603835581e+02 1.883617961816158299e+02 4.302388630461459473e-02
2.511996232984218409e+02 1.879143289289689278e+02 3.378899004023857428e-02
2.511927941554179426e+02 1.876342627208127567e+02 3.272452270197768326e-02
2.511683342370366177e+02 1.875036271795896141e+02 3.211951713706800299e-02
2.511993293570388914e+02 1.874803373191404319e+02 3.432265060928626349e-02
2.513602522759053670e+02 1.825293484774977912e+02 4.827202420022259910e-02
2.512181501669472823e+02 1.791167403898290615e+02 7.440712308438686418e-02
2.511990097314574371e+02 1.768937644473616615e+02 4.547815416226706070e-02
2.510724551239975995e+02 1.760984218486915438e+02 4.236751234268428673e-02
2.513295739276847200e+02 1.797194828914699940e+02 5.144830341599840318e-02
2.514979395565194977e+02 1.809521389229759336e+02 9.238891584144287572e-02
2.513793527581975411e+02 1.842645871978539560e+02 7.421021089580777386e-02
2.512562569561370935e+02 1.838076224993579046e+02 6.412773608059130215e-02
2.511765360577608988e+02 1.814064296110270789e+02 5.639964612882052142e-02
2.511433435118860871e+02 1.785576838560543251e+02 5.949031134956193900e-02
2.511071516223852029e+02 1.782866242401757972e+02 6.362546730972289122e-02
2.513151108701235614e+02 1.821709711480836802e+02 5.855997260352158867e-02
2.514993464798378966e+02 1.847712479666676302e+02 8.053993892868353821e-02
2.514446105990125773e+02 1.899028395308353083e+02 6.217859079364173452e-02
2.514552524185953644e+02 1.922839216917325302e+02 6.319454353471647134e-02
2.514923603778430845e+02 1.944357980651237199e+02 5.750406666476413214e-02
2.515122199708912376e+02 1.953479780828172636e+02 3.981050769099055142e-02
2.515643132330698393e+02 1.957976912759339143e+02 4.007020347592819831e-02
2.515473131474558386e+02 1.964140378413858059e+02 3.558403013612625176e-02
2.513434890556776224e+02 1.932421534773550889e+02 3.251048771439171009e-02
2.513026597414457228e+02 1.901110071059615905e+02 4.423104363459946786e-02
2.511937901315601778e+02 1.890506463856625032e+02 3.545846294340915250e-02
2.513040381267657892e+02 1.893338746040352589e+02 3.609486030649810412e-02
2.512756085728146900e+02 1.890590879255728964e+02 3.555549213778145395e-02
2.512694586341714000e+02 1.888903370337604599e+02 3.388601923461088267e-02
2.512405610570474721e+02 1.885622071287919823e+02 2.999343626038069796e-02
2.511761051339859137e+02 1.877792300448046490e+02 2.340972004223623726e-02
2.512987785736708304e+02 1.847457892183442141e+02 3.858908136183328286e-02
2.511928084244171089e+02 1.840845324048971179e+02 3.520162095830598609e-02
2.513580919494306727e+02 1.848359750007134608e+02 3.915984132872920437e-02
2.514365742986786927e+02 1.874872178305413684e+02 4.121743100938900228e-02
2.514469735452755401e+02 1.917296367112810742e+02 4.476470420364715708e-02
2.514283696241545556e+02 1.919841442881196372e+02 4.897120515967010035e-02
2.514703689963185980e+02 1.929238263748180771e+02 3.310407807996346846e-02
2.515584030136126330e+02 1.935398048000913320e+02 3.716788904426243656e-02
2.515516423618047384e+02 1.937955737564567187e+02 3.563254473331240596e-02
2.515381981107845206e+02 1.937860905796067357e+02 3.551839273993322166e-02
2.515646671042493097e+02 1.942152963671128134e+02 3.608059130732570174e-02
2.515881567306869044e+02 1.951684112896321324e+02 3.578379612453982256e-02
2.516154133729060334e+02 1.960857252932279380e+02 3.346080305927342374e-02
2.515789674952198993e+02 1.965914871150937415e+02 3.406010102451414306e-02
2.515186781199166717e+02 1.964448331953996671e+02 2.979081647213264322e-02
2.515418053137752850e+02 1.965222967381068031e+02 3.316686167632202503e-02
2.514235438486344663e+02 1.960762877771753097e+02 2.683427984361176979e-02
2.514807625353157619e+02 1.961787962672298136e+02 3.199965754401986467e-02
2.515330470020832649e+02 1.964579720898376252e+02 3.229645272680574386e-02
2.515394794669101941e+02 1.964539225478724802e+02 3.235067492366085207e-02
2.515187038041151766e+02 1.963979138723209985e+02 3.404012442567278668e-02
2.515442767044319510e+02 1.964765588881595875e+02 3.376330584172826388e-02
2.513882937130789514e+02 1.959260352158899536e+02 2.495647955252418629e-02
2.512671499101053030e+02 1.942678976056619433e+02 2.507348534573785107e-02
2.512578179846465503e+02 1.919223338375046239e+02 3.059558802545589429e-02
2.513745212750777682e+02 1.882703204817213987e+02 4.862304157986358649e-02
2.513341942296167417e+02 1.881633714791244643e+02 4.704203647156188217e-02
2.513151964841186157e+02 1.879739505151108574e+02 3.737907023201392925e-02
2.513722325276105209e+02 1.883096686738392123e+02 4.085499843041009299e-02
2.514086926742958212e+02 1.885094346622528008e+02 4.032133786136240378e-02
2.514410091036214681e+02 1.886147598527439300e+02 4.440797922433720180e-02
2.514814274706772039e+02 1.888772209697211792e+02 4.583487914157700904e-02
2.513974201649496365e+02 1.885535715304928601e+02 3.820952598384749072e-02
2.513091378670700067e+02 1.881884506720698482e+02 3.196541194600610591e-02
2.511927285180217382e+02 1.874824234468194391e+02 2.704546103136325902e-02
2.512410633258183168e+02 1.847511829000313810e+02 2.935133129762278539e-02
2.511656802031905613e+02 1.844424417111383718e+02 2.822978796267229876e-02
2.511866927313718350e+02 1.844200650666362264e+02 2.994777546302902424e-02
2.510741674038982865e+02 1.841411318170143545e+02 2.877771753089238341e-02
2.513268656716417979e+02 1.847940669501441278e+02 5.323192831254815877e-02
2.512535743842926763e+02 1.845139893267886180e+02 4.374304386290345931e-02
2.511978168431266170e+02 1.841438143888587717e+02 3.673981906909049716e-02
2.511525356011529482e+02 1.840192117804857048e+02 3.508746896492680178e-02
2.512899774549813117e+02 1.844796980679775231e+02 3.929396992094974506e-02
2.513680203190548355e+02 1.845622014211923272e+02 4.669672669158984879e-02
2.514670842727091156e+02 1.868224850888958599e+02 4.415684483890299633e-02
2.513505379412688114e+02 1.865485916497816845e+02 4.299534830626979692e-02
2.513454182243657442e+02 1.864347278901857692e+02 4.067806284067235212e-02
2.513051882080990822e+02 1.860988213806683689e+02 3.557546873662281034e-02
2.513698981193459190e+02 1.823796837989783342e+02 5.403955366570589031e-02
2.512480465740133013e+02 1.795722467966096758e+02 6.002397191860962822e-02
2.511371108130475704e+02 1.774516965840016098e+02 6.785765246425615183e-02
2.513668302845238429e+02 1.789495790645244142e+02 5.654518992037898401e-02
2.515108415855711996e+02 1.808249479181530148e+02 5.687337690134414148e-02
2.515175965297794107e+02 1.826632630347307327e+02 5.507548300562198351e-02
2.515482805855997128e+02 1.846716246682457552e+02 5.091178904711623349e-02
2.515113153163437119e+02 1.846199994292400390e+02 4.632573271310750501e-02
2.515039525127707520e+02 1.846431095002996585e+02 4.843469079078793760e-02
2.514095402528466536e+02 1.843199880140406890e+02 4.097200422362375777e-02
2.514795296937872706e+02 1.845993265032390696e+02 5.100881824148854188e-02
2.514879027425016318e+02 1.846199823064410168e+02 4.909106475271824560e-02
2.514111241117547877e+02 1.844379441225992480e+02 4.275277532033903288e-02
2.512289689221198046e+02 1.832217145629405479e+02 4.064096344282411982e-02
2.514299962900602168e+02 1.846240261408064782e+02 4.706201307040323856e-02
2.514990525384549471e+02 1.848810450614993783e+02 6.295767814845466825e-02
2.514342256214149245e+02 1.848427042607231670e+02 5.555206757798007711e-02
2.514883907422733387e+02 1.857312205701892083e+02 5.215889957478382633e-02
2.515542621500528071e+02 1.865693387745783411e+02 5.318626751519648505e-02
2.515590394109757142e+02 1.868143517593676108e+02 5.282383493621757575e-02
2.514579720898376252e+02 1.865589024285836501e+02 4.800947461545047174e-02
2.513306383950229872e+02 1.860485003281869751e+02 4.024999286550041272e-02
2.513503239062812042e+02 1.860832225107730835e+02 4.421962843526155290e-02
2.513796409919808355e+02 1.862305328044290889e+02 4.732170885534088545e-02
2.514818897862504059e+02 1.871471504808652639e+02 4.477041180331611803e-02
2.515436174766701924e+02 1.876295767814845590e+02 4.747010644673382851e-02
2.515342826974116122e+02 1.880418795125710005e+02 4.480751120116435032e-02
2.514286692731371886e+02 1.876436403070688641e+02 4.178819097628492379e-02
2.513349019719756825e+02 1.872735566907336988e+02 3.963357210125281749e-02
2.511654576068034714e+02 1.862697154761565059e+02 2.880910932907165822e-02
2.512333666276647364e+02 1.863995005850289601e+02 3.490197197568562643e-02
2.513741645500984703e+02 1.870234582346394347e+02 4.063240204332067840e-02
2.515124539824776662e+02 1.876152021917182822e+02 4.419109043691675509e-02
2.515388288005479183e+02 1.882176421905767540e+02 4.653976770069347124e-02
2.515714191946576932e+02 1.890096001826431973e+02 4.365457606803458540e-02
2.516171427756057142e+02 1.905684426814303265e+02 4.396849404982734744e-02
2.515893496190177245e+02 1.920376302046174430e+02 3.475072058445820289e-02
2.516011386661339486e+02 1.922847064866870141e+02 3.859478896150223687e-02
2.515684512428298376e+02 1.929446648212094431e+02 3.558403013612625176e-02
2.516122256784909155e+02 1.932747724094631963e+02 3.952227390770811366e-02
2.516034959047972279e+02 1.932639936074883735e+02 3.688250906081447233e-02
2.515790702320139189e+02 1.941984618018892093e+02 3.094089780542792767e-02
2.516371108130475704e+02 1.944898490339887474e+02 3.431408920978282900e-02
2.516184897691275921e+02 1.945366028366770479e+02 3.542992494506435469e-02
2.516237635912217172e+02 1.946421563311549221e+02 3.554122313860905852e-02
2.513723609486030739e+02 1.931973602351530985e+02 2.800433777574841063e-02
2.512711965982705919e+02 1.923680716874518453e+02 2.028480922348106438e-02
2.511629862161468054e+02 1.919582660312205746e+02 1.921463428555121242e-02
2.511528352501355528e+02 1.919071601837846970e+02 1.974544105476441769e-02
2.509981193459090889e+02 1.915127479238606156e+02 1.682315002425729955e-02
2.509463485631117692e+02 1.902319996575440086e+02 1.751091578436688584e-02
2.510178533717645166e+02 1.895184669387289205e+02 2.369510002568419801e-02
2.510810878684968941e+02 1.895146770925487374e+02 2.680288804543249498e-02
2.511401700864701354e+02 1.893089694928797826e+02 2.536171912902028883e-02
2.512520162095830472e+02 1.867467566564881167e+02 3.935104591763933374e-02
2.513123055848862748e+02 1.827139065665934083e+02 5.798350503695670621e-02
2.511372021346422798e+02 1.815444993008190409e+02 5.242430295939042723e-02
2.511643760166661821e+02 1.804863702519905360e+02 4.742444564938215479e-02
2.511279815073770862e+02 1.792528523729345693e+02 4.414257583973060090e-02
2.513938728917553647e+02 1.807959647270340326e+02 5.219314517279757815e-02
2.515195142832681654e+02 1.831063011900345430e+02 8.603921120972575498e-02
2.515196769498587344e+02 1.832634884849176728e+02 8.672983076966982174e-02
2.514578950372420820e+02 1.848621643217944666e+02 5.068063126052338441e-02
2.515004908535715344e+02 1.852312091549898696e+02 5.179932079563939057e-02
2.515104934219913844e+02 1.853181301903484552e+02 5.618561114123455519e-02
2.514660226591706760e+02 1.851483291001969178e+02 5.182500499414970790e-02
2.515562255643389165e+02 1.856738335093176602e+02 5.844011301047344342e-02
2.515303986758368637e+02 1.855750463742473073e+02 5.404526126537484432e-02
2.515422533603492923e+02 1.855337233526440457e+02 5.872263919408692717e-02
2.513953711366684729e+02 1.885016494963043385e+02 3.855768956365400457e-02
2.515248994035558212e+02 1.892304842898319066e+02 6.544333780428640557e-02
2.515040038811677618e+02 1.909570189206928887e+02 3.554407693844353899e-02
2.515629234325504342e+02 1.924289946063183265e+02 4.023287006649353681e-02
2.515188493479067517e+02 1.951287206415342155e+02 2.720812762192859752e-02
2.516168830798207807e+02 1.963082646043206410e+02 5.807768043149453413e-02
2.515703547273194260e+02 1.983169087640193027e+02 3.344368026026654783e-02
2.516015895665078119e+02 1.987775320339031282e+02 3.368339944636283140e-02
2.515135641106132880e+02 1.982769527125367404e+02 2.794155417938985753e-02
2.512970948317685043e+02 1.969404326360549078e+02 2.096401358408721272e-02
2.512466653348934074e+02 1.949629205787506123e+02 2.375502982220827064e-02
2.512492080705459330e+02 1.932166890214320460e+02 2.945121429182957079e-02
2.511999343626038126e+02 1.925880226020946964e+02 2.748209240603863984e-02
2.513088524870865683e+02 1.890623926257812286e+02 3.633743329242886816e-02
2.511455923061556348e+02 1.878253417425301848e+02 3.483633457949259632e-02
2.511888188122485133e+02 1.878606689306812143e+02 3.206244114037841431e-02
2.513255500699181084e+02 1.885424388573385386e+02 3.044148283439399721e-02
2.514398961216860187e+02 1.929481835564053540e+02 3.091806740675209081e-02
2.515798350503695531e+02 1.939435033246768114e+02 5.830313061841842226e-02
2.514524014725607231e+02 1.983826346280071959e+02 2.630632687423304153e-02
2.514985816614822625e+02 2.013104420535943575e+02 2.614366028366770303e-02
2.515543392026483218e+02 2.036165805770383201e+02 3.158585656802032071e-02
2.515172654889985893e+02 2.034131531634371299e+02 2.836106275505835897e-02
2.513215747267486790e+02 2.022328757740932019e+02 1.737393339231186468e-02
2.513216831711423822e+02 1.955461373819240407e+02 2.219400131274792271e-02
2.511578807682429044e+02 1.946581090722296778e+02 2.181444593476213750e-02
2.513190919208926744e+02 1.880693444821780247e+02 3.478781998230644212e-02
2.513462829257155988e+02 1.882240461174053223e+02 3.963927970092177844e-02
2.513342341828144129e+02 1.880494078365343569e+02 3.561256813447104957e-02
2.512915641676892733e+02 1.872007419879569738e+02 3.678833366627664442e-02
2.514333751890642361e+02 1.889802574127450612e+02 3.644017008647013750e-02
2.514122856082874478e+02 1.889220056505236585e+02 3.349790245712165604e-02
2.514576553180559984e+02 1.911993407722382301e+02 3.561542193430553005e-02
2.514222196855112657e+02 1.911154590337033881e+02 3.421420621557604014e-02
2.514772438001198509e+02 1.930884192802716939e+02 2.994492166319454376e-02
2.514893724494164076e+02 1.936153819811078449e+02 4.077509203504466051e-02
2.515093461944579190e+02 1.941452327273765093e+02 3.807825119146143050e-02
2.512926942724237449e+02 1.965931565879969298e+02 1.259952626922747690e-02
2.513709968322821737e+02 1.967664450215461898e+02 1.596986387374789429e-02
2.514625552923718033e+02 1.990236694158271860e+02 1.990525384549527571e-02
2.514061413772438129e+02 1.988874889415256462e+02 2.238805970149253602e-02
2.513735538369338656e+02 1.985325333181130816e+02 2.168317114237607382e-02
2.513519134727890219e+02 1.981804828629319957e+02 1.863531291915184948e-02
2.512920236294626193e+02 1.924425901087297746e+02 2.941982249365029597e-02
2.511444308096230031e+02 1.915781912616648981e+02 2.964812648040866458e-02
2.512174566935875077e+02 1.892837019491452963e+02 3.706515225022116722e-02
2.512911789047116145e+02 1.895689249736023498e+02 4.949345052937986766e-02
2.512303216232413376e+02 1.887289118461231112e+02 3.783282440569618599e-02
2.513516395080049222e+02 1.892439856168488461e+02 4.235324334351188436e-02
2.513647498644445193e+02 1.892759881281926937e+02 4.652264490168659533e-02
2.514688564824063235e+02 1.906182129505436365e+02 3.337518906423903725e-02
2.515652692560143748e+02 1.911851944864587267e+02 5.577181016523501123e-02
2.515409035130275868e+02 1.934229987728660660e+02 4.202220256271225335e-02
2.515369766844553396e+02 1.936584515282098096e+02 3.937102251648069706e-02
2.515175080619845289e+02 1.938702234525270285e+02 3.725635683913130353e-02
2.515670642961102601e+02 1.948413458520019503e+02 3.262463970777089439e-02
2.516020518820809855e+02 1.949672383779001734e+02 3.372335264404554417e-02
2.515801432607516972e+02 1.958350303929682354e+02 3.238777432150909130e-02
2.515939214063525640e+02 1.958739362461116968e+02 3.598641591278787383e-02
2.515239319654119470e+02 1.956701521075311803e+02 2.993350646385662533e-02
2.515059387574555387e+02 1.956759938357923545e+02 3.045575183356639265e-02
2.515675922490796381e+02 1.960229045974715234e+02 3.260180930909505753e-02
2.515775491567021618e+02 1.966934705059787234e+02 3.064695642247652896e-02
2.514728660711737689e+02 1.962102394338061231e+02 2.655460745983276652e-02
2.514505179646699560e+02 1.961346280071915658e+02 2.566136811164064849e-02
2.512958391598413357e+02 1.954046830855283758e+02 1.874946491253103378e-02
2.512448331953996785e+02 1.952449844467909088e+02 1.762792157758054715e-02
2.513868896435604086e+02 1.957394309523130005e+02 2.203418852201706468e-02
2.514626380525670015e+02 1.959882109528837759e+02 2.292742787020918271e-02
2.514565708741188814e+02 1.959945007277189575e+02 2.361233983048428853e-02
2.513121257954967120e+02 1.947514654262149918e+02 2.227390770811335172e-02
2.513790673782141027e+02 1.885941953711366637e+02 3.628606489540823349e-02
2.512226534630860897e+02 1.879188893011044286e+02 3.280728289717758928e-02
2.511997060586170392e+02 1.872909648697240357e+02 3.001626665905653482e-02
2.512349733169715478e+02 1.873925972432293463e+02 3.051282783025598480e-02
2.513149025427356662e+02 1.878585371422048524e+02 3.584372592106389865e-02
2.513460203761308094e+02 1.879387717245512306e+02 3.800405239576495897e-02
2.513871636083445082e+02 1.882020690048800020e+02 4.275562912017351336e-02
2.514762506777774718e+02 1.885041979395565193e+02 4.157986358836791158e-02
2.515357609657258706e+02 1.892577066864530195e+02 4.073513883736194774e-02
2.513010216603407514e+02 1.881668160155246596e+02 3.139750577894466488e-02
2.512521303615764339e+02 1.879139779115892850e+02 2.747923860620415937e-02
2.512617790588168134e+02 1.879061841842413116e+02 3.078108501469706965e-02
2.512083131189178289e+02 1.876678890442624379e+02 3.122057018920692747e-02
2.511394965897092106e+02 1.873819354470477379e+02 2.533318113067549449e-02
2.512708855340886487e+02 1.875872920293370498e+02 3.242201991952284312e-02
2.513351930595588044e+02 1.878098456094289475e+02 3.673411146942153621e-02
2.512621072457977789e+02 1.875924088924402895e+02 3.151736537199281013e-02
2.511087811420906917e+02 1.868569960902942171e+02 2.842384635141691207e-02
2.510787192146342761e+02 1.866063554122313803e+02 2.915727290887817208e-02
2.511067064296110232e+02 1.855670500271110939e+02 2.686852544162552509e-02
2.511643731628663545e+02 1.856476470420364819e+02 3.389172683427984362e-02
2.513555720441768244e+02 1.868002654033845999e+02 4.357181587283467938e-02
2.512758482920008021e+02 1.865175822607802161e+02 3.975913929396992369e-02
2.513206957563996582e+02 1.866890813618332743e+02 4.162837818555406577e-02
2.512961559316229625e+02 1.866834393995605126e+02 4.116891641220284809e-02
2.511947347393053747e+02 1.862141862389771916e+02 3.182842955395108475e-02
2.512336919608458743e+02 1.858790017408178983e+02 2.656316885933620447e-02
2.513103849775976641e+02 1.822421449159556062e+02 3.940812191432892936e-02
2.512307354242173574e+02 1.796262292742786997e+02 4.714191946576867104e-02
2.514120744270996965e+02 1.833600496561171269e+02 5.676493250763391119e-02
2.513193430552780967e+02 1.829514197654176542e+02 5.690762249935789330e-02
2.513816786050626320e+02 1.833624011871807227e+02 6.579720898376187344e-02
2.514234953340372840e+02 1.877058788276590349e+02 6.394794669101909468e-02
2.514839987443280620e+02 1.883233212522473536e+02 7.168174424245883636e-02
2.515238720356154261e+02 1.907126195028680797e+02 4.382009645843440437e-02
2.515813332952826613e+02 1.910558916697582958e+02 5.875117719243172498e-02
2.516030221740247157e+02 1.924421677463542721e+02 4.076653063554122602e-02
2.515967609371878666e+02 1.926236123398304869e+02 3.970206329728032807e-02
2.515414885419936581e+02 1.924068576810022648e+02 3.629462629491167491e-02
2.515937701549613337e+02 1.931779315658799590e+02 4.030136126252104739e-02
2.516128363916554918e+02 1.943179190091607040e+02 3.415998401872092499e-02
2.515917496646785310e+02 1.942365058074826720e+02 3.637453269027710739e-02
2.515347564281841244e+02 1.940028823378328298e+02 3.474215918495476840e-02
2.515802973659427551e+02 1.947347535743842855e+02 3.595217031477412201e-02
2.514731885505550508e+02 1.941671556177049638e+02 3.418852201706572280e-02
2.515054907108815314e+02 1.943419080505693444e+02 3.478496618247196165e-02
2.515507319996575575e+02 1.944342570132130845e+02 3.781284780685482960e-02
2.515851317028623555e+02 1.951224822350960437e+02 3.486201877800291365e-02
2.516368539710624646e+02 1.953858565680203299e+02 3.671413487058017983e-02
2.516046516937302044e+02 1.963874033275306203e+02 3.599212351245683478e-02
2.516298136468708151e+02 1.969612910590451236e+02 3.684826346280072051e-02
2.514210182357809344e+02 1.958303358922405266e+02 2.958248908421563447e-02
2.515001655203903965e+02 1.962307896464141947e+02 4.449359321937159523e-02
2.513160925772666303e+02 1.940183527867355338e+02 3.526440455466453572e-02
2.512265517536600044e+02 1.924751148654433450e+02 3.278730629833623289e-02
2.513468907850803475e+02 1.894905624839473717e+02 3.927970092177734962e-02
2.512770896949288044e+02 1.885205701892069214e+02 3.309266288062555350e-02
2.512505265260694500e+02 1.885261293912844849e+02 3.138323677977226944e-02
2.512024742444564822e+02 1.883022288176707377e+02 3.367198424702491644e-02
2.514298764304671749e+02 1.904824947918152986e+02 3.016751805028395142e-02
2.515215404811506517e+02 1.909437544590622338e+02 4.848891298764304580e-02
2.515187837105105473e+02 1.913061071316457742e+02 4.017579406980394119e-02
2.513207014639993133e+02 1.899245826317742001e+02 3.265032390628121173e-02
2.512187409035130372e+02 1.884685197340258469e+02 2.958248908421563447e-02
2.511699209497445793e+02 1.879078850489426600e+02 3.142033617762050174e-02
2.511224993578950375e+02 1.874792557290031709e+02 2.711680602722525008e-02
2.510877115379127247e+02 1.870852401472560587e+02 2.546160212322707769e-02
2.510731571587568851e+02 1.869703661425187704e+02 2.495933335235866676e-02
2.511308438686110662e+02 1.870137695842013557e+02 2.949402128934676404e-02
2.510972318141605513e+02 1.862138323677977212e+02 2.646899346479838003e-02
2.512542992494506393e+02 1.866325304643132199e+02 3.223652293028166776e-02
2.514149253731343379e+02 1.906082246511229812e+02 3.929396992094974506e-02
2.513595131417482378e+02 1.905199851602408501e+02 4.244741873804971227e-02
2.514764647127650505e+02 1.942661196883650518e+02 2.956822008504323557e-02
2.514785422790445466e+02 1.950330983704803032e+02 4.094632002511344043e-02
2.514861419480037625e+02 1.957723409720042298e+02 3.000199765988413592e-02
2.514782540452612523e+02 1.958296024656830525e+02 3.079250021403498808e-02
2.513075483005621891e+02 1.945032704546103162e+02 3.047002083273879156e-02
2.513839359607317192e+02 1.906082474815216585e+02 3.184555235295796066e-02
2.512731400359578799e+02 1.871420421791615638e+02 4.316657629633857685e-02
2.511181073599497608e+02 1.861030421506235655e+02 3.511029936360263864e-02
2.512917296880796698e+02 1.814952370080762591e+02 4.944493593219371347e-02
2.512513997888188158e+02 1.718583145458177626e+02 7.718957792300447374e-02
2.511283039867583682e+02 1.704792956822008421e+02 7.401900630689763061e-02
2.511583744756142664e+02 1.705396706714990955e+02 7.087126508946663128e-02
2.512822921720270415e+02 1.718981792757056155e+02 8.293998458948088903e-02
2.511955309494591972e+02 1.814061784766416565e+02 3.525869695499557477e-02
2.513788219514283355e+02 1.834413344368026060e+02 4.945635113153163537e-02
2.514660597585685480e+02 1.894661082731657302e+02 4.302959390428355568e-02
2.515679889272566356e+02 1.914693387745783468e+02 6.586284637995490354e-02
2.516167603664279113e+02 1.919601752233098466e+02 7.208413001912046536e-02
2.515911903199109645e+02 1.923004623155731849e+02 6.617105676207871157e-02
2.515461430895236958e+02 1.919446362832110822e+02 5.075768385605433641e-02
2.515399874432807223e+02 1.951645272680574124e+02 4.250449473473930789e-02
2.513588653291858179e+02 1.947198738620473080e+02 3.620901229987728842e-02
2.514380154675951076e+02 1.984113352929425389e+02 2.156331154932792857e-02
2.515734539539396621e+02 2.010662623783567824e+02 2.740218601067321083e-02
2.515525241859535868e+02 2.008498073685111649e+02 2.802431437458976701e-02
2.515303216232413490e+02 2.023011015667361221e+02 1.678034302674010284e-02
2.514327644758996598e+02 2.007346508375902374e+02 2.459975457321423448e-02
2.514844039839045706e+02 2.012192888330812366e+02 2.083273879170114903e-02
2.513140150109871342e+02 2.001200251134385439e+02 1.924887988356496771e-02
2.512892383208241824e+02 1.997977740361291126e+02 1.909762849233754764e-02
2.514098370480294591e+02 2.016821323592363342e+02 2.002796723837790144e-02
2.513985930766816068e+02 2.016455951599554908e+02 1.965411946006107025e-02
2.514237008076253517e+02 2.019738763163151702e+02 1.910904369167546607e-02
2.513656202733940290e+02 1.986617876202163302e+02 2.131503096372820358e-02
2.514851459718615274e+02 1.937439057104534754e+02 3.523586655631973791e-02
2.513141120401814987e+02 1.899063953654290628e+02 4.507006078593647769e-02
2.511494363745326837e+02 1.890931508803972463e+02 4.046117405325190541e-02
2.512924231614394444e+02 1.861128478068548304e+02 3.898575953882594397e-02
2.512929882138066944e+02 1.859445535230158839e+02 4.024713906566593224e-02
2.514739819069090458e+02 1.878967523757883669e+02 3.862903455951599563e-02
2.514450044233897472e+02 1.878230158956650655e+02 3.492480237436146329e-02
2.514188950087040837e+02 1.916567335407094674e+02 3.028167004366313919e-02
2.511961473702234571e+02 1.907500299648982605e+02 2.265060928626465991e-02
2.512372106960417852e+02 1.905981535915070992e+02 2.380925201906338232e-02
2.511851887788590432e+02 1.900641134670814267e+02 2.087839958905282275e-02
2.512208898147883929e+02 1.879534973316971502e+02 3.182272195428212380e-02
2.512153848349076668e+02 1.878179332781598703e+02 3.201678034302674059e-02
2.511861305328044409e+02 1.875984589480893874e+02 3.004480465740132916e-02
2.512062726520361764e+02 1.875113581233412390e+02 3.381467423874889161e-02
2.511484004451927774e+02 1.859348762877771719e+02 2.837533175423075787e-02
2.513868354213635428e+02 1.875634000171228024e+02 3.595787791444308296e-02
2.513674609742872690e+02 1.874357752347250425e+02 4.348334807796581242e-02
2.514753117776319300e+02 1.878938215233583549e+02 4.192231956850546448e-02
2.515196883650580730e+02 1.939291372963100457e+02 2.545304072372363974e-02
2.515096230130418746e+02 1.939230016266658936e+02 2.987357666733255271e-02
2.515385205901658026e+02 1.945952141776775761e+02 2.921149510573328376e-02
2.515326788619046283e+02 1.945933135469878152e+02 3.002768185839445325e-02
2.513984389714905490e+02 1.971627036899631946e+02 1.982249365029536969e-02
2.512671156645072870e+02 1.965171227990068701e+02 1.807882195142832688e-02
2.513605576324876552e+02 1.926244741873804855e+02 2.748494620587312032e-02
2.512098655860278029e+02 1.913923746468422564e+02 3.084101481122114227e-02
2.512794640563910775e+02 1.885985930766815954e+02 3.682257926429040318e-02
2.512972004223623799e+02 1.846941240261407984e+02 4.160840158671270939e-02
2.513074655403669908e+02 1.844444136868239923e+02 4.991010530521389210e-02
2.513408664136297546e+02 1.848274107474101697e+02 4.882851516794611824e-02
2.513247595673639410e+02 1.843728460945749248e+02 4.647698410433492161e-02
2.513584800662081591e+02 1.903041437173596648e+02 3.418566821723124233e-02
2.514014126309180597e+02 1.904826289204075351e+02 4.593761593561827838e-02
2.514091435746696845e+02 1.909103592933991536e+02 3.874889415256414088e-02
2.513668959219200474e+02 1.907979424103193367e+02 3.527011215433349667e-02
2.513479723752176085e+02 1.907296623954795791e+02 3.512456836277503408e-02
2.512141519933791756e+02 1.895096629662395458e+02 2.414314659969749727e-02
2.511659741445735108e+02 1.889512970520247848e+02 2.086127679004594684e-02
2.512618875032105166e+02 1.883223852059016679e+02 2.557290031677178152e-02
2.513177249507719466e+02 1.884474444222482248e+02 3.196826574584058639e-02
2.512331668616763238e+02 1.881964099198082181e+02 2.565566051197169101e-02
2.510912531035073130e+02 1.874977112525327527e+02 2.521617533746182971e-02
2.511911360977140930e+02 1.877791843840072943e+02 3.462515339174110363e-02
2.511640335606860504e+02 1.876066636226134960e+02 3.191689734881995172e-02
2.512653577238092453e+02 1.878287177877343765e+02 3.821237978368197119e-02
2.513695157101680877e+02 1.881405011272509284e+02 4.009874147427299612e-02
2.515219742587254927e+02 1.891690733711937469e+02 3.807825119146143050e-02
2.513427156759224772e+02 1.885376302046174430e+02 2.888901572443708723e-02
2.511571673182843085e+02 1.879707856510944453e+02 2.434576638794554854e-02
2.510943380611283828e+02 1.875873491053337432e+02 2.335835164521560606e-02
2.510602522759053556e+02 1.863352644045546640e+02 2.712822122656316851e-02
2.511144602037612970e+02 1.846731771353557292e+02 3.452241659769983428e-02
2.511361547901030349e+02 1.831224422818983442e+02 3.482777317998915489e-02
2.510012385491281748e+02 1.818400216888787497e+02 3.787277760337889876e-02
2.513146656773493817e+02 1.836894238178134060e+02 4.369167546588282464e-02
2.513666619103336188e+02 1.842395964727033970e+02 5.968436973830655579e-02
2.514089238320824222e+02 1.872143860049656041e+02 4.149424959333352508e-02
2.515040124425672730e+02 1.882675551496818116e+02 6.027225250420935321e-02
2.514880168944950185e+02 1.883787163608344599e+02 5.274678234068662375e-02
2.515200764818355594e+02 1.902987671584714917e+02 4.046117405325190541e-02
2.515441910904369252e+02 1.905289089923232666e+02 5.449045403955366657e-02
2.515500242572985883e+02 1.906593476213578242e+02 4.886561456579435747e-02
2.514401501098712970e+02 1.901273508176136602e+02 3.761308181844125187e-02
2.515295967580833860e+02 1.906786450158385833e+02 4.382580405810336532e-02
2.515806369681230592e+02 1.912550983134042895e+02 3.871750235438486260e-02
2.515699523415427734e+02 1.913068063126052323e+02 3.862903455951599563e-02
2.515830255985845270e+02 1.922377357952113357e+02 3.447960960018264104e-02
2.514596643931394624e+02 1.949129990582460437e+02 3.237921292200564988e-02
2.514997517194144052e+02 1.954653691390086010e+02 3.114351759367597894e-02
2.515304586056334131e+02 1.965878028595074341e+02 2.807568277161039821e-02
2.515565508975200544e+02 1.988087811420906803e+02 2.224822350960303785e-02
2.515497645615136548e+02 1.988245540937758733e+02 2.242801289917525226e-02
2.515544305242430312e+02 1.994357524043263652e+02 2.208841071887217983e-02
2.515681373248480384e+02 1.994259153562969118e+02 2.358094803230501371e-02
2.514475100596444292e+02 1.989488228075682912e+02 1.839844753289004292e-02
2.513609086498672980e+02 1.969597186153363282e+02 2.202562712251362673e-02
2.514480893810108171e+02 1.975989269712622445e+02 2.754487600239719294e-02
2.512826802888045563e+02 1.962866014097771199e+02 2.138637595959019463e-02
2.513155132559002425e+02 1.965765788647584316e+02 2.939984589480893959e-02
2.512830569903827040e+02 1.964402214548671566e+02 2.364087782882908634e-02
2.513008218943523389e+02 1.910225022116948708e+02 3.263605490710881629e-02
2.512592534459633100e+02 1.866471247966667590e+02 4.768414143431979474e-02
2.511742530178933350e+02 1.861644987300590799e+02 4.274136012100111098e-02
2.511381553037869878e+02 1.858663166005536311e+02 3.595787791444308296e-02
2.511630061927456268e+02 1.859170828458092046e+02 3.681401786478696175e-02
2.511464627151051729e+02 1.854866898775719903e+02 3.404583202534174069e-02
2.513859450358151832e+02 1.866793470505978689e+02 5.003281869809651783e-02
2.514973402585542601e+02 1.872283410861562061e+02 4.842612939128449617e-02
2.514427898747181871e+02 1.870873919123312703e+02 4.502154618875032349e-02
