2.540000000000000000e+02 1.000000000000000000e+00 0.000000000000000000e+00
2.516958551446583385e+02 1.568788204998311357e+02 6.406936001350894694e-01
2.519818930822920322e+02 1.628866901666103786e+02 6.137812394461330534e-01
2.518561261679612642e+02 1.695478969661150472e+02 5.519461330631543206e-01
2.516438914218169600e+02 1.693392786783744270e+02 4.119983395249352531e-01
2.514155127772149001e+02 1.685153312507035821e+02 2.763178261848474593e-01
2.511797218000675400e+02 1.674962041258583838e+02 1.811676798378926145e-01
2.510353765619722992e+02 1.664208495159292909e+02 1.410770573004615502e-01
2.510939364516492276e+02 1.661872572610604664e+02 1.502237419790611317e-01
2.511066221997073171e+02 1.656283913092423745e+02 1.418369357199144309e-01
2.511915702746819647e+02 1.653760870482944938e+02 1.425159011595181768e-01
2.512610991500619093e+02 1.655178360351232811e+02 1.430330406394236253e-01
2.514090010413148661e+02 1.668925229370708223e+02 1.449116289541821367e-01
2.514048639254756381e+02 1.674050538950804992e+02 1.495553304063942379e-01
2.512477766520319733e+02 1.667804760497579650e+02 1.353779691545649033e-01
2.510916884779916813e+02 1.646076740684453341e+02 1.262101767420916454e-01
2.511588603230890442e+02 1.581956722109647728e+02 1.611469942586963855e-01
2.510420079083642975e+02 1.548002786220871201e+02 1.619350163233141959e-01
2.509432729652144474e+02 1.532459789766970744e+02 1.726049757964651654e-01
2.509791244511989134e+02 1.523785109197343104e+02 1.694634414049307758e-01
2.512183137734999434e+02 1.581788458291117934e+02 1.853329393223010213e-01
2.512916983282674721e+02 1.593203661488236094e+02 2.047942699538444211e-01
2.513277257120342085e+02 1.648152756670043857e+02 1.607353934481594027e-01
2.513157470730608907e+02 1.652769264325115444e+02 1.586246200607902834e-01
2.510961035123269198e+02 1.625635835303388603e+02 1.416293763368231540e-01
2.511708565518405862e+02 1.580704822413599118e+02 1.421887312844759554e-01
2.510807617077563805e+02 1.573139775413711448e+02 1.561479792862771609e-01
2.512004214510863562e+02 1.581104743611392678e+02 1.859169199594731536e-01
2.511886503714961236e+02 1.585318973038388037e+02 1.900153382866148766e-01
2.513002364066193763e+02 1.653400702183946862e+02 1.405388100866824252e-01
2.513085634076325618e+02 1.656798343746482090e+02 1.499141618822469879e-01
2.513669227738376719e+02 1.662923421141506140e+02 1.472510694585162649e-01
2.513699482156928866e+02 1.667208044860970517e+02 1.651961612067995022e-01
2.513059530845435177e+02 1.666398141112236715e+02 1.515746369469773702e-01
2.511598559045367551e+02 1.661674969041990266e+02 1.575727513227513366e-01
2.511747755544298002e+02 1.660958255938309094e+02 1.493653608015310108e-01
2.511459881233817271e+02 1.661560881740402920e+02 1.463223291680738614e-01
2.511588990206011545e+02 1.662449235900033671e+02 1.457700101317122576e-01
2.512470413993020486e+02 1.664201881402679248e+02 1.596026117302712932e-01
2.513298083417764133e+02 1.672081679894180013e+02 1.674441348643476435e-01
2.514657702915681625e+02 1.685004608521895761e+02 1.767983789260385019e-01
2.513852829843521306e+02 1.689721975965327090e+02 1.562500000000000000e-01
2.514242865585950710e+02 1.699510230215017543e+02 1.716058763931104236e-01
2.514023626590116010e+02 1.706600775357424311e+02 1.681864235055724466e-01
2.514322828717775451e+02 1.722437028593943467e+02 1.716445739052122055e-01
2.513522845603962708e+02 1.729148127040414238e+02 1.564751491613193823e-01
2.513570091748283346e+02 1.736544558426207345e+02 1.526370595519531692e-01
2.512758604919509082e+02 1.732791603343464999e+02 1.335345603962625194e-01
2.512769018068220248e+02 1.731031534954407221e+02 1.237722334796802909e-01
2.512772113869188217e+02 1.731021227344365627e+02 1.184143870314083025e-01
2.514249549701677324e+02 1.738433032196330146e+02 1.211443206124057231e-01
2.514166772205336144e+02 1.740748198806709581e+02 1.356101542271755112e-01
2.511899625689519269e+02 1.729663894517617848e+02 1.106608127884723680e-01
2.512715439603737480e+02 1.684563245806596967e+02 1.393602949454013362e-01
2.511029107565011884e+02 1.662521846504559164e+02 1.311142069120792564e-01
2.511378581278847264e+02 1.663086302487898251e+02 1.346216086907576215e-01
2.511352548407069776e+02 1.663638199369582367e+02 1.439090115951817961e-01
2.512612082066869164e+02 1.671048843296183861e+02 1.581954294720252230e-01
2.513286614882359515e+02 1.679329090678824628e+02 1.647528987954519908e-01
2.514148514015535341e+02 1.686269489474276781e+02 1.728266070021389211e-01
2.511838765056850207e+02 1.718080744117978043e+02 8.342128222447371677e-02
2.513437746256895196e+02 1.738742964088708902e+02 1.060382190701339572e-01
2.512631430822920322e+02 1.737521529888551299e+02 1.038570865698525275e-01
2.511465545142406768e+02 1.732428515141281196e+02 9.823539344815940266e-02
2.510800862602724237e+02 1.724032597377012337e+02 9.605074299223236023e-02
2.510239185804345254e+02 1.721410453956996491e+02 9.120300011257458095e-02
2.511223404255319167e+02 1.723236870989530587e+02 9.927670831926151129e-02
2.512378067657323015e+02 1.725094246031746081e+02 1.170212765957446832e-01
2.513596089440504215e+02 1.731603800799279611e+02 1.246517223910840882e-01
2.514452148767308302e+02 1.737471750816165752e+02 1.486019644264325035e-01
2.514532358156028238e+02 1.740021424349881727e+02 1.425475627603287054e-01
2.514525040808285610e+02 1.744235442699538510e+02 1.316313463919846771e-01
2.515547464257570596e+02 1.753400878081729104e+02 1.495447765394573858e-01
2.514595083305189576e+02 1.855244357199144360e+02 1.115754812563323206e-01
2.516594794832826665e+02 1.946941489361702224e+02 1.045712315659124148e-01
2.516690201789935770e+02 1.953814343408758418e+02 1.107698694134864326e-01
2.515637523922098353e+02 1.954191608972193990e+02 9.666990318586063391e-02
2.514155866542834588e+02 1.880442945795339540e+02 8.272120905099628052e-02
2.515809868569177183e+02 1.779423653326578858e+02 1.457700101317122576e-01
2.514525146346954898e+02 1.683384202971969046e+02 1.868139986491050286e-01
2.512919094056062193e+02 1.579332503095801030e+02 2.229082235731171813e-01
2.510878890858944033e+02 1.560617964088708902e+02 1.725029550827423264e-01
2.511370841776426914e+02 1.562248114375773866e+02 1.850374310480693563e-01
2.512366493583248825e+02 1.609148443656422387e+02 1.471103512326916718e-01
2.512023633626027106e+02 1.608069557019025240e+02 1.563203591129123105e-01
2.512495883991894630e+02 1.616951093380614566e+02 1.592684059439378463e-01
2.512263698919284138e+02 1.616829125858381246e+02 1.636939941461218184e-01
2.513474016379601608e+02 1.625700178712146737e+02 1.837393054148373228e-01
2.512918073848924791e+02 1.627817319599234622e+02 1.643483338962062335e-01
2.512165196161206779e+02 1.624509632162557580e+02 1.506353427895981145e-01
2.511463926882809972e+02 1.621539387031408239e+02 1.468042890915231269e-01
2.512462428233704941e+02 1.627296662163683436e+02 1.608338962062366428e-01
2.513066953731847377e+02 1.631353322357311697e+02 1.578752955082742271e-01
2.512908821625576934e+02 1.631768652200833003e+02 1.452106551840594284e-01
2.514071717043791523e+02 1.645548906619385434e+02 1.634723629404480350e-01
2.513100479849150020e+02 1.644048991050320865e+02 1.548006022740065213e-01
2.513878018405943919e+02 1.655603364572779412e+02 1.809882640999662395e-01
2.512654508611955464e+02 1.651399161319374116e+02 1.559615276370595605e-01
2.512470027017899383e+02 1.648973495722165978e+02 1.444613306315433998e-01
2.513515985590453568e+02 1.676803198525273046e+02 1.491507655071484806e-01
2.513804106157829494e+02 1.683002997298210062e+02 1.506318248339524879e-01
2.512132162557694528e+02 1.677381655972081376e+02 1.200748620961386987e-01
2.510267997861082847e+02 1.666806892378700979e+02 1.128208375548801073e-01
2.509237166497804878e+02 1.654760954913880369e+02 9.685283687943262165e-02
2.509451796971743818e+02 1.645033596476415596e+02 1.052114994934143927e-01
2.510565405831363250e+02 1.627029719689294041e+02 1.165569064505234675e-01
2.511555639986491144e+02 1.633438238770685587e+02 1.341642744568276591e-01
2.511864059157942108e+02 1.634001744906000226e+02 1.365353765619723159e-01
2.512694542947202478e+02 1.639012087695598439e+02 1.580828548913655318e-01
2.512808489530563918e+02 1.638492028312506932e+02 1.541321907013396275e-01
2.512701402960711334e+02 1.638310185185185048e+02 1.451262242485646670e-01
2.511755776483170166e+02 1.632561142069120876e+02 1.423329674659462030e-01
2.510950270178993549e+02 1.631780366993132816e+02 1.355855285376562080e-01
2.509719583755488088e+02 1.615123550602274065e+02 1.296894348756050808e-01
2.509612039851401448e+02 1.599301791343014827e+02 1.204723910840932166e-01
2.511614917539119745e+02 1.602182961837217192e+02 1.318670494202409116e-01
2.510750661375661252e+02 1.600308946864797974e+02 1.350367274569402309e-01
2.512501266464032312e+02 1.667436571259709694e+02 1.356277440054035888e-01
2.513850648711021165e+02 1.670776483170100164e+02 1.583361476978498161e-01
2.514661748564674042e+02 1.685077781999324600e+02 1.595287346617133839e-01
2.512539436282787335e+02 1.694205786333446042e+02 7.438365417088821374e-02
2.512143701452212099e+02 1.687273302938196480e+02 9.427065743555104738e-02
2.510292658730158735e+02 1.675686388326016072e+02 9.230060227400653516e-02
2.510964201283350121e+02 1.677421584768659102e+02 1.098727907238545576e-01
2.512959515366430310e+02 1.683294143307441288e+02 1.276138410446921168e-01
2.515630874985928074e+02 1.701961928684003169e+02 1.575059101654846250e-01
2.515068740853315319e+02 1.703026075087245204e+02 1.537628053585500532e-01
2.512968450973770018e+02 1.693826867330856771e+02 1.299392097264437662e-01
2.511975472813238639e+02 1.657490395981087374e+02 1.538296465158167370e-01
2.509783821625576934e+02 1.630912381796690340e+02 1.283420578633344689e-01
2.509832650849938034e+02 1.612312879939209722e+02 1.433848362039851498e-01
2.511515746369469753e+02 1.618430815884273386e+02 1.575657154114600833e-01
2.514158329111786543e+02 1.634925243442530700e+02 1.769039175954069676e-01
2.514230025047844208e+02 1.676252216312056760e+02 1.540477597658448661e-01
2.513804739389845793e+02 1.728066566756726274e+02 1.423118597320724987e-01
2.512605468310255503e+02 1.719482508724530021e+02 1.223756050883710450e-01
2.512441601936282893e+02 1.722161572666891800e+02 1.162438083980637110e-01
2.510812190419903231e+02 1.707529023134076454e+02 1.019749802994483895e-01
2.511311740121580556e+02 1.675051045536417860e+02 1.168805583699200762e-01
2.510429894179894177e+02 1.667098003208375587e+02 1.083776595744680854e-01
2.509924012158054722e+02 1.661066186817516552e+02 1.078675560058538763e-01
2.509962991106608001e+02 1.648576248170662950e+02 1.050215298885511656e-01
2.510499338624338748e+02 1.641582270910728312e+02 1.097918777440054089e-01
2.511173730721603192e+02 1.640201121524259804e+02 1.252392209839018333e-01
2.512448004615557693e+02 1.647019587977034689e+02 1.469098277608915926e-01
2.514026827929753551e+02 1.655859331025554297e+02 1.493548069345941587e-01
2.513723052459754683e+02 1.657044600641675061e+02 1.625752842508161600e-01
2.513515633794889084e+02 1.659782414443318714e+02 1.690412867274569408e-01
2.514189040864572746e+02 1.675498951649217645e+02 1.649323145333783658e-01
2.514699038894517571e+02 1.693291786277158621e+02 1.774492007204773181e-01
2.515104131487110237e+02 1.709972559945964292e+02 1.783673871439828973e-01
2.515233521895756041e+02 1.727285932398964405e+02 1.698222728807835258e-01
2.514956975402454020e+02 1.732370785489136438e+02 1.548428177417539020e-01
2.514207052797478354e+02 1.751068860463807368e+02 1.399407576269278419e-01
2.514485463807272367e+02 1.757984352133288439e+02 1.495236688055837093e-01
2.511720667285826778e+02 1.738681751660475072e+02 1.036635990093436877e-01
2.510453781098727859e+02 1.726447181413936676e+02 7.924898682877405676e-02
2.514440222897669628e+02 1.758457446808510554e+02 1.178902116402116423e-01
2.513168270854441175e+02 1.755411987785657857e+02 1.097180006754474857e-01
2.512077563886074643e+02 1.721005255825734537e+02 1.272339018349656625e-01
2.511366127715861865e+02 1.709396987222785071e+02 1.127117809298660428e-01
2.511276455026454926e+02 1.710668798547787901e+02 1.088174040301699841e-01
2.512978864122481184e+02 1.720227435832489107e+02 1.338546943600135153e-01
2.513832988573680041e+02 1.730282421479230095e+02 1.433004052684903884e-01
2.513420930428909230e+02 1.729306786840031407e+02 1.271565068107621266e-01
2.511606931779804199e+02 1.718402285263987324e+02 9.664175954069570418e-02
2.510948053866936789e+02 1.693891949510300492e+02 1.056160643926601361e-01
2.510676925025329354e+02 1.677518891421816818e+02 1.093099178205561156e-01
2.511277756670043857e+02 1.667785235843746534e+02 9.143518518518518878e-02
2.511176545086119631e+02 1.660317565856129818e+02 1.144250253292806441e-01
2.511214468647979174e+02 1.658556793875942788e+02 1.235013508949679151e-01
2.512460247101204516e+02 1.658461246200607775e+02 1.394763874817066263e-01
2.513789049307666232e+02 1.670728357536868316e+02 1.510117640436789421e-01
2.514727886130811783e+02 1.690009181864235188e+02 1.780015197568388940e-01
2.514997818867499859e+02 1.699630579477654067e+02 1.766717325227963598e-01
2.514079175109760342e+02 1.701608444500731707e+02 1.596237194641449975e-01
2.513458467015647955e+02 1.703855714567150699e+02 1.481164865473376113e-01
2.514160721321625545e+02 1.708902890352358384e+02 1.520530789147810369e-01
2.514426467691095297e+02 1.716152482269503423e+02 1.520882584712371921e-01
2.514700762692783940e+02 1.720346342733310792e+02 1.482853484183271342e-01
2.512177051671732499e+02 1.712933517674209156e+02 8.541948103118315871e-02
2.511049687605538736e+02 1.692246003602386679e+02 1.054507204773162260e-01
2.509901849037487409e+02 1.679941707474952182e+02 9.624071259709557347e-02
2.509775730327592100e+02 1.678128658673871314e+02 9.676137003264663472e-02
2.510957341269841265e+02 1.681205779297534662e+02 1.232902735562309976e-01
2.510499479342564371e+02 1.676854173702577953e+02 1.138199369582348353e-01
2.510401222841382491e+02 1.671932870370370381e+02 1.103230890464933084e-01
2.511932588933918851e+02 1.676371052853765491e+02 1.205321963300686749e-01
2.513394475402454020e+02 1.684838385117640485e+02 1.439864066193853320e-01
2.512710936620511006e+02 1.686450277214904929e+02 1.414605144658336033e-01
2.512370996566475299e+02 1.684392976753348989e+02 1.312830687830687793e-01
2.512170191658223644e+02 1.685200875267364609e+02 1.362574580659687007e-01
2.512811163176854734e+02 1.687185635483507724e+02 1.456222559945964112e-01
2.513569775132275197e+02 1.690198658955307849e+02 1.465334065068107650e-01
2.513444289654395902e+02 1.691399055780704828e+02 1.421183721715636727e-01
2.513312471856354762e+02 1.692452226162332636e+02 1.369188337273443690e-01
2.514159665934931809e+02 1.697355693459416841e+02 1.467480018011932952e-01
2.514595153664302529e+02 1.703503778284363364e+02 1.576079308792074640e-01
2.514258837104581801e+02 1.709512094731509535e+02 1.479476246763480884e-01
2.514695661657097787e+02 1.711936529044241695e+02 1.418439716312056842e-01
2.514043960373747666e+02 1.712047872340425556e+02 1.401272092761454424e-01
2.513336218056962821e+02 1.710363826972869390e+02 1.310860632669143266e-01
2.514320717944388264e+02 1.721766119272768094e+02 1.519545761567038245e-01
2.514745968422830060e+02 1.761903565799842397e+02 1.325495328154902563e-01
2.513899724192277461e+02 1.766160151412811103e+02 1.226500056287290336e-01
2.512824672126533869e+02 1.761561937127096655e+02 1.025343352471012048e-01
2.514296057075312376e+02 1.775825558651356459e+02 1.166272655634357780e-01
2.514392871214679701e+02 1.781031570133963839e+02 1.195155071484858694e-01
2.513067481425194103e+02 1.759027953675559957e+02 1.010427220533603454e-01
2.511907259653270330e+02 1.730222405155915908e+02 1.083495159293031695e-01
2.512925461555780657e+02 1.663690581729145492e+02 1.330983338962062335e-01
2.512483078633344462e+02 1.664249373803895082e+02 1.260413148711020948e-01
2.513271909827761021e+02 1.671982966058763793e+02 1.449960598896768982e-01
2.512630445795339540e+02 1.674073124226049742e+02 1.450382753574243067e-01
2.512832376449397600e+02 1.677745658842733292e+02 1.485632669143307494e-01
2.513537093324327429e+02 1.683675489699425896e+02 1.577732747945513880e-01
2.513689772599346952e+02 1.689481805133400769e+02 1.451262242485646670e-01
2.513315673195992304e+02 1.689513924068445476e+02 1.464982269503546097e-01
2.512300637453562899e+02 1.685732227288078491e+02 1.310473657548125725e-01
2.512282062647754231e+02 1.685806632049983023e+02 1.318072441742654533e-01
2.512650885117640485e+02 1.686563133232016298e+02 1.275610717100078839e-01
2.513599079702803181e+02 1.693489706461780884e+02 1.254889958347405188e-01
2.514387242485646823e+02 1.700420747495215608e+02 1.455554148373297274e-01
2.515449067038162809e+02 1.708833903242147869e+02 1.531260553866936880e-01
2.515277003827535793e+02 1.722587034222672457e+02 1.630607621299110799e-01
2.515591438703140739e+02 1.729918664865473374e+02 1.670712315659124148e-01
2.513915484633569690e+02 1.733907322976471903e+02 1.419037768771811425e-01
2.513825354609928979e+02 1.739581820612405636e+02 1.352442868400315079e-01
2.513782892885286628e+02 1.743889592480018109e+02 1.326023021501744892e-01
2.514624458234830513e+02 1.750656133907463641e+02 1.284475965327029068e-01
2.513993723967128346e+02 1.748997066024991511e+02 1.257633963750985073e-01
2.512991563942361779e+02 1.747204280648429631e+02 1.130917201395924832e-01
2.512821998480243053e+02 1.745470209951593006e+02 1.089721940785770560e-01
2.511399337217156358e+02 1.741350472813238639e+02 9.342634808060340523e-02
2.510648605482382152e+02 1.729418094956658649e+02 8.562352245862883682e-02
2.510575432004953313e+02 1.699991908702015166e+02 1.013839637509850317e-01
2.510459620905099598e+02 1.690363615895530813e+02 9.796099290780141411e-02
2.510133084262073737e+02 1.685456982438365401e+02 9.229356636271529579e-02
2.510836393954745063e+02 1.684921866205110916e+02 1.040189125295508249e-01
2.510077922717550507e+02 1.681294361420691246e+02 9.931540583136327927e-02
2.512269996059889650e+02 1.683831088877631430e+02 8.553909152313407538e-02
2.513894693515704262e+02 1.691694141900258899e+02 1.049757964651581721e-01
2.515013825565687284e+02 1.704099086738714277e+02 1.365001970055161606e-01
2.514542032534053817e+02 1.702512875717662837e+02 1.397085725543172341e-01
2.513877561071710147e+02 1.701857867556005885e+02 1.382943543847799106e-01
2.513778741697624639e+02 1.700470596926713824e+02 1.305231903636158985e-01
2.513335444106720615e+02 1.698989959754587460e+02 1.250105538669368521e-01
2.512596884498480279e+02 1.695445584262073737e+02 1.207925250478441986e-01
2.512463096645277574e+02 1.693601366373972894e+02 1.061367218282111835e-01
2.512633506416751175e+02 1.693943311662726501e+02 1.113362602724304873e-01
2.512431153608015393e+02 1.692439561522008376e+02 1.100205448609703901e-01
2.513919706180344349e+02 1.698883576775864128e+02 1.292250647303838929e-01
2.513871158392435063e+02 1.700734513959247920e+02 1.412494371270966997e-01
2.513574840988404731e+02 1.701893961780929772e+02 1.279867443431273177e-01
2.513455336035123366e+02 1.702089454576156697e+02 1.266217775526286282e-01
2.514333347405155905e+02 1.704411270122706412e+02 1.283877912867274484e-01
2.515636046380727180e+02 1.713550496735337276e+02 1.523978385680513359e-01
2.515427361251829268e+02 1.718130593549476544e+02 1.643553698074974589e-01
2.514841199482156924e+02 1.723486469942587007e+02 1.393989924575030903e-01
2.514955040526849075e+02 1.729031225374310452e+02 1.439512270629291768e-01
2.514852808735787448e+02 1.731890514184397034e+02 1.429591635708656883e-01
2.514592655915794239e+02 1.737093253968253919e+02 1.428606608127884758e-01
2.514767392772711787e+02 1.745142512383203837e+02 1.405493639536192774e-01
2.515785876111673929e+02 1.758178824721377964e+02 1.441165709782731008e-01
2.515973981200044989e+02 1.767797302431610831e+02 1.518033040639423514e-01
2.512803564392660007e+02 1.744040829393223078e+02 1.039133738601823731e-01
2.511500830237532398e+02 1.729656190194754117e+02 9.403143645164921405e-02
2.510734126984127101e+02 1.726947821681864355e+02 9.208248902397839220e-02
2.512843950523471790e+02 1.736675320837554750e+02 1.133274231678487037e-01
2.514611336260272481e+02 1.751191531577169940e+02 1.327395024203534835e-01
2.515436085781830400e+02 1.759515084993808500e+02 1.472651412810987159e-01
2.515697082911178768e+02 1.773337484520995133e+02 1.641055949566587735e-01
2.515766175560058571e+02 1.791640035742429404e+02 1.526581672858268734e-01
2.515550102724304793e+02 1.802697638748170732e+02 1.483486716199482192e-01
2.515593303219633015e+02 1.818603195710908551e+02 1.270509681413936609e-01
2.514869448665991172e+02 1.818164471462343670e+02 1.145024203534841800e-01
2.513921043003489899e+02 1.747607227288078491e+02 1.123564674096589056e-01
2.513990030113700413e+02 1.745970005910165526e+02 1.129650737363503271e-01
2.512443290554992643e+02 1.742073518237081942e+02 9.490037149611617318e-02
2.512726661882246901e+02 1.740737398682877313e+02 1.015633794889114067e-01
2.512723741979061174e+02 1.740579548013058684e+02 1.024499043116064434e-01
2.513222588089609246e+02 1.743527067150737366e+02 1.166800348981200108e-01
2.514534328211189802e+02 1.751141646966115104e+02 1.241275469998874281e-01
2.514846898570302756e+02 1.760662642125408013e+02 1.272409377462568880e-01
2.515254031577169940e+02 1.766088244399414577e+02 1.160714285714285754e-01
2.515082109084768547e+02 1.773044579533941203e+02 1.232093605763818489e-01
2.515113665146909909e+02 1.782092304120229755e+02 1.180661094224924046e-01
2.515096391984689888e+02 1.785206046662163715e+02 1.221574918383429020e-01
2.515094421929528323e+02 1.786833065968704375e+02 1.151215805471124676e-01
2.514446520038275423e+02 1.785996988629967461e+02 1.083108184172014016e-01
2.514234387312844774e+02 1.729376618259597080e+02 1.018940673195992408e-01
2.513987039851401448e+02 1.729275019700551752e+02 9.968830912979849412e-02
2.512442586963863675e+02 1.722663233141956596e+02 9.738053022627490840e-02
2.512063210627040348e+02 1.719454224361139154e+02 1.033856805133400864e-01
2.511192762861645917e+02 1.710679141337386113e+02 9.083713272543059158e-02
2.511792750197005546e+02 1.683201198919284138e+02 1.043882978723404270e-01
2.510963673590003395e+02 1.668331644714623394e+02 9.821780366993132505e-02
2.510777679275019807e+02 1.663932194922886367e+02 9.784490037149611019e-02
2.513490480412023089e+02 1.689697068839356007e+02 1.255839806371721323e-01
2.515687725149161338e+02 1.702991071428571388e+02 1.590643645164921682e-01
2.512958987673083300e+02 1.687743512889789486e+02 7.654016098165034032e-02
2.512381620792525041e+02 1.681137671676235641e+02 9.211415062478892080e-02
2.512338807272317922e+02 1.679478357536868316e+02 1.072870933243273706e-01
2.512987659011595269e+02 1.681624943712709808e+02 1.162402904424180983e-01
2.511958656985252674e+02 1.678378609422492502e+02 1.084585725543172341e-01
2.512292897951142550e+02 1.680669079984239431e+02 1.086731678486997643e-01
2.512800750028143568e+02 1.684282442586963953e+02 1.173590003377237428e-01
2.511032308904649426e+02 1.674103413824158508e+02 1.179183552853765582e-01
2.510299026229877200e+02 1.670219766689181711e+02 1.062000450298322685e-01
2.512637165090622489e+02 1.680246116176967348e+02 1.199798772937070851e-01
2.514695591297984834e+02 1.701916652594844095e+02 1.506388607452437134e-01
2.514957292018462169e+02 1.708018300405268519e+02 1.554127265563435834e-01
2.512782175222334899e+02 1.697107466509062306e+02 1.263790386130811683e-01
2.511953802206461717e+02 1.694536790780141757e+02 1.144531689744455738e-01
2.510547323539344688e+02 1.682257999831138022e+02 1.090038556793875985e-01
2.510709993808397940e+02 1.681059221265338408e+02 1.113397782280761000e-01
2.510311479792862883e+02 1.678841607565011884e+02 1.204618372171563645e-01
2.509718493189237734e+02 1.671515676010356799e+02 1.050426376224248559e-01
2.511587653382866279e+02 1.676118533997523343e+02 1.294361420691207964e-01
2.514667060677699055e+02 1.699839018349656783e+02 1.262594281211302516e-01
2.512733873691320525e+02 1.689911945570190142e+02 1.063302093887200234e-01
2.510882408814589724e+02 1.663284468929415709e+02 1.134611054823820714e-01
2.511036143476302982e+02 1.632524977485083753e+02 1.273007429922323464e-01
2.510178888044579537e+02 1.606966079871664874e+02 1.148471800067544790e-01
2.512161291230440270e+02 1.544661431948665893e+02 1.749479342564448925e-01
2.511593669087020260e+02 1.494885068389057778e+02 2.109049589102780509e-01
2.512391259990994001e+02 1.553072125126646483e+02 1.766646966115051343e-01
2.512258879320049516e+02 1.562506437858831418e+02 1.750816165709782601e-01
2.512372051953169034e+02 1.604357762017336597e+02 1.551875773950242010e-01
2.513233106776989700e+02 1.673105369807497596e+02 1.513318980074299103e-01
2.513051861702127781e+02 1.675832664921760795e+02 1.491085500394010999e-01
2.513470850219520401e+02 1.684691721546774659e+02 1.479159630755375321e-01
2.513333368512889763e+02 1.690167736125183069e+02 1.525350388382303302e-01
2.511230510525723219e+02 1.674117907801418426e+02 1.205181245074862101e-01
2.510280873578745968e+02 1.656726753349093713e+02 1.082193515704154008e-01
2.512091776426882745e+02 1.664321386355960897e+02 1.263121974558144844e-01
2.514047372790723784e+02 1.701973678655859601e+02 1.225620567375886594e-01
2.514365290442418086e+02 1.705546162613981664e+02 1.306428008555668152e-01
2.514524055780704828e+02 1.715178289992119858e+02 1.365951818079477742e-01
2.515158976415625318e+02 1.720502152988855187e+02 1.431948665991219227e-01
2.514794692108521872e+02 1.738595034053810764e+02 1.537733592254868775e-01
2.512109929078014261e+02 1.714463265507148435e+02 1.170775638860745288e-01
2.511813013621524249e+02 1.681774667904986984e+02 1.206623606889564299e-01
2.511027137509850320e+02 1.672513016435888744e+02 1.122263030507711368e-01
2.509811472756951503e+02 1.651573581560283799e+02 9.981143757739502353e-02
2.509862096138691925e+02 1.633879390408645804e+02 1.092571484858718966e-01
2.510305604806934525e+02 1.626413057244174354e+02 1.176580265676010345e-01
2.510772824496228850e+02 1.623455828548913757e+02 1.322680963638410423e-01
2.511869863784757513e+02 1.626717395587076567e+02 1.394306540583136189e-01
2.513521121805696339e+02 1.640067228132387811e+02 1.685804345378813518e-01
2.514019897557131458e+02 1.648223784194528889e+02 1.752258527524485077e-01
2.512223066531577160e+02 1.637597271473601381e+02 1.381747438928289939e-01
2.510407555161544622e+02 1.608707995609591421e+02 1.397718957559383191e-01
2.510019630192502404e+02 1.589564336372847038e+02 1.506388607452437134e-01
2.509576543678937242e+02 1.583791476697061853e+02 1.465861758414949978e-01
2.509622171563660800e+02 1.581844499324552658e+02 1.602921310368118912e-01
2.513108993301812575e+02 1.636190265113137343e+02 1.596307553754362230e-01
2.511306920522345933e+02 1.627894609084768547e+02 1.441834121355397846e-01
2.511903600979398732e+02 1.630501273499943693e+02 1.429591635708656883e-01
2.513257169593605624e+02 1.637045550489699508e+02 1.687985477879094809e-01
2.511962737813801709e+02 1.634304640887087601e+02 1.073680063041765192e-01
2.510957798604075322e+02 1.620237637903861412e+02 1.307588933918721052e-01
2.510181420972644446e+02 1.613165597208150359e+02 1.299849431498367736e-01
2.510006050883710600e+02 1.611728793763368230e+02 1.366303613644039294e-01
2.510244568276483221e+02 1.612477414724755249e+02 1.397718957559383191e-01
2.512774928233704941e+02 1.680984746144320638e+02 1.449784701114488483e-01
2.513779691545649086e+02 1.686359478779691585e+02 1.575129460767758505e-01
2.514224290780141757e+02 1.696619279804120310e+02 1.622199707306090366e-01
2.514623895361927168e+02 1.706361976528199875e+02 1.831166272655634364e-01
2.514441876336823043e+02 1.710445795339412314e+02 1.574320330969267157e-01
2.513901623888326071e+02 1.709950080209388830e+02 1.485351232691658196e-01
2.514231221152763567e+02 1.714140493076663176e+02 1.652243048519644320e-01
2.515020685579196140e+02 1.723152721490487522e+02 1.707580490825171549e-01
2.514967107114713372e+02 1.732705096814139267e+02 1.583853990768884501e-01
2.515033244680851112e+02 1.739689434875605230e+02 1.507057019025104250e-01
2.515307610041652708e+02 1.747763565236969612e+02 1.688829787234042423e-01
2.515641006698187425e+02 1.756081701001913871e+02 1.525455927051671823e-01
2.515897500844309320e+02 1.765367626364966895e+02 1.582904142744568365e-01
2.515049638354159640e+02 1.768376533828661366e+02 1.473566081278847306e-01
2.512094520432286515e+02 1.753630776483170166e+02 1.253412416976246724e-01
2.510953225261735895e+02 1.730404389001463414e+02 1.115051221434200102e-01
2.510166293763368230e+02 1.719798139705054609e+02 1.095983901834965690e-01
2.512725641675109785e+02 1.726471842283012563e+02 1.181223967128222502e-01
2.514210043059777036e+02 1.755819542947202478e+02 1.477084036924462551e-01
2.514787163683440383e+02 1.778003982325790844e+02 1.484331025554429806e-01
2.515458143363728425e+02 1.788110400484070794e+02 1.432476359338061556e-01
2.515632880220646257e+02 1.801449010750872333e+02 1.405493639536192774e-01
2.515376702690532511e+02 1.808419558426207345e+02 1.422626083530338925e-01
2.514406661600810651e+02 1.753135800123831984e+02 1.231178937295958620e-01
2.513412205898908098e+02 1.750249211977935317e+02 1.313710176742091673e-01
2.511296577732748005e+02 1.736917813520207119e+02 9.948778565799842877e-02
2.511652383766745515e+02 1.736486476978498388e+02 1.021086626139817571e-01
2.512398331081841718e+02 1.738529318642350461e+02 1.048174884611054875e-01
2.512014979455138928e+02 1.736656253517955690e+02 1.077162839130924171e-01
2.512208185579196140e+02 1.737583516267026766e+02 1.094330462681526450e-01
2.513018194866599231e+02 1.739792651694247354e+02 1.189033828661488212e-01
2.513288901553529229e+02 1.742819922886412201e+02 1.218338399189463073e-01
2.513662578802206440e+02 1.749825016886186972e+02 1.324299223235393397e-01
2.514284377462568898e+02 1.756187134132612755e+02 1.353251998198806705e-01
2.514870855848249391e+02 1.762441496397613321e+02 1.285812788472363022e-01
2.514257500281436535e+02 1.769656401272092694e+02 1.262418383429021740e-01
2.514363566644151717e+02 1.774698581560283799e+02 1.233254531126871528e-01
2.514275336316559617e+02 1.778624690419903231e+02 1.245637734999437141e-01
2.512359070696836625e+02 1.769302952268377851e+02 1.001280535855003928e-01
2.513573328267477223e+02 1.675422330575256069e+02 1.498578745919171562e-01
2.511878306878306830e+02 1.665054739389845793e+02 1.227731340763255630e-01
2.510884695485759437e+02 1.660356650343352385e+02 1.191003883823032738e-01
2.511556167679837870e+02 1.663027552628616377e+02 1.149069852527299374e-01
2.512659891084093147e+02 1.666266710289316677e+02 1.423329674659462030e-01
2.512516886187098919e+02 1.664877786220871201e+02 1.440602836879432691e-01
2.512871425757064117e+02 1.666063231734774206e+02 1.316805977710233111e-01
2.513245841776426914e+02 1.666539175954069663e+02 1.312373353596757719e-01
2.512986568445344915e+02 1.666908279860407447e+02 1.356418158279860398e-01
2.511724466677923999e+02 1.661802424575030841e+02 1.256719295283125204e-01
2.510727900202634260e+02 1.652821118991331844e+02 1.077620173364854245e-01
2.510079294720252108e+02 1.650161016829899836e+02 1.081736181470224073e-01
2.511252181132500141e+02 1.653697969436001358e+02 1.241486547337611185e-01
2.510671929528312489e+02 1.649295423843296078e+02 1.205744117978160557e-01
2.510651736462906740e+02 1.647413036136440496e+02 1.150406675672633189e-01
2.509868569177079678e+02 1.642725360238657970e+02 1.233078633344590752e-01
2.512274112067995020e+02 1.640366395080490918e+02 1.029353821907013355e-01
2.512963103681188670e+02 1.649523141112236715e+02 1.191988911403805002e-01
2.513432328605200894e+02 1.653185297759765717e+02 1.278178824721377949e-01
2.515702641281098693e+02 1.661382134414049290e+02 1.722531802319036409e-01
2.516073011651469074e+02 1.666015141281098693e+02 1.823778565799842322e-01
2.513784335247101183e+02 1.659606164865473374e+02 1.561550151975683864e-01
2.511118991331757400e+02 1.626145340819543037e+02 1.529184960036023833e-01
2.509902798885511572e+02 1.598922415006191500e+02 1.343683158842733372e-01
2.508725022514916247e+02 1.579020319711809179e+02 1.195225430597771088e-01
2.509268792919058910e+02 1.575160946470786882e+02 1.268821062704041380e-01
2.513257310311831532e+02 1.642830582292018562e+02 1.300377124845210064e-01
2.512543235674884556e+02 1.640684770066418992e+02 1.229173702577957966e-01
2.513357325790836398e+02 1.647006923336710429e+02 1.468535404705617609e-01
2.513787325509399864e+02 1.651416117865585989e+02 1.641478104244061820e-01
2.513850332095013016e+02 1.655225676854666119e+02 1.572807610041652704e-01
2.513048414105595043e+02 1.653464799335810085e+02 1.466319092648879774e-01
2.512310909884048158e+02 1.650729835078239205e+02 1.331757289204097694e-01
2.511742021276595835e+02 1.649099332995609473e+02 1.264282899921197745e-01
2.511693508668242600e+02 1.650096814139367325e+02 1.332918214567150872e-01
2.512061381290104691e+02 1.651240149724192179e+02 1.404930766632894179e-01
2.512593436901947541e+02 1.653667081785432913e+02 1.561339074636947100e-01
2.513498817966903118e+02 1.660943339806371739e+02 1.663535686142069148e-01
2.513507507317347631e+02 1.664811507936507837e+02 1.593809805245975375e-01
2.513640908195429517e+02 1.667443958966565276e+02 1.580336035123269256e-01
2.514083924349881727e+02 1.673314758527524475e+02 1.553951367781155057e-01
2.514572779466396355e+02 1.676482853484183408e+02 1.493548069345941587e-01
2.514617000168861978e+02 1.679905648429584630e+02 1.486793594506360394e-01
2.515845751716762493e+02 1.692948961499493521e+02 1.727738376674546883e-01
2.515317847292581348e+02 1.700381311212428272e+02 1.595287346617133839e-01
2.513745497016773527e+02 1.694124627096701659e+02 1.400111167398401524e-01
2.513816207925250410e+02 1.694972032252617282e+02 1.503750140718225770e-01
2.511983001238320412e+02 1.672893870314082960e+02 1.187591466846786015e-01
2.512211492457502970e+02 1.627786818923786996e+02 1.538261285601711104e-01
2.510168334177642748e+02 1.604722503658673816e+02 1.509660306202859348e-01
2.509072139198468960e+02 1.594062113024878897e+02 1.258126477541371135e-01
2.512555442980974760e+02 1.610382049983113859e+02 1.544980580884836308e-01
2.514189885173927621e+02 1.673360104975796503e+02 1.342416694810311950e-01
2.514458199651018901e+02 1.676493829505797635e+02 1.523978385680513359e-01
2.514025491106608001e+02 1.687023528087357818e+02 1.361941348643476435e-01
2.514648380333220814e+02 1.692735878926038424e+02 1.548604075199819796e-01
2.513748663176854734e+02 1.694446977372509195e+02 1.407147078689632014e-01
2.512698870032646710e+02 1.689972172970843189e+02 1.183897613418889994e-01
2.512173674434312716e+02 1.686418685973207232e+02 1.168488967691095337e-01
2.511990283406506705e+02 1.684614432061240450e+02 1.176404367893729569e-01
2.513059706743217419e+02 1.687766625858381246e+02 1.369680851063829752e-01
2.512100747213779073e+02 1.683901025835866392e+02 1.180238939547450239e-01
2.513216959360576368e+02 1.689674166948103107e+02 1.427129066756726294e-01
2.513017491275469979e+02 1.688545958572554184e+02 1.333410728357536934e-01
2.513259913599009394e+02 1.692038409039738838e+02 1.357860520094562595e-01
2.511912008893391999e+02 1.686577380952381020e+02 1.193290554992682689e-01
2.510485301981312602e+02 1.680328119723066607e+02 1.061613475177305005e-01
2.510162775807722539e+02 1.673706447709107294e+02 1.068227231791061549e-01
2.510114614994934072e+02 1.664865367837442420e+02 1.160432849262636457e-01
2.510721778959810990e+02 1.664159665934931809e+02 1.238988798829224330e-01
2.511034067882472129e+02 1.665470069233367099e+02 1.186043566362715296e-01
2.511042510976021731e+02 1.666268680344478241e+02 1.170212765957446832e-01
2.511143898457728199e+02 1.664379714060565050e+02 1.221961893504446700e-01
2.510465003377237281e+02 1.639393856242260483e+02 1.100873860182370878e-01
2.511331088877631430e+02 1.607639311043566295e+02 1.282928064842958349e-01
2.510416666666666572e+02 1.592649970449172656e+02 1.441447146234380305e-01
2.511534039738826891e+02 1.591250633232016298e+02 1.152658167285826873e-01
2.513507155521783147e+02 1.612281534954407221e+02 1.457911178655859619e-01
2.513404853371608567e+02 1.687360864854215947e+02 1.252110773387369036e-01
2.514079386187098919e+02 1.689202936789372984e+02 1.417208431836091409e-01
2.515546444050433479e+02 1.701404684509737706e+02 1.581250703591129125e-01
2.515323722278509422e+02 1.706494955251604324e+02 1.662691376787121533e-01
2.514592620736237620e+02 1.705473165034335352e+02 1.615445232466509173e-01
2.513246228751548017e+02 1.702148309974107860e+02 1.330877800292693813e-01
2.512643814026792768e+02 1.698761151919396468e+02 1.243773218507260997e-01
2.512420881177530134e+02 1.697320865698525267e+02 1.213553979511426267e-01
2.513168693009118613e+02 1.701595357705730009e+02 1.360956321062704033e-01
2.513859900934369023e+02 1.708718901272092694e+02 1.499071259709557624e-01
2.513378539063379549e+02 1.706905711752786203e+02 1.425229370708094023e-01
2.514107283575368683e+02 1.712179619779353743e+02 1.503222447371383441e-01
2.514022641562535227e+02 1.715969865191939618e+02 1.552755262861645891e-01
2.513312894011032199e+02 1.716263403411009847e+02 1.457207587526736514e-01
2.513764036643026145e+02 1.718152369694922754e+02 1.335240065293256673e-01
2.513518729595857337e+02 1.718806533547225115e+02 1.306568726781492662e-01
2.513459627941010979e+02 1.718252103737476091e+02 1.357860520094562595e-01
2.513381458966565276e+02 1.718088378081729104e+02 1.304704210289316657e-01
2.512908821625576934e+02 1.716184847461443326e+02 1.298477428796577793e-01
2.511363418890014714e+02 1.707450115388945164e+02 1.052431610942249213e-01
2.511821456715073850e+02 1.675307047168749364e+02 1.065272149048744760e-01
2.512231966959360534e+02 1.637556920522345933e+02 1.361554373522458616e-01
2.510881845941686379e+02 1.628293474895868371e+02 1.301151075087245423e-01
2.511399900090059703e+02 1.629501294607677551e+02 1.421500337723742013e-01
2.511813154339750156e+02 1.628723157998423972e+02 1.348186142069120741e-01
2.513071597433299473e+02 1.636907435551052572e+02 1.741528762805358566e-01
2.514312697005516100e+02 1.647158125070359063e+02 1.690588765056850185e-01
2.515011362996735329e+02 1.667355658279860506e+02 1.851148260722728922e-01
2.514548048238207798e+02 1.678317678430710487e+02 1.934488629967353324e-01
2.514502279635258333e+02 1.685992556005853942e+02 1.903917595406957042e-01
2.514079386187098919e+02 1.689198222728807934e+02 1.972588089609366158e-01
2.514795641956546319e+02 1.699581292919058910e+02 1.900645896656534828e-01
2.515246679049870409e+02 1.717156612349431555e+02 1.795529381965552118e-01
2.514405465495891008e+02 1.720327662388832550e+02 1.718239896431385805e-01
2.514408631655972215e+02 1.722855911572666798e+02 1.736709163570865633e-01
2.513960549645390188e+02 1.725793791511876520e+02 1.683025160418777366e-01
2.514808728751548017e+02 1.731705399358324939e+02 1.619490881458966469e-01
2.514019264325115444e+02 1.736452176910953540e+02 1.513952212090509952e-01
2.513545360520094505e+02 1.735709536474164167e+02 1.401166554092085903e-01
2.512993745074862204e+02 1.733331152200833003e+02 1.263614488348530907e-01
2.512784180457052798e+02 1.731820401328380115e+02 1.159025667004390386e-01
2.512706363278171864e+02 1.732454090678824628e+02 1.245497016773612492e-01
2.512913641224811556e+02 1.731421781774175486e+02 1.271670606776989787e-01
2.513475669818755023e+02 1.733484323989643201e+02 1.310790273556231011e-01
2.514356038219070228e+02 1.742061627546999887e+02 1.478280141843971718e-01
2.515061564223798314e+02 1.749364129517055062e+02 1.410911291230440290e-01
2.514985506022740083e+02 1.752588758020938826e+02 1.506247889226612624e-01
2.512617218282111935e+02 1.741976633738601947e+02 1.005748339524935309e-01
2.512326037093324373e+02 1.710389121073961576e+02 1.236702127659574518e-01
2.511400181526511233e+02 1.697892533490937694e+02 1.157090791399301988e-01
2.512257225880896101e+02 1.698487279072385547e+02 1.199658054711246202e-01
2.513436022458628827e+02 1.706606509625126762e+02 1.377842508161657153e-01
2.512697216593493295e+02 1.705693987110210514e+02 1.197019587977034838e-01
2.511414112630868090e+02 1.699121883091297889e+02 1.051341044692108567e-01
2.512326529607114765e+02 1.701618083699200668e+02 1.236209613869188317e-01
2.514240227119216513e+02 1.718133618991331844e+02 1.399583474051559195e-01
2.514379010469436082e+02 1.724640113137453454e+02 1.459599797365754847e-01
2.513854835078239205e+02 1.724575488292243506e+02 1.373515422717550283e-01
2.512375147754137004e+02 1.723418186423505460e+02 7.189645952943825302e-02
2.513423815152538623e+02 1.725685121861983475e+02 8.861730271304739393e-02
2.514365818135764812e+02 1.731321555217831758e+02 1.238812901046943554e-01
2.516444578126759097e+02 1.738833481087470432e+02 1.589236462906675751e-01
2.517181343577620112e+02 1.751083952493526965e+02 1.777306371721265321e-01
2.517044987616796163e+02 1.755764944275582593e+02 1.786980749746707176e-01
2.516617098671619885e+02 1.761832573454913984e+02 1.817727682089384234e-01
2.516079942024090883e+02 1.768812478892266142e+02 1.483170100191376906e-01
2.515356228188674947e+02 1.770028002926939052e+02 1.471209050996284962e-01
2.514984520995159301e+02 1.773196871833839907e+02 1.325636046380727351e-01
2.515354469210852244e+02 1.777828154902622941e+02 1.412177755262861711e-01
2.515003342057863449e+02 1.780935213328830287e+02 1.324756557469323470e-01
2.513407280761004188e+02 1.725547323539344688e+02 1.194240403016998825e-01
2.512860414555893271e+02 1.725496031746031633e+02 1.154065349544072944e-01
2.513129784419678003e+02 1.728759639198468960e+02 1.090636609253630568e-01
2.513617654508611849e+02 1.734111047787909570e+02 1.249542665766070065e-01
2.514217993639536246e+02 1.739382317347742912e+02 1.311071710007880309e-01
2.512266231847348763e+02 1.729783540189125404e+02 1.169157379263762175e-01
2.511305126364966895e+02 1.690715728076100390e+02 1.246869019475402435e-01
2.512380882021839454e+02 1.645068177980411974e+02 2.035911291230440290e-01
2.511332003546099259e+02 1.612778024034672910e+02 1.607213216255769517e-01
2.511491085500394149e+02 1.611471173871439930e+02 1.673702577957897064e-01
2.511193677530113746e+02 1.608751055386693736e+02 1.572279916694810376e-01
2.511179781605313508e+02 1.606063372453000113e+02 1.703534841832714253e-01
2.513225261735900062e+02 1.677173006022740083e+02 1.453619272768209014e-01
2.514900477034785524e+02 1.687483535967578518e+02 1.703675560058538763e-01
2.514911875211077472e+02 1.702645502645502518e+02 1.640844872227850970e-01
2.514832299054373550e+02 1.718225437633682304e+02 1.708002645502645633e-01
2.514627483676685813e+02 1.722120236688055854e+02 1.701318529775976696e-01
2.513478132387706978e+02 1.721861631768546772e+02 1.563660925363052900e-01
2.512883457165372079e+02 1.720463314758527531e+02 1.287782843633907548e-01
2.513739973826409937e+02 1.724135532759202931e+02 1.368203309692671288e-01
2.514106791061578292e+02 1.726632683215130157e+02 1.307377856579984288e-01
2.514033687943262407e+02 1.728964700833051893e+02 1.343366542834627808e-01
2.514110344196780318e+02 1.736096898570302756e+02 1.322505065856129647e-01
2.515128440560621357e+02 1.750263178261848509e+02 1.414605144658336033e-01
2.515097517730496577e+02 1.762951212991106615e+02 1.480215017449059978e-01
2.515100050658561202e+02 1.773995694022289626e+02 1.397156084656084596e-01
2.515591790498705507e+02 1.789834937521107747e+02 1.489924575030958098e-01
2.515228631937408466e+02 1.793596054260947881e+02 1.457946358212315607e-01
2.515788303501069549e+02 1.804793496003602513e+02 1.465087808172914619e-01
2.513202289485534209e+02 1.754489544635821119e+02 1.160045874141618777e-01
2.513693607171000792e+02 1.758608261567038085e+02 1.367534898120004450e-01
2.512626716762354988e+02 1.756419108127884670e+02 1.028368794326241092e-01
2.513066637115839228e+02 1.713159898120004527e+02 1.105834177642688321e-01
2.511294818754925018e+02 1.682649161319374116e+02 1.189174546887312861e-01
2.510502223347968140e+02 1.657457925250478468e+02 1.150301137003264668e-01
2.510210479286277234e+02 1.648993688787571728e+02 1.170740459304289161e-01
2.510988123381740422e+02 1.650440694303726161e+02 1.232375042215467786e-01
2.510852893166722879e+02 1.647255396543960444e+02 1.264071822582460980e-01
2.510333642913430197e+02 1.640737856017111369e+02 1.160890183496566530e-01
2.510108458572554184e+02 1.637002068557919756e+02 1.240994033547224984e-01
2.510888530057412993e+02 1.639041392266126422e+02 1.289752898795452074e-01
2.512708438872002716e+02 1.646283209501294493e+02 1.490874423055274234e-01
2.513411818923786996e+02 1.651764501013171298e+02 1.663043172351683086e-01
2.514683982044354309e+02 1.664686268715524022e+02 1.748951649217606596e-01
2.513214250534729217e+02 1.664477126252392338e+02 1.584311325002814297e-01
2.511815827986040688e+02 1.660165660531351932e+02 1.537241078464482713e-01
2.511223369075762832e+02 1.654267280198131402e+02 1.341290949003715038e-01
2.511541919959473148e+02 1.653409461893504329e+02 1.284300067544748292e-01
2.511845027017899383e+02 1.658503039513677777e+02 9.765493076663289695e-02
2.511291511876618188e+02 1.650100191376787109e+02 1.121242823370482977e-01
2.511672013959247920e+02 1.651785116233254485e+02 1.243984295845998039e-01
2.514656506810762266e+02 1.674119948215692943e+02 1.895615220083305130e-01
2.516577908645727746e+02 1.720213152932567766e+02 2.461021051446583285e-01
2.516435572160306151e+02 1.748804282055611736e+02 2.070739052122030910e-01
2.514748853146459453e+02 1.745597595125520627e+02 1.719119385342789685e-01
2.512880959416863789e+02 1.739115374873353517e+02 1.390647866711696434e-01
2.511553142237982570e+02 1.730529944838455378e+02 1.212955927051671684e-01
2.510955863728470092e+02 1.714474769222109671e+02 9.491796127434425079e-02
2.510766492176066720e+02 1.702418207531239318e+02 9.637439491162895500e-02
2.511675250478442081e+02 1.669009625126646483e+02 1.250914668467859869e-01
2.513352998705392451e+02 1.616441974839581235e+02 1.659384498480243053e-01
2.510703731847348763e+02 1.602780697680963726e+02 1.330737082066869303e-01
2.512522761173026993e+02 1.614611441798941769e+02 1.606404086457277891e-01
2.513821625576944712e+02 1.622603990768884330e+02 1.725592423730721581e-01
2.514096377912867410e+02 1.634687711077338861e+02 1.939167510976021747e-01
2.514337322695035368e+02 1.684305203759990945e+02 1.537663233141956520e-01
2.512922717550377172e+02 1.679269390971518590e+02 1.219499324552515973e-01
2.512215397388269764e+02 1.677905761004165299e+02 1.311212428233704819e-01
2.511994856748846132e+02 1.674645425250478468e+02 1.240044185522908987e-01
2.511285460992907872e+02 1.669385026173590063e+02 1.200150568501632264e-01
2.509827690532477789e+02 1.657996066925588252e+02 1.010567938759428103e-01
2.510776588708769452e+02 1.655142547562760456e+02 1.092290048407069669e-01
2.513841924181020033e+02 1.696979342564448814e+02 1.476028650230777894e-01
2.513735435663627129e+02 1.749990853315321431e+02 1.239059157942136724e-01
2.514032351120117141e+02 1.752930070077676419e+02 1.368379207474952064e-01
2.512438646853540547e+02 1.744368562141168582e+02 1.305935494765282090e-01
2.511749901497241808e+02 1.739552832657885801e+02 1.217951424068445393e-01
2.510066805977710374e+02 1.725425883710458095e+02 8.991894630192502624e-02
2.511347517730496577e+02 1.724798632218845000e+02 1.008140549363953642e-01
2.513127216312056760e+02 1.734660728357536925e+02 1.240958853990768856e-01
2.514569683665428386e+02 1.739955181245074982e+02 1.548111561409433734e-01
2.514402721490487522e+02 1.744069993245525154e+02 1.406760103568614195e-01
2.514168882978723332e+02 1.745745595519531719e+02 1.343718338399189360e-01
2.513704442474389396e+02 1.746285988686254598e+02 1.213026286164584078e-01
2.513398169255881953e+02 1.746713314758527531e+02 1.083389620623663174e-01
2.513515493076663176e+02 1.746502483676685813e+02 1.109457671957671948e-01
2.512129524090960331e+02 1.742974959191714390e+02 1.071428571428571369e-01
2.511135420184622262e+02 1.714399273893954785e+02 1.063020657435551075e-01
2.511466037656197159e+02 1.679798069345941656e+02 1.208593662051108825e-01
2.510878890858944033e+02 1.669821710007880142e+02 1.350332095012946043e-01
2.511248557638185162e+02 1.670627216312056760e+02 1.287501407182258251e-01
2.512627385173927621e+02 1.676616922773837643e+02 1.552016492176066520e-01
2.512468936451649313e+02 1.674981671451086243e+02 1.444613306315433998e-01
2.512005058820218437e+02 1.675470245131149341e+02 1.370454801305865111e-01
2.513027834065068191e+02 1.678951508499380907e+02 1.399583474051559195e-01
2.514772001294607549e+02 1.687275484070696905e+02 1.684608240459304351e-01
2.514872298210064230e+02 1.689324974670719257e+02 1.724431498367668680e-01
2.513732937915118839e+02 1.686015528256219795e+02 1.610168298998086167e-01
2.513200354609928979e+02 1.681270404142744610e+02 1.455096814139367201e-01
2.513066601936282893e+02 1.680617436395361892e+02 1.506318248339524879e-01
2.513051087751885575e+02 1.684696118991331844e+02 1.526863109309917754e-01
2.513642737532365175e+02 1.689445429472025353e+02 1.603765619723066527e-01
2.513790210233029256e+02 1.691963722841382491e+02 1.657133006867049507e-01
2.513359964257570596e+02 1.694162726556343443e+02 1.574390690082179411e-01
2.514011278565799898e+02 1.697260356861420689e+02 1.548709613869188317e-01
2.514169305133400769e+02 1.699845139592480052e+02 1.523239614994934266e-01
2.514352485083868203e+02 1.704772036474164167e+02 1.477400652932567837e-01
2.515023499943712579e+02 1.711405775075987776e+02 1.609957221659349402e-01
2.512368322920184482e+02 1.722952057300461490e+02 6.953239333558482171e-02
2.514023169255881953e+02 1.727065426939097108e+02 1.008949679162445129e-01
2.514803064842958520e+02 1.732307462287515420e+02 1.196878869751210189e-01
2.513774379432624073e+02 1.729685952099515873e+02 1.139325115388945125e-01
2.510924553923224209e+02 1.708835345603962708e+02 1.044058876505685046e-01
2.511528129573342198e+02 1.675571738151525381e+02 1.432300461555780779e-01
2.510273134076325618e+02 1.665957411628954219e+02 1.346145727794663960e-01
2.510638403411009847e+02 1.664715608465608341e+02 1.396980186873803820e-01
2.511358634470336710e+02 1.668917419509174920e+02 1.453197118090735207e-01
2.512098495722165978e+02 1.672587772993358044e+02 1.509765844872227869e-01
2.513309376055386792e+02 1.680120665878644672e+02 1.540970111448834723e-01
2.514136975121017770e+02 1.690258534560396129e+02 1.740684453450410951e-01
2.513906478667117028e+02 1.695185923955870635e+02 1.593809805245975375e-01
2.513164823257908438e+02 1.692929225768321544e+02 1.440391759540695649e-01
2.512701367781155000e+02 1.691168488967691133e+02 1.380621693121693028e-01
2.512991669481031067e+02 1.692359950185748119e+02 1.407041540020263493e-01
2.514065701339637542e+02 1.700078450410897233e+02 1.545754531126871667e-01
2.514714517899358270e+02 1.705879418552290758e+02 1.691397894855341533e-01
2.514419924293594590e+02 1.708733852583586668e+02 1.744976359338061556e-01
2.514476844815940524e+02 1.711861209613869050e+02 1.750323651919396539e-01
2.514352520263424537e+02 1.715493322920184482e+02 1.720350669818754841e-01
2.513890683046268180e+02 1.719185452549814386e+02 1.709480186873803820e-01
2.514337780029269425e+02 1.720751189069008262e+02 1.643729595857255366e-01
2.514316426038500367e+02 1.722661509343690227e+02 1.600845716537205865e-01
2.514626182033096882e+02 1.725658315039964066e+02 1.550081616570978260e-01
2.514420276089159074e+02 1.728164154846335805e+02 1.499739671282224462e-01
2.511906767139479939e+02 1.716875985027580782e+02 1.280395136778115506e-01
2.511029283462794126e+02 1.684498409884048158e+02 1.286586738714398381e-01
2.510711999043116123e+02 1.666487039851401448e+02 1.294642857142857262e-01
2.510787564730383963e+02 1.664808588033322110e+02 1.386215242598221320e-01
2.512076614038050195e+02 1.671313745356298455e+02 1.442783969379713982e-01
2.512963209219858243e+02 1.682046043003489899e+02 1.506107171000788114e-01
2.513472081503996378e+02 1.685366817235168355e+02 1.496397613418889994e-01
2.514109957221659215e+02 1.691257563604638108e+02 1.541110829674659510e-01
2.514948145333783600e+02 1.700234190307328674e+02 1.590608465608465694e-01
2.514300032365191839e+02 1.701987680119329127e+02 1.626315715411460194e-01
2.513587892603850094e+02 1.698779515647866845e+02 1.464876730834177576e-01
2.512726732241359855e+02 1.695299131768546772e+02 1.296964707868963063e-01
2.512460739614994907e+02 1.693249078295620791e+02 1.274027637059551854e-01
2.513661241979061174e+02 1.696232973094675174e+02 1.450382753574243067e-01
2.513423111561409371e+02 1.700143356692558712e+02 1.471842283012495811e-01
2.513493013340087714e+02 1.704273753236519156e+02 1.360674884611054736e-01
2.514783153214004301e+02 1.711700861195542132e+02 1.514620623663176791e-01
2.515131043847799219e+02 1.718101218619835606e+02 1.833382584712371921e-01
2.514726443768996944e+02 1.724767392772711787e+02 1.523732128785320328e-01
2.514579393223010300e+02 1.728563829787234170e+02 1.464595294382528556e-01
2.514805914387031294e+02 1.736077479455138928e+02 1.333094112349431370e-01
2.514243322920184482e+02 1.734720639142181824e+02 1.351493020375999221e-01
2.514564019756838888e+02 1.737244033547225115e+02 1.340341100979398903e-01
2.513504165259484466e+02 1.736342205617471564e+02 1.278460261173027246e-01
2.514052684903748798e+02 1.738371151356523683e+02 1.309136834402791771e-01
2.513498360632669062e+02 1.739352238826973007e+02 1.198567488461105418e-01
2.511043531183158848e+02 1.716234063660925244e+02 1.087364910503208354e-01
2.511514515084993775e+02 1.683558975008443213e+02 1.281028368794326355e-01
2.510940666160080923e+02 1.673126090566250070e+02 1.168875942812113017e-01
2.511233606326691472e+02 1.672829069571090770e+02 1.244441630079927974e-01
2.511438843859056647e+02 1.672497642969717333e+02 1.189420803782505892e-01
2.511566932624113520e+02 1.672565574693234396e+02 1.244723066531577133e-01
2.511457418664865600e+02 1.673033849769222172e+02 1.236772486772486773e-01
2.512831532140042725e+02 1.678995553304064003e+02 1.460690363615895493e-01
2.512543939266013808e+02 1.687433475458741441e+02 9.714834515366430057e-02
2.512959269109535114e+02 1.687202556850163262e+02 1.047084318360914090e-01
2.512143736631768434e+02 1.683803613644039103e+02 1.161840031520882527e-01
2.512262995328154886e+02 1.683685797309467489e+02 1.145974051559157936e-01
2.512751322751322789e+02 1.684811824552515986e+02 1.317052234605426142e-01
2.512850318023190255e+02 1.685550313801643654e+02 1.337737813801643527e-01
2.513363341494990379e+02 1.688834114319486730e+02 1.348467578520770038e-01
2.513967163402003848e+02 1.692925496735337276e+02 1.436099853653045044e-01
2.514047020995159301e+02 1.696340305921422953e+02 1.481833277046042951e-01
2.514161811887875615e+02 1.700252729933581008e+02 1.567636215242598219e-01
2.514816362715298794e+02 1.704404058313632788e+02 1.718275075987842071e-01
2.514637333952493634e+02 1.707843880164358836e+02 1.611258865248226813e-01
2.514744701958797748e+02 1.709652109366205082e+02 1.469238995834740436e-01
2.514411375661375700e+02 1.710303071878869616e+02 1.417982382078126768e-01
2.514511461499493521e+02 1.713424976077901647e+02 1.590925081616570980e-01
2.515220962794101069e+02 1.718658603512326977e+02 1.664731791061578314e-01
2.515348101711133495e+02 1.721480003940110350e+02 1.642568670494202465e-01
2.515006684115726614e+02 1.722745975458741441e+02 1.545578633344590891e-01
2.512929859000337842e+02 1.715857923843296078e+02 1.221610097939885148e-01
2.510953577057300379e+02 1.685302192389958407e+02 1.110266801756163435e-01
2.510432567826184709e+02 1.668943241303613547e+02 1.169051840594393793e-01
2.511078394123606756e+02 1.667818797140605511e+02 1.262910897219407802e-01
2.512461583924349782e+02 1.675854229989868429e+02 1.452212090509962805e-01
2.513162219970730575e+02 1.678481193009118613e+02 1.488658110998536399e-01
2.513312049701677324e+02 1.678481615163796050e+02 1.390647866711696434e-01
2.514020354891365514e+02 1.682809193121693170e+02 1.503222447371383441e-01
2.514697807610041593e+02 1.688830314927389509e+02 1.674441348643476435e-01
2.514182884442192858e+02 1.690245518124507385e+02 1.651398739164696705e-01
2.513042715017448927e+02 1.686870989530563918e+02 1.459916413373860133e-01
2.512356819205223530e+02 1.684110168298998076e+02 1.411192727682089310e-01
2.512962224192277461e+02 1.684933053304064003e+02 1.365283406506810626e-01
2.512849121918270896e+02 1.688525413711583951e+02 1.542377293707080932e-01
2.513644531689744497e+02 1.693041307835190707e+02 1.548111561409433734e-01
2.513888642631993662e+02 1.697324207756388716e+02 1.397613418890014669e-01
2.513858845547675287e+02 1.700203161938534322e+02 1.414886581109985331e-01
2.513730616064392791e+02 1.705422928627715748e+02 1.423083417764268721e-01
2.514084803838793221e+02 1.707954977203647502e+02 1.462378982325790722e-01
2.514144468366542924e+02 1.711688055836991964e+02 1.570767195767195645e-01
2.513622579646515760e+02 1.714336478385680493e+02 1.414323708206687014e-01
2.513885511651469074e+02 1.717337540808285610e+02 1.514902060114826088e-01
2.514759301474726954e+02 1.724024330181244977e+02 1.644644264325115512e-01
2.514637896825396695e+02 1.728116556906450398e+02 1.574285151412810890e-01
2.514119068726781450e+02 1.729805597771023429e+02 1.437612574580659774e-01
2.511369047619047592e+02 1.712701438140267953e+02 1.009618090735111967e-01
2.512334445007317356e+02 1.677871601654846359e+02 1.049195091748283265e-01
2.511541110829674608e+02 1.667278755769447400e+02 1.075192783969379645e-01
2.512550060508837078e+02 1.670943973038388037e+02 1.272655634357761911e-01
2.513267371664977929e+02 1.677414830293819534e+02 1.431033997523359358e-01
2.513956679894180013e+02 1.681763727062929092e+02 1.478667116964989259e-01
2.513573961499493521e+02 1.684442404030170053e+02 1.495307047168749348e-01
2.514696224530001132e+02 1.692897845603962708e+02 1.620546268152651126e-01
2.515319852527299247e+02 1.701232726837779978e+02 1.809741922773837608e-01
2.515556012889789486e+02 1.709863925475627582e+02 1.744132049983113941e-01
2.514886510750872333e+02 1.713399470899470884e+02 1.650519250253292824e-01
2.513792532083755589e+02 1.713620046718450851e+02 1.590643645164921682e-01
2.514392413880445929e+02 1.718856418158279951e+02 1.702092480018012055e-01
2.514073018687380454e+02 1.722757057019025240e+02 1.568867499718563652e-01
2.514185065574693283e+02 1.724251660475064796e+02 1.446513002364066269e-01
2.514044875042215494e+02 1.729956271811325053e+02 1.405880614657210315e-01
2.514560220364741667e+02 1.733602421760666346e+02 1.397226443768996851e-01
2.512486878025441968e+02 1.749042764268828023e+02 6.549026229877293048e-02
2.513393173758865373e+02 1.751276982719801936e+02 7.573103118315883953e-02
2.514471251266463980e+02 1.756797780873578745e+02 1.040927895981087481e-01
2.516214081672858356e+02 1.768213511764043631e+02 1.424596138691883451e-01
2.516915843465045555e+02 1.779877047450185614e+02 1.709620905099628607e-01
2.516956264775413672e+02 1.804463195148035481e+02 1.642076156703816403e-01
2.516582868963187991e+02 1.811181012889789486e+02 1.591910109197343104e-01
2.514439624845209948e+02 1.753447104018912626e+02 1.595533603512326870e-01
2.513667468760553731e+02 1.750965819542947202e+02 1.521234380276933473e-01
2.512792447652819874e+02 1.717315588765056873e+02 1.202648317010019119e-01
2.511243808398063777e+02 1.688840270741866618e+02 1.109879826635145755e-01
2.509868991331757400e+02 1.674777313407632562e+02 1.144883485309017290e-01
2.509720252167060721e+02 1.669474804401666006e+02 1.143089327929753402e-01
2.511002476640774432e+02 1.671718486153326637e+02 1.249683383991894575e-01
2.510915090622537491e+02 1.669656717888100843e+02 1.131022740065293214e-01
2.510250267364629053e+02 1.667843809805245883e+02 1.148471800067544790e-01
2.512504960317460245e+02 1.675529980018011997e+02 1.363418890014634621e-01
2.513447631712259351e+02 1.681186887875717559e+02 1.411509343690194873e-01
2.514074496228751627e+02 1.688451360745243619e+02 1.575410897219407802e-01
2.514549596138691925e+02 1.704237342395587120e+02 1.600704998311381355e-01
2.513990944782168242e+02 1.704846687492964179e+02 1.500619160193628343e-01
2.511594865191939618e+02 1.689179788641224889e+02 1.258161657097827402e-01
2.512498909433749930e+02 1.690702922717550507e+02 1.349241528762805398e-01
2.511936247607790165e+02 1.690210162670269085e+02 1.252181132500281568e-01
2.513184594168636750e+02 1.695158167285826778e+02 1.531717888100866953e-01
2.514034919227738385e+02 1.700269580941123593e+02 1.642533490937746199e-01
2.513997734436564144e+02 1.703706482888663629e+02 1.682884442192952856e-01
2.515130973488686266e+02 1.711279656366092468e+02 1.801896881684115770e-01
2.515953436339074756e+02 1.718004756276032765e+02 1.827894573905212150e-01
2.515802586400990606e+02 1.730958853990768773e+02 1.663113531464595340e-01
2.514703225261735895e+02 1.754104222953957049e+02 1.503961218056962812e-01
2.514960106382978609e+02 1.763268814026792768e+02 1.471068332770460452e-01
2.515260891590678796e+02 1.771097602161432008e+02 1.498965721040189103e-01
2.515056041033434724e+02 1.779120862884160772e+02 1.528586907576269249e-01
2.513903593943487635e+02 1.778165210233029256e+02 1.251794157379263750e-01
2.512275132275132137e+02 1.751558806146572067e+02 1.017639029607114720e-01
2.512857283575368683e+02 1.702880853878194216e+02 1.359865754812563388e-01
2.510622748508386906e+02 1.682040379094900402e+02 1.281485703028256151e-01
2.509876132781717786e+02 1.672530535855003961e+02 1.212991106608127950e-01
2.510354996904198970e+02 1.669677368287740649e+02 1.207573454913880434e-01
2.511353357536868316e+02 1.672370187436676758e+02 1.207186479792862754e-01
2.512106375942812235e+02 1.675290336879432687e+02 1.317720646178092980e-01
2.512803529213103673e+02 1.678323518237081942e+02 1.382028875379939237e-01
2.514374824102217758e+02 1.693793376393110464e+02 1.492844478216818760e-01
2.515101739277271236e+02 1.700121475008443213e+02 1.489080265676010484e-01
2.514693937858831418e+02 1.703431730552741215e+02 1.395186029494540070e-01
2.514255952380952408e+02 1.707216276877181258e+02 1.389275864009906492e-01
2.514209831982438459e+02 1.711401940504334220e+02 1.489220983901834994e-01
2.514719830012383284e+02 1.722153762805358497e+02 1.454850557244174170e-01
2.514631494146121895e+02 1.724396178092986531e+02 1.387059551953168934e-01
2.514259013002364043e+02 1.728860780423280517e+02 1.353427895981087481e-01
2.514605953788134514e+02 1.735581869863784732e+02 1.382415850500956778e-01
2.514858613362602853e+02 1.742233690757626903e+02 1.455976303050771081e-01
2.514863221884498614e+02 1.746055597771023429e+02 1.496503152088258515e-01
2.514926932061240450e+02 1.749462104581785411e+02 1.493020375999099536e-01
2.514830645615220135e+02 1.751935121861983475e+02 1.397367161994821638e-01
2.515257795789710542e+02 1.756813682033096882e+02 1.419565462118653476e-01
2.515260469436001358e+02 1.772519700551615358e+02 1.587442305527412001e-01
2.515393940673195914e+02 1.785293819655521759e+02 1.497664077451311415e-01
2.514873810930991738e+02 1.786890795620848849e+02 1.287888382303275792e-01
2.512451381852977477e+02 1.765667391365529681e+02 5.356087470449172327e-02
2.512694578126759097e+02 1.728036312338174127e+02 8.673871439828886865e-02
2.513309200157604550e+02 1.644787339581222625e+02 1.422168749296408852e-01
2.512457327198018788e+02 1.642195380220646257e+02 1.280324777665203251e-01
2.513120778453225341e+02 1.645554078014184256e+02 1.322645784081954157e-01
2.512686029494540207e+02 1.644415667567263313e+02 1.277967747382640906e-01
2.512778762805358497e+02 1.647042067713610152e+02 1.213729877293707043e-01
2.513828767026905382e+02 1.655013649667905042e+02 1.495447765394573858e-01
2.514354736575481297e+02 1.661860259765844887e+02 1.544734323989643276e-01
2.514133703422267274e+02 1.663807905549926716e+02 1.639613587751885537e-01
2.514355123550602400e+02 1.666753560171113406e+02 1.623712428233704819e-01
2.513670177586400882e+02 1.667103702296521419e+02 1.599332995609591412e-01
2.513846743780254371e+02 1.671842107114713372e+02 1.543467859957221577e-01
2.513915625351795597e+02 1.675356966959360534e+02 1.589764156253518079e-01
2.514532287796915568e+02 1.680802938196555090e+02 1.705469717437802513e-01
2.515002673646290532e+02 1.691105904536755702e+02 1.736709163570865633e-01
2.515564033828661366e+02 1.702919516210739630e+02 1.829231397050546104e-01
2.513193670494202365e+02 1.696406197230665214e+02 1.391843971631205601e-01
2.511887770178993549e+02 1.691968859056624979e+02 1.304457953394123626e-01
2.514387805358550168e+02 1.703398380333220814e+02 1.572948328267477214e-01
2.515024977485083753e+02 1.723239333558482542e+02 1.739840144095463337e-01
2.514538655296634033e+02 1.728805020826297323e+02 1.611118147022402303e-01
2.514180914387031294e+02 1.730973031352020826e+02 1.599473713835415922e-01
2.514884892491275536e+02 1.740371285038838209e+02 1.602604694360013626e-01
2.513126512720927508e+02 1.734857874591917266e+02 1.214292750197005499e-01
2.512263100866824175e+02 1.702294938365417067e+02 1.107557975909039677e-01
2.510425074580659555e+02 1.681226253799392225e+02 1.031640493076663306e-01
2.509619849712934752e+02 1.669468542440616829e+02 1.006557469323426796e-01
2.509702908645727746e+02 1.667735280873578745e+02 1.038289429246876117e-01
2.510214947089947088e+02 1.661879256726331278e+02 1.040822357311718960e-01
2.510047809017223983e+02 1.660842057863334560e+02 1.086239164696611442e-01
2.511671486265901194e+02 1.666950671225937128e+02 1.188963469548575957e-01
2.513651884217043744e+02 1.674926087751885575e+02 1.402292299898682815e-01
2.515077641281098693e+02 1.688530972081503876e+02 1.563485027580772124e-01
2.515156373128447456e+02 1.698826445176179334e+02 1.648127040414274491e-01
2.515500605088371060e+02 1.705781126871552544e+02 1.572983507823933480e-01
2.515068600135089412e+02 1.716102632838005206e+02 1.551277721490487427e-01
2.515150779578971196e+02 1.733616106608128007e+02 1.597749915569064427e-01
2.514699812844759776e+02 1.745871467972531832e+02 1.469027918496003671e-01
2.514623438027693396e+02 1.747589883766745515e+02 1.420550489699425878e-01
2.512531028368794352e+02 1.738567171845097334e+02 1.167715017449059978e-01
2.511595533603512251e+02 1.734162621017674155e+02 9.998029944838456029e-02
2.511632401778678343e+02 1.733291786277158621e+02 9.610351232691657919e-02
2.511916758133513383e+02 1.731471807103455944e+02 9.666286727456940842e-02
2.511906415343915455e+02 1.731222208150399524e+02 9.925560058538782093e-02
2.511434059439378643e+02 1.727105883429021844e+02 9.313435776201733907e-02
2.511696850726106049e+02 1.727758675278622036e+02 9.514662839130924588e-02
2.513753166160080923e+02 1.737583410728357478e+02 1.188259878419452853e-01
2.514675890746369475e+02 1.745147507880220701e+02 1.260307610041652704e-01
2.513544445851626676e+02 1.743557778903523570e+02 1.046732522796352538e-01
2.512643532590341238e+02 1.708164436282787335e+02 1.051481762917933077e-01
