2.511063366458103303e+02 1.177312998405103599e+02 5.289780395043552907e-01
2.520031161820635646e+02 1.827942092994724703e+02 6.172279474911054331e-01
2.518911329898172085e+02 1.797753649858913150e+02 5.050484603116182081e-01
2.520012728499570471e+02 1.847681204760152127e+02 4.627683719788983074e-01
2.518443565206723065e+02 1.837574101337259265e+02 3.399245491350754711e-01
2.517076739050423271e+02 1.847733222917433409e+02 2.060422034106244582e-01
2.514956355048460352e+02 1.853424150410992581e+02 1.385903570114096484e-01
2.514506379585326954e+02 1.859054257146362374e+02 8.528401423138265436e-02
2.514762728499570699e+02 1.892360753281805898e+02 5.245368666421298259e-02
2.513670653907495876e+02 1.936570911544595788e+02 5.136793031529873765e-02
2.513668169549748370e+02 1.939962550607287426e+02 5.748987854251012136e-02
2.514685284014231286e+02 1.951745706048337752e+02 4.400380321432952740e-02
2.514437369647895935e+02 1.951135044779781538e+02 4.030180345969819333e-02
2.514463961477119369e+02 1.952039903079376870e+02 4.395472948104527100e-02
2.514337811311495443e+02 1.951531928597718206e+02 4.206539074960127800e-02
2.513512053735738050e+02 1.947072046374677825e+02 3.554778554778554450e-02
2.513018862716231183e+02 1.871596000490737310e+02 5.472948104527051993e-02
2.512280947123052499e+02 1.821206539074960062e+02 8.762421788737578821e-02
2.511363881732302730e+02 1.785398816096184476e+02 8.897681266102318298e-02
2.512051159366948809e+02 1.790352073365231149e+02 9.505582137161085188e-02
2.513214636240952018e+02 1.806536743957796602e+02 8.229358360937308325e-02
2.513640841614525812e+02 1.810714544227702163e+02 7.304318488529014386e-02
2.514565728131517517e+02 1.816218715495031404e+02 7.021224389645441821e-02
2.514160685805422588e+02 1.816482793522267229e+02 7.228867623604465220e-02
2.513241013372592363e+02 1.813453840019629411e+02 6.322230401177769687e-02
2.511687001594896458e+02 1.793700558213716079e+02 6.612685560053981060e-02
2.512698288553551720e+02 1.800569746043430257e+02 6.189424610477241989e-02
2.512636670347196741e+02 1.803580848975585695e+02 5.734879155931787292e-02
2.511359802478223457e+02 1.791930529996319592e+02 5.963072015703594492e-02
2.511025917065390729e+02 1.775139461415777191e+02 5.360691939639308096e-02
2.510745675377254429e+02 1.758539105631210759e+02 6.396761133603239002e-02
2.510377898417372080e+02 1.744323273218010115e+02 6.682002208317998349e-02
2.510022972641393721e+02 1.739927769598822351e+02 6.561771561771562178e-02
2.509933535762483245e+02 1.731335541651331198e+02 6.849773033983559689e-02
2.512845571095571131e+02 1.778454852165378384e+02 7.854557722978774970e-02
2.514281744571218269e+02 1.802586492454913412e+02 8.829591461170407940e-02
2.514609986504723338e+02 1.813560728744939183e+02 9.739295791927371493e-02
2.514368298368298440e+02 1.818129861366703608e+02 7.983376272849956878e-02
2.514552876947613811e+02 1.822989449147343919e+02 7.545393203287939499e-02
2.514306649490860082e+02 1.824069009937431076e+02 6.980738559685928379e-02
2.514620353330879539e+02 1.829339866274076769e+02 8.812108943687890772e-02
2.512326493681756858e+02 1.802148570727518120e+02 6.894246104772421002e-02
2.511540577843209405e+02 1.765045209176788035e+02 8.676236044657097135e-02
2.510695160103054775e+02 1.755755183413078271e+02 7.546620046620046429e-02
2.510133051159367028e+02 1.744873972518709309e+02 7.057722978775610168e-02
2.511513249907986847e+02 1.750211722488038220e+02 8.009139982824192705e-02
2.513345632437737720e+02 1.773986903447429881e+02 9.650349650349650255e-02
2.514216967243283136e+02 1.790588026009078533e+02 1.074990798675009157e-01
2.513228131517605277e+02 1.845465985768617259e+02 7.843822843822843838e-02
2.513250337381916211e+02 1.847969911667280201e+02 8.140105508526561395e-02
2.511593792172739654e+02 1.829019506808980395e+02 6.632315053367685009e-02
2.510122837688627158e+02 1.817725923199607507e+02 6.118881118881119158e-02
2.511454269414795704e+02 1.823592534658324098e+02 8.273218010060115479e-02
2.513177125506072969e+02 1.837114893878051873e+02 7.798429640534904062e-02
2.514056434793276935e+02 1.865393080603606961e+02 7.300944669365722062e-02
2.513129002576370965e+02 1.861904612930928806e+02 6.311802232854864247e-02
2.513241381425592067e+02 1.862334652189915403e+02 5.447797816218868938e-02
2.512028064041221853e+02 1.855637529137529214e+02 5.123297754876702387e-02
2.512728928965771047e+02 1.859217243283032701e+02 4.861366703471966394e-02
2.510644583486688646e+02 1.850340418353576126e+02 4.300085879033247599e-02
2.512894675499938728e+02 1.856540424487792791e+02 3.720709115445957477e-02
2.513265887621150796e+02 1.857383879278616234e+02 4.556496135443503792e-02
2.512952705189547373e+02 1.857013280579070056e+02 5.642865906023800809e-02
2.512516869095816503e+02 1.856125598086124455e+02 5.115016562384983728e-02
2.510526223776223844e+02 1.849053429027113111e+02 4.097963440068703306e-02
2.511848944914734432e+02 1.853134216660532445e+02 4.539320328794013010e-02
2.515080756962335897e+02 1.875829192737087396e+02 7.039627039627040228e-02
2.515182953011900508e+02 1.882461630474788308e+02 7.666850693166482600e-02
2.514058980493190916e+02 1.879056925530609874e+02 6.377745061955587824e-02
2.514644000736105909e+02 1.888364525825052169e+02 8.246534167586799802e-02
2.512812661023187388e+02 1.845868114341798503e+02 7.680039258986627593e-02
2.514361949454054752e+02 1.857035701140964363e+02 8.796466691203533306e-02
2.514465679057784371e+02 1.882128358483621753e+02 7.939209912894124033e-02
2.514937093608146199e+02 1.900022727272727252e+02 8.511839038154828119e-02
2.514896607778186706e+02 1.902362133480554576e+02 7.555821371610844939e-02
2.513941878297141557e+02 1.898884063305116001e+02 6.480799901852533906e-02
2.513391271009691934e+02 1.897215955097533993e+02 5.613728376886271965e-02
2.512736750092013267e+02 1.866365783339467441e+02 4.711385106121947913e-02
2.511472365353944269e+02 1.861386363636363512e+02 4.640534903692798696e-02
2.511332106490001195e+02 1.855305606674027672e+02 3.938167096061832850e-02
2.513011409642988667e+02 1.861557538952275763e+02 6.155072997178260424e-02
2.513867807630965387e+02 1.892458103300208450e+02 6.325604220341062012e-02
2.514473714881609681e+02 1.929225432462274625e+02 5.850509139982824208e-02
2.515234879155931651e+02 1.977745706048337695e+02 4.496994233836339172e-02
2.515384922095448417e+02 2.024761286958655262e+02 4.362961599803705237e-02
2.515964053490369281e+02 2.045144184762605732e+02 4.878235799288430791e-02
2.514133204514783415e+02 2.014806189424610352e+02 3.890320206109679907e-02
2.513334774874248581e+02 1.967608176910808595e+02 4.424303766409029559e-02
2.513234971169181620e+02 1.880754692675745332e+02 6.129309287204023904e-02
2.512544871794871710e+02 1.817938289780394996e+02 9.633480554533185858e-02
2.510933873144399513e+02 1.788511685682738346e+02 8.126303521040363631e-02
2.510912372715004324e+02 1.783872162924794509e+02 7.914366335418966669e-02
2.513867286222549353e+02 1.804608268924058336e+02 6.856520672310145725e-02
2.514286191878297245e+02 1.827931756839651598e+02 9.024352840142313426e-02
2.513781959268801245e+02 1.832810238007606358e+02 7.114464482885535235e-02
2.514428751073487831e+02 1.837831033002085519e+02 6.695497484971169033e-02
2.514067476383265785e+02 1.836569991412096670e+02 5.883633909949699536e-02
2.513269200098147564e+02 1.834263617960986323e+02 5.744387191755612881e-02
2.511253680529996188e+02 1.821349404980983877e+02 4.833456017666543786e-02
2.512107594160225688e+02 1.778944423997055537e+02 8.242853637590479010e-02
2.511909520304257057e+02 1.737551435406698488e+02 7.794749110538584658e-02
2.512433566433566341e+02 1.741931450128818426e+02 8.915470494417862546e-02
2.513118666421297860e+02 1.786983468286099992e+02 5.964298859035701422e-02
2.513425745307324348e+02 1.815808949822107650e+02 8.266470371733529443e-02
2.513602472089314119e+02 1.856636516991780184e+02 6.563611826769721880e-02
2.513841890565574886e+02 1.883071034228929079e+02 6.840878419825788259e-02
2.513682094221567809e+02 1.886050668629615927e+02 7.069071279597595459e-02
2.512335265611581292e+02 1.869358422279474894e+02 4.707397865292602124e-02
2.512103606919396270e+02 1.833307845663108822e+02 6.807753649858913625e-02
2.511792234081707704e+02 1.792149705557600328e+02 8.573794626426205212e-02
2.513189823334560060e+02 1.802132100355784701e+02 9.245184639921481817e-02
2.513664949086001741e+02 1.805066280211017045e+02 7.805483989694515790e-02
2.514474266961109095e+02 1.821126272849957104e+02 7.640473561526192614e-02
2.514796129309287096e+02 1.853782726045884033e+02 8.421972764078027029e-02
2.514066586921850046e+02 1.855248221077168580e+02 8.190406085142927506e-02
2.513197061710219486e+02 1.851039995092626782e+02 6.303827751196172668e-02
2.511261164274322084e+02 1.828353698932646410e+02 5.147834621518831977e-02
2.511482793522267229e+02 1.829305944055944053e+02 5.852349404980983910e-02
2.511437492332229056e+02 1.805164059624586059e+02 6.451048951048951596e-02
2.511741289412342155e+02 1.767794043675622504e+02 8.099926389400073645e-02
2.511817936449515400e+02 1.758086155072997201e+02 5.529996319470003446e-02
2.510939056557477613e+02 1.749663507545086532e+02 5.543798306956201905e-02
2.513536375904797069e+02 1.776383787265366152e+02 9.357440804809226409e-02
2.514246288798920261e+02 1.830291283278125434e+02 6.981658692185008230e-02
2.513893908722856168e+02 1.831237056802846155e+02 7.503373819163293434e-02
2.514314593301435536e+02 1.853541497975708410e+02 8.360323886639675628e-02
2.515387253097779308e+02 1.871038522880628250e+02 1.020396270396270455e-01
2.514966568519200223e+02 1.873860753281805955e+02 9.222488038277512623e-02
2.514698564593301455e+02 1.877118881118881006e+02 8.904735615261931414e-02
2.515275947736473938e+02 1.886181327444485305e+02 9.750950803582382476e-02
2.514787388050546042e+02 1.888660164397006440e+02 9.935897435897435293e-02
2.515092350631824445e+02 1.892235799288430940e+02 9.534412955465587647e-02
2.514031836584468067e+02 1.889491749478591487e+02 8.605692553060974304e-02
2.512907434670592579e+02 1.830460894368789013e+02 7.407986750092013239e-02
2.512875230033124865e+02 1.831239510489510565e+02 7.090847748742486190e-02
2.513715863084284194e+02 1.860451815728131635e+02 5.951110293215556429e-02
2.514510366826156371e+02 1.891318917924181164e+02 6.194025272972641244e-02
2.514788737578211339e+02 1.918430959391485828e+02 6.692737087473929480e-02
2.512525825052140931e+02 1.895630137406453173e+02 4.761992393571341103e-02
2.512031008465218918e+02 1.872339498221077179e+02 4.245491350754508619e-02
2.511949730094466986e+02 1.815453809348546201e+02 7.420255183413078381e-02
2.513051190038032132e+02 1.773400871058765915e+02 1.028340080971659881e-01
2.510794197031039232e+02 1.753034167586799299e+02 9.259600049073733741e-02
2.510624371242792279e+02 1.745276837197889961e+02 7.172432830327567232e-02
2.510568917924180994e+02 1.727320482149429495e+02 7.887682492945650992e-02
2.512501778922831477e+02 1.741071678321678462e+02 9.621825542878174875e-02
2.514229419703104043e+02 1.755854220341062444e+02 1.124677953625322080e-01
2.511372346951294219e+02 1.740073733284259561e+02 8.404796957428536941e-02
2.513814501288185568e+02 1.764744080480922719e+02 1.005122070911544652e-01
2.513438013740645260e+02 1.765405103668261688e+02 9.423383633909949986e-02
2.513301435406698658e+02 1.764705097534044853e+02 8.968838179364495289e-02
2.513755459452827949e+02 1.768688351122561642e+02 8.114955220218378340e-02
2.514794626426205468e+02 1.779129370629370612e+02 8.249907986750092126e-02
2.514878051772788581e+02 1.782974880382775211e+02 1.000828119249171921e-01
2.514656207827260346e+02 1.786326094957673831e+02 9.190283400809716452e-02
2.514629186602870732e+02 1.788170653907496046e+02 1.007085020242915047e-01
2.514837289903079238e+02 1.790356367316893511e+02 1.121610845295055864e-01
2.513398141332351940e+02 1.783834130781499141e+02 8.193473193473194138e-02
2.514772328548644396e+02 1.795389676113360338e+02 1.066310882100355850e-01
2.514227456753772572e+02 1.822671328671328581e+02 1.086093730830572923e-01
2.512046466691203648e+02 1.813505336768494658e+02 8.621948227211384541e-02
2.513542479450374287e+02 1.821046374677953565e+02 9.427370874739296469e-02
2.511782511348300773e+02 1.805450895595632517e+02 6.244632560422034434e-02
2.510944117286222479e+02 1.801368881118881120e+02 7.054962581278370615e-02
2.510907035946509609e+02 1.794900441663599509e+02 6.266715740399951551e-02
2.510915991902834037e+02 1.795479235676604048e+02 6.460863697705802877e-02
2.512638173230278369e+02 1.802315176052018160e+02 6.903447429763219512e-02
2.513213194700036865e+02 1.805074438719175589e+02 7.960986382039013376e-02
2.513750030671083380e+02 1.807111581401055105e+02 7.843822843822843838e-02
2.514797233468286208e+02 1.815210096920623357e+02 9.470003680529996692e-02
2.513348607532818164e+02 1.811334468163415465e+02 7.721445221445220886e-02
2.514411728622254998e+02 1.817327444485339356e+02 7.739847871426819292e-02
2.513122653662127277e+02 1.810892283155441191e+02 6.716967243283032685e-02
2.511380106735369964e+02 1.805150993743098979e+02 5.592258618574408313e-02
2.510542295423874464e+02 1.790697276407802860e+02 5.110415899889583780e-02
2.509462857318120541e+02 1.780593914857072662e+02 5.299656483867010159e-02
2.511297785547785679e+02 1.786949668752300227e+02 7.541712673291620095e-02
2.513209544841123773e+02 1.807745798061587550e+02 9.049196417617470789e-02
2.514149552202183884e+02 1.814778370752054855e+02 9.414182308919151476e-02
2.514716813887866635e+02 1.820277327935222615e+02 8.682983682983683171e-02
2.511931204760152241e+02 1.791809041835357732e+02 5.353944301312722059e-02
2.512341614525824980e+02 1.753879247945037321e+02 7.338363390994970259e-02
2.513673629002576320e+02 1.776372377622377599e+02 1.205250889461415842e-01
2.515030732425469182e+02 1.840554563857195376e+02 1.030947123052386172e-01
2.514097748742485692e+02 1.770342964053490391e+02 1.088210035578456580e-01
2.514847227334069544e+02 1.830943841246472914e+02 1.176236044657097274e-01
2.511964145503619079e+02 1.812376671574039904e+02 9.370936081462397094e-02
2.510430560667402631e+02 1.805587749969328968e+02 7.237148816096183879e-02
2.510312722365353864e+02 1.802335633664580996e+02 7.132560422034106562e-02
2.513111489387805193e+02 1.852644307446938967e+02 6.120107962213225394e-02
2.514602042694147883e+02 1.900692767758557125e+02 6.288185498711813814e-02
2.514526438473806991e+02 1.990720218378113202e+02 4.623972518709360685e-02
2.515154459575512078e+02 2.025002975095080444e+02 4.221567905778431801e-02
2.514206048337627237e+02 2.023531989939884568e+02 3.365231259968102379e-02
2.512924886516991876e+02 2.002361734756471492e+02 2.945037418721629247e-02
2.512589406207827381e+02 1.831461906514538214e+02 7.145748987854251555e-02
2.512314071893019332e+02 1.735200558213716135e+02 1.030425714636240969e-01
2.511187400318979144e+02 1.720164673046251949e+02 7.603974972396025656e-02
2.513008403876824843e+02 1.749087780640412291e+02 8.393755367439577342e-02
2.513179303152987245e+02 1.798817997791682046e+02 7.236842105263158187e-02
2.513811188811188799e+02 1.881531008465219088e+02 5.685805422647528112e-02
2.512134615384615302e+02 1.874834958900748347e+02 4.880382775119616878e-02
2.513273739418476396e+02 1.924963900134952723e+02 3.435774751564225210e-02
2.513584437492332313e+02 1.925831493068335192e+02 5.053674395779658712e-02
2.513252054962581212e+02 1.887708410011041451e+02 4.281376518218623500e-02
2.512195988222304095e+02 1.801048398969451512e+02 6.806833517359833774e-02
2.512358790332474427e+02 1.654912495399337615e+02 1.244969942338363389e-01
2.511768095939148679e+02 1.609115783339467498e+02 1.280425714636241052e-01
2.511048644338117981e+02 1.601600202429149817e+02 1.249263894000736119e-01
2.512087872653662259e+02 1.654320543491596140e+02 1.081063673168936312e-01
2.512984511102932288e+02 1.721459483498957184e+02 9.775180959391485680e-02
2.513926604097656821e+02 1.841804349159612286e+02 8.675009201324990205e-02
2.513919825788246953e+02 1.878156115814010434e+02 6.902527297264139661e-02
2.513882345724451000e+02 1.883274843577475224e+02 7.399092135934241810e-02
2.512502116304747801e+02 1.868171972764077964e+02 5.978714268187952652e-02
2.512344129554655865e+02 1.866694608023555304e+02 5.301190038032143476e-02
2.511646638449269915e+02 1.835937246963562757e+02 5.606674027726659543e-02
2.512908508158508027e+02 1.777902189915347719e+02 8.857808857808857628e-02
2.512341522512575125e+02 1.736276959882223139e+02 1.018709360814624015e-01
2.510724266961109095e+02 1.723626824929456518e+02 8.855968592810697926e-02
2.512067721751932368e+02 1.729317537725432601e+02 9.047356152619311087e-02
2.513027327935222672e+02 1.734007514415409048e+02 9.845111029321555740e-02
2.513267359833149328e+02 1.763036559931296665e+02 1.150564347932769016e-01
2.513591522512575125e+02 1.822167280088332859e+02 9.259600049073733741e-02
2.514775610354557784e+02 1.850589252852410880e+02 9.048582995951416630e-02
2.514522788614893898e+02 1.859879462642620638e+02 8.547417494785915226e-02
2.512654122193595754e+02 1.854232333456017727e+02 6.629861366703472536e-02
2.511920991289412370e+02 1.827701662372714964e+02 8.550791313949208938e-02
2.511511378971905231e+02 1.796013525947736582e+02 8.160655134339345196e-02
2.510341829223408183e+02 1.783038798920377985e+02 7.273647405226352225e-02
2.511188903202061056e+02 1.786755704821494248e+02 8.304195804195804720e-02
2.510603085510980179e+02 1.776575236167341529e+02 7.012023064654643312e-02
2.509320206109679816e+02 1.769945497484971213e+02 7.296650717703349887e-02
2.510330572935835960e+02 1.772724788369525299e+02 8.442522389890810830e-02
2.512652741994847361e+02 1.801804379830695666e+02 7.588946141577720961e-02
2.513704729481045206e+02 1.809449699423383606e+02 9.097656729235677198e-02
2.511569255306097546e+02 1.794393049932523638e+02 6.642436510857563370e-02
2.510581401055085280e+02 1.787223714881609737e+02 5.702367807630965429e-02
2.511780517727886206e+02 1.760158262789841785e+02 7.515642252484357189e-02
2.510528646791804590e+02 1.751326370997423680e+02 6.994847258005153223e-02
2.511992516255674275e+02 1.744932768985400457e+02 6.520672310145994577e-02
2.513001717580664831e+02 1.750505980861244097e+02 7.907618697092380633e-02
2.513207275180959357e+02 1.825909121580174315e+02 7.554594528278739396e-02
2.514343178751073538e+02 1.830782051282051270e+02 9.515090172984909389e-02
2.514150288308183008e+02 1.833474849711691945e+02 9.738375659428291642e-02
2.512911881977671555e+02 1.831960894368789070e+02 8.968838179364495289e-02
2.514429517850570619e+02 1.847345141700404838e+02 1.025456999141209635e-01
2.515021347073978575e+02 1.869711354435038686e+02 1.014538093485461839e-01
2.514319715372346877e+02 1.868381578947368382e+02 9.338118022328548151e-02
2.513018801374064424e+02 1.864193595877806331e+02 8.230585204269415256e-02
2.512001594896331653e+02 1.837574162679425740e+02 6.550116550116549807e-02
2.512067016317016339e+02 1.761424365108575500e+02 8.963317384370016183e-02
2.513504048582995836e+02 1.769698993988467635e+02 1.032327321801005948e-01
2.513753343148079864e+02 1.778620445344129450e+02 1.171512697828487326e-01
2.511619709238130156e+02 1.768549135075450920e+02 9.060544718439454692e-02
2.513053030303030368e+02 1.817741504109925188e+02 8.659060238007607047e-02
2.514311219482272008e+02 1.828362440191387464e+02 9.724573671942092490e-02
2.514538584222794668e+02 1.846488590357011503e+02 7.776346460556986251e-02
2.515127714390872313e+02 1.857195988222304095e+02 8.650165623849834229e-02
2.515208317997791596e+02 1.867679977916820064e+02 1.022757943810575360e-01
2.515355692553060862e+02 1.877201110293215436e+02 7.522389890810943225e-02
2.515232302784934291e+02 1.880567936449515400e+02 8.287633419212366015e-02
2.515522849957060600e+02 1.890271040363145687e+02 6.887498466445834966e-02
2.513350447797816116e+02 1.881979266347687485e+02 5.577229787756103618e-02
2.515089896945160035e+02 1.891467549993865873e+02 7.790455158876211095e-02
2.515276101091890553e+02 1.913185468040731223e+02 8.138265243528401693e-02
2.515283676849466303e+02 1.937205005520794998e+02 6.935958778064041375e-02
2.514851367930315291e+02 1.942726321923690307e+02 6.674641148325359541e-02
2.513825818917924266e+02 1.932116151392467316e+02 5.131885658201447431e-02
2.512838056680161856e+02 1.930699300699300807e+02 4.724573671942092906e-02
2.513110385228806365e+02 1.889497945037418845e+02 4.900625690099374293e-02
2.511277082566556373e+02 1.872048184271868365e+02 4.645442277021224337e-02
2.511199086001717546e+02 1.868519844190896890e+02 4.742669611090663540e-02
2.512019108084897425e+02 1.830863881732302900e+02 5.949883449883450193e-02
2.510452643847380614e+02 1.821819101950680988e+02 5.238621028094712223e-02
2.510051527419948343e+02 1.818694301312722246e+02 6.022880628143786191e-02
2.511161636609004972e+02 1.820121028094712301e+02 6.343086737823580568e-02
2.513207581891792302e+02 1.831991994847257956e+02 6.635382161697951642e-02
2.513673629002576320e+02 1.834798981720034305e+02 7.619923935713408814e-02
2.514298951048951096e+02 1.841614311127468966e+02 6.978898294687768677e-02
2.515164826401668563e+02 1.848868543736964796e+02 9.383817936449515007e-02
2.514567660409765608e+02 1.849654704944178718e+02 8.626242178873758104e-02
2.515052140841614516e+02 1.858518218623481744e+02 6.799779168200220658e-02
2.515692399705557705e+02 1.864911023187339083e+02 8.075082811924917670e-02
2.515759845417740053e+02 1.870918936326831101e+02 6.735063182431604012e-02
2.515717826033615552e+02 1.872415685192000865e+02 8.680529996319469310e-02
2.515704208072629058e+02 1.891306097411360554e+02 5.167157403999509541e-02
2.514876763587290043e+02 1.892253772543246271e+02 6.108452950558213718e-02
2.515202091767881143e+02 1.897661881977671499e+02 6.106305974727027630e-02
2.515619862593546827e+02 1.903188259109311673e+02 7.979389032020610395e-02
2.513449546067967049e+02 1.876347564715985641e+02 6.569746043430253757e-02
2.511567384370015930e+02 1.860661881977671328e+02 4.971782603361550590e-02
2.511900901729849238e+02 1.821778432094221500e+02 7.501226843332106653e-02
2.510169457735247249e+02 1.813350631824316110e+02 5.725371120107962397e-02
2.513386056925530738e+02 1.829642927248190460e+02 7.767145135566187741e-02
2.514387222426695985e+02 1.847087013863329616e+02 8.417678812415654854e-02
2.515242976321923720e+02 1.858397221199852822e+02 8.878358483621641428e-02
2.514835879033247465e+02 1.860441510244141909e+02 6.682002208317998349e-02
2.515017850570482096e+02 1.873864832535885228e+02 6.330204882836461266e-02
2.515409612317507140e+02 1.877995184639921433e+02 7.663783584836215967e-02
2.512763065881486853e+02 1.879058704453441351e+02 3.477487424855845582e-02
2.511576278984173598e+02 1.863215218991534812e+02 3.360323886639676044e-02
2.512184885290148486e+02 1.823039443013127254e+02 7.415961231750704818e-02
2.511570604833762843e+02 1.821314163906269243e+02 6.569439332597226677e-02
2.511518924058397602e+02 1.822284627653048688e+02 7.291129922708869393e-02
2.513628542510121520e+02 1.833484511102932117e+02 8.295607900871058982e-02
2.513694301312722246e+02 1.835448963317384425e+02 8.141025641025641246e-02
2.514056434793276935e+02 1.839390872285609078e+02 9.059624585940374841e-02
2.513736535394430121e+02 1.839509170653907404e+02 8.413384860753281291e-02
2.512991626794258480e+02 1.836797601521285799e+02 7.766531713900134970e-02
2.511073855968592738e+02 1.825251288185498595e+02 6.285731812047601341e-02
2.510657311986259401e+02 1.820717734020365697e+02 5.655134339344865951e-02
2.511055576002944463e+02 1.802419304379830578e+02 5.168997668997669243e-02
2.509825174825174940e+02 1.785294902465955147e+02 5.932707643233958716e-02
2.510539811066126958e+02 1.786390504232609544e+02 6.372837688627162878e-02
2.512410532450006144e+02 1.795804870568028377e+02 6.589068825910930627e-02
2.512515611581401060e+02 1.795820083425346638e+02 7.689854005643478874e-02
2.513401883204514888e+02 1.801520396270396134e+02 7.946570972886762840e-02
2.514636915715863097e+02 1.808315728131517517e+02 1.068519200098147492e-01
2.515074039995092505e+02 1.816238774383511156e+02 8.629309287204024737e-02
2.514637099742362807e+02 1.817017942583732122e+02 9.185989449147344277e-02
2.515110538584222866e+02 1.823516132989817322e+02 8.020181572813152304e-02
2.515313029076187092e+02 1.830807446939026022e+02 1.004539320328794033e-01
2.514000398724082856e+02 1.825404551588761990e+02 8.230585204269415256e-02
2.514977303398356128e+02 1.835510090786406465e+02 1.008373205741626838e-01
2.514563581155686336e+02 1.836739878542510098e+02 9.528278738805054382e-02
2.512997055576003049e+02 1.822512513801987382e+02 7.188075082811924699e-02
2.512210771684455892e+02 1.785268862716231126e+02 6.889645442277021747e-02
2.512187185621396281e+02 1.736561648877438415e+02 9.087841982578824529e-02
2.511055514660777703e+02 1.731143325972273317e+02 8.835725677830941205e-02
2.510399030793767565e+02 1.723047080112869480e+02 8.444976076555023303e-02
2.510440222058643087e+02 1.721953901361796113e+02 8.085510980247821722e-02
2.512486903447429825e+02 1.765598607532818107e+02 8.166789350999877073e-02
2.513959268801374094e+02 1.777383909949699330e+02 9.371856213961476945e-02
2.514347073978652816e+02 1.781467642007115728e+02 9.828548644338118423e-02
2.514641976444607963e+02 1.785516225003067063e+02 8.876518218623481726e-02
2.514588302048828439e+02 1.789200834253465757e+02 9.482578824684087526e-02
2.514032511348300716e+02 1.788103453563979883e+02 8.166789350999877073e-02
2.514063090418353568e+02 1.811320727518096021e+02 1.093976199239357072e-01
2.512937216292479548e+02 1.809949822107716955e+02 9.478898294687768122e-02
2.514452674518464050e+02 1.828570696847012584e+02 8.629922708870077508e-02
2.514792295423874293e+02 1.834585541651331084e+02 9.347932768985400820e-02
2.514714329530119130e+02 1.840127469022205844e+02 1.044258373205741580e-01
2.515421696724328342e+02 1.857438688504477966e+02 7.360753281805913761e-02
2.514903447429763332e+02 1.858822475769844118e+02 7.364740522635258857e-02
2.515276039749724077e+02 1.874739295791927418e+02 8.899521531100478000e-02
2.515250644092749326e+02 1.878875107348791573e+02 9.115752668384247137e-02
2.514994417862838816e+02 1.892333517359833195e+02 5.834253465832413277e-02
2.515514476751318966e+02 1.898101705312231502e+02 7.029812292970187559e-02
2.515503097779413508e+02 1.900818887253097671e+02 6.136977058029689791e-02
2.513872561648877308e+02 1.896670837933995699e+02 4.964728254201938168e-02
2.512841675867991569e+02 1.882223101459943564e+02 4.579192737087473680e-02
2.514154306220095805e+02 1.889411115200588824e+02 6.174089068825910909e-02
2.511869402527297268e+02 1.880313427800269892e+02 4.215433689117899924e-02
2.513183045025150193e+02 1.838358391608391571e+02 5.968899521531100677e-02
2.512508066494908689e+02 1.778631793644951529e+02 8.696172248803828164e-02
2.511153048705680249e+02 1.768316770948349870e+02 7.212918660287080674e-02
2.512580971659918987e+02 1.774417893509998692e+02 7.066617592933382985e-02
2.512741228070175339e+02 1.776335971046497377e+02 8.505398110661269162e-02
2.513529934977303526e+02 1.781815942829100834e+02 8.959330143540669700e-02
2.512025978407557432e+02 1.794718684823947967e+02 4.859526438473806692e-02
2.513534965034965012e+02 1.803606121948227212e+02 6.354741749478591550e-02
2.513003036437247033e+02 1.801363452337136550e+02 6.892712550607286992e-02
2.512738191632928419e+02 1.801335418966997963e+02 6.963869463869463983e-02
2.513363912403385996e+02 1.803950711569132750e+02 8.528094712305238356e-02
2.514147466568519178e+02 1.808066586921850103e+02 9.562937062937063026e-02
2.514967396638449202e+02 1.814631057538952348e+02 1.116059379217273911e-01
2.515016838424733123e+02 1.823143080603607018e+02 1.091185130658814811e-01
2.513926266715740496e+02 1.821690712795976026e+02 1.053582382529750922e-01
2.513359526438473779e+02 1.820533830204882975e+02 9.033554165133111935e-02
2.513288400196294958e+02 1.820681266102318716e+02 9.678567046988099942e-02
2.511345571095571074e+02 1.809463900134952894e+02 7.277327935222671629e-02
2.512162556741504034e+02 1.813521439087228657e+02 7.163844927002821494e-02
2.514391117654275547e+02 1.831180898049319126e+02 9.933750460066249899e-02
2.514060514047356207e+02 1.834658201447675197e+02 8.851367930315298671e-02
2.514556588148693379e+02 1.843224481658692184e+02 7.834008097165992557e-02
2.515432431603484247e+02 1.854390197521776429e+02 9.520610967979388495e-02
2.514368543736964909e+02 1.853284474297632300e+02 7.869586553797079664e-02
2.514790792540792665e+02 1.859385106121948183e+02 6.492454913507544889e-02
2.514519353453563895e+02 1.859335388295914697e+02 6.688136424978530226e-02
2.515321893019261381e+02 1.876622561648877365e+02 6.341859894491473637e-02
2.512803827751196195e+02 1.864470617102196002e+02 5.329714145503618855e-02
2.512981536007851844e+02 1.815695006747638445e+02 8.261562998405103109e-02
2.510947705802969097e+02 1.800959054103790891e+02 6.551650104281683817e-02
2.511538001472212045e+02 1.758012360446570881e+02 8.869770580296895690e-02
2.510441847626058234e+02 1.748136486320696861e+02 7.589559563243773732e-02
2.512509508035823842e+02 1.759179701877070272e+02 9.838363390994969704e-02
2.513643847380689351e+02 1.769872715004293866e+02 1.199546067967120627e-01
2.512980125138019787e+02 1.822195282787388066e+02 6.492761624340571969e-02
2.513480983928352259e+02 1.829937246963562814e+02 8.371058765795608148e-02
2.513633572567783006e+02 1.832779444239970417e+02 7.549380444117285982e-02
2.512399521531100390e+02 1.827892896577106967e+02 6.036375904796957570e-02
2.510314501288185625e+02 1.815910931174089171e+02 5.279413568887253438e-02
2.510321954361428141e+02 1.813685007974481778e+02 5.624769966875230176e-02
2.510880106735369850e+02 1.811555852042694141e+02 5.591645196908354848e-02
2.510524230155808993e+02 1.801830235553919692e+02 5.933321064900012182e-02
2.509944638694638570e+02 1.783346399214820224e+02 7.238989081094343581e-02
2.509865906023800619e+02 1.779519445466813750e+02 7.127039627039627456e-02
2.510302447552447518e+02 1.774542847503373935e+02 6.532634032634032639e-02
2.511603269537480116e+02 1.730907526683842548e+02 9.612624217887376366e-02
2.510620752054962566e+02 1.725329499447920512e+02 9.434118513065881118e-02
2.510837565942829031e+02 1.725463348055453423e+02 8.994601889338731115e-02
2.512444393325972385e+02 1.733515274199484679e+02 9.538706907127959822e-02
2.513006502269660132e+02 1.789226628634523308e+02 8.152067231014599458e-02
2.513653018034596869e+02 1.802230063795853141e+02 1.032296650717703379e-01
2.511441878297141557e+02 1.791281008465219031e+02 7.569623359097042703e-02
2.510523279352226780e+02 1.762107716844558922e+02 7.937369647895964331e-02
2.512175346583241264e+02 1.675520856336645750e+02 1.052754263280579056e-01
2.512229082321187548e+02 1.593777542632805932e+02 1.420531223162802004e-01
2.510719574285363649e+02 1.533369678567046890e+02 1.455005520794994400e-01
2.512044810452705121e+02 1.545063243773770125e+02 1.587841982578824807e-01
2.512043000858790265e+02 1.615454760152128699e+02 1.243651085756348890e-01
2.511920991289412370e+02 1.672276131762973819e+02 1.254815360078518072e-01
2.512295669243037537e+02 1.721230769230769226e+02 1.221721261194945451e-01
2.512560422034106296e+02 1.767086369770580347e+02 1.137835848362164087e-01
2.510585449638081172e+02 1.754543000858790265e+02 8.833271991166727344e-02
2.511003557845663181e+02 1.754648816096184589e+02 1.022696601643970082e-01
2.513302539565697487e+02 1.773021868482394723e+02 9.782235308551097408e-02
2.511155962458593933e+02 1.759322107716844528e+02 8.182431603484234539e-02
2.510253343148079921e+02 1.752519598822230478e+02 8.271377745061955777e-02
2.511578303275671828e+02 1.736935130658814899e+02 6.924610477242056084e-02
2.512851122561648936e+02 1.743690896822475906e+02 9.133541896699791385e-02
2.513165531836584421e+02 1.797649337504600737e+02 8.584836216415163423e-02
2.512695834866887594e+02 1.797039320328794076e+02 7.805177278861488710e-02
2.511828886026254395e+02 1.792142651208440611e+02 7.221199852778800721e-02
2.514562384983437653e+02 1.805989510489510508e+02 8.641884431358115570e-02
2.513072782480677176e+02 1.800796313335787033e+02 7.875720770457612929e-02
2.514603974972395974e+02 1.811432002208318011e+02 9.950619555882714296e-02
2.515312538338854154e+02 1.833828947368421041e+02 1.049227088700772914e-01
2.513015366212734705e+02 1.823874892651208484e+02 8.521347073978652320e-02
2.511408446816341495e+02 1.809351705312231502e+02 6.650104281683229257e-02
2.511470586431112793e+02 1.804483222917433523e+02 7.031652557968347261e-02
2.513968930192614266e+02 1.830737670224512215e+02 7.802723592197276237e-02
2.512116703471966730e+02 1.806622254938044421e+02 8.637590479695743395e-02
2.512947767145135458e+02 1.753657311986259231e+02 9.668445589498221582e-02
2.510993068335173461e+02 1.739819623359097136e+02 8.451723714881609339e-02
2.511278554778554906e+02 1.742167893509998748e+02 9.210833026622500253e-02
2.511779689608636943e+02 1.744005980861244041e+02 1.022420561894246127e-01
2.511015887621150853e+02 1.736097227334069544e+02 9.059931296773401921e-02
2.509944055944056061e+02 1.716751380198748507e+02 8.657526683842473036e-02
2.510129002576371136e+02 1.712966691203533287e+02 9.323089191510243456e-02
2.512367378235799151e+02 1.723573518586676414e+02 1.159642988590356971e-01
2.510844436265489037e+02 1.709635566188197799e+02 9.358974358974359031e-02
2.510290271132376461e+02 1.697338148693411881e+02 9.470310391363022384e-02
2.511251840264998236e+02 1.700739725187093541e+02 1.108207581891792470e-01
2.512906054471843902e+02 1.749351245245982227e+02 9.109618451723715260e-02
2.514729327689854017e+02 1.772811587535271656e+02 1.046405349036927945e-01
2.514739725187093597e+02 1.786453257269046730e+02 1.172800883327199117e-01
2.514060145994356503e+02 1.789409244264507493e+02 1.176634768740031922e-01
2.513618359710465029e+02 1.788782511348300943e+02 9.558643111274690851e-02
2.511927094834989589e+02 1.778220586431112622e+02 7.822659796344007266e-02
2.512281560544718388e+02 1.689788768249294435e+02 1.086952521163047497e-01
2.511917617470249127e+02 1.578116642129799914e+02 1.543828978039504252e-01
2.510612777573304015e+02 1.573369647895963794e+02 1.335572322414427804e-01
2.510554594528278756e+02 1.573058551098024793e+02 1.287970801128695830e-01
2.512430806036069271e+02 1.633601582627898381e+02 1.420929947245736791e-01
2.513740123911176454e+02 1.656916145258250594e+02 1.630842841369157248e-01
2.513397650595019002e+02 1.668460403631456188e+02 1.558459084774874159e-01
2.513857164765059622e+02 1.683238099619678678e+02 1.162495399337504648e-01
2.514450987608882429e+02 1.705002729726413975e+02 1.377407680039259008e-01
2.514083271991166839e+02 1.725974144276775917e+02 1.394368789105631112e-01
2.511493375046006520e+02 1.679110477242056163e+02 1.221077168445589556e-01
2.511731536007851844e+02 1.548127070298122874e+02 1.707305852042694250e-01
2.512359986504723395e+02 1.556180100601153242e+02 1.775395656974604330e-01
2.512953748006379726e+02 1.580818887253097671e+02 1.689240583977426047e-01
2.513442430376640857e+02 1.619182891669733806e+02 1.494479205005520839e-01
2.512792540792540876e+02 1.715967151269782960e+02 1.104772420561894314e-01
2.513738958410011151e+02 1.803797570850202305e+02 9.456508403876824620e-02
2.514749693289166999e+02 1.869733008219850205e+02 7.728192859771806922e-02
2.514020058888479809e+02 1.922005060728745036e+02 6.657465341675868065e-02
2.514475156422524833e+02 1.934326708379339834e+02 7.582505214084162004e-02
2.512996718194086725e+02 1.905223990921359416e+02 5.349650349650349884e-02
2.511983805668016316e+02 1.883102778800147235e+02 5.038032143295301246e-02
2.513302999631947046e+02 1.831370261317629797e+02 7.879401300453932333e-02
2.512118237026131737e+02 1.803158170776591760e+02 7.814992025518341379e-02
2.512932308919151012e+02 1.723163967611336034e+02 9.370322659796344322e-02
2.511696080235553836e+02 1.595453655993129587e+02 1.402189915347810123e-01
2.513132713777450533e+02 1.623039903079376813e+02 1.470494417862839021e-01
2.511546834744203238e+02 1.562108054226475247e+02 1.430223285486443285e-01
2.510931971537234801e+02 1.516491504109925188e+02 1.665041099251625689e-01
2.511595816464237600e+02 1.574272451232977517e+02 1.105385842227947502e-01
2.511007330388909224e+02 1.554737547540179037e+02 1.260152128573181207e-01
2.512012513801987552e+02 1.632311863575021391e+02 1.277573303889093237e-01
2.515045607900871119e+02 1.650523248681143400e+02 1.655257023678076422e-01
2.513759998773156781e+02 1.687678229665071683e+02 1.404275549012391211e-01
2.513716997914366402e+02 1.763530671083302650e+02 1.176972150656361155e-01
2.514788921604711049e+02 1.813643602012023166e+02 1.147619923935713354e-01
2.513840357011409594e+02 1.826491964176174747e+02 1.084008097165991835e-01
2.511929303152987245e+02 1.808870936081462446e+02 7.554594528278739396e-02
2.512191203533308794e+02 1.715892712550607371e+02 1.018494663231505337e-01
2.510596552570236781e+02 1.703897159857686177e+02 9.560176665439823473e-02
2.512328794013004654e+02 1.665299595141700308e+02 1.304870568028462796e-01
2.513069255306097318e+02 1.672377653048705781e+02 1.339099496994233807e-01
2.512754355293828894e+02 1.717907219973009489e+02 1.168200220831799724e-01
2.513690068703226643e+02 1.752617776959882292e+02 1.127867746288798989e-01
2.513814654643601898e+02 1.792499693289167055e+02 9.385044779781621938e-02
2.513711047724205514e+02 1.801095939148570721e+02 1.002576370997423638e-01
2.514049411115200598e+02 1.807627070298123044e+02 8.122929701877069919e-02
2.512785425101214685e+02 1.765675591951907677e+02 8.779597595387068909e-02
2.512019568151146984e+02 1.764092227947490983e+02 8.834192123665807195e-02
2.512120660041712767e+02 1.762310084652189914e+02 8.163722242669610440e-02
2.512034873021715100e+02 1.715583179977916757e+02 8.814562630352104633e-02
2.514002238989081093e+02 1.733420316525579778e+02 1.273647405226352725e-01
2.514332597227333963e+02 1.753351306588148759e+02 1.189209912894123450e-01
2.514354864433811940e+02 1.770889308060360747e+02 1.222119985277879961e-01
2.514218684823947854e+02 1.778750337381916324e+02 1.175990675990676027e-01
2.514335510980247932e+02 1.786617930315298679e+02 9.378910563121090060e-02
2.514513525947736525e+02 1.790620445344129621e+02 1.022297877561035434e-01
2.514541037909459078e+02 1.798622009569378122e+02 1.086615139246718126e-01
2.512877039627039721e+02 1.791287664090295664e+02 8.833271991166727344e-02
2.511540823211875875e+02 1.783628511839038140e+02 7.093301435406698663e-02
2.512081278370752102e+02 1.731409029566924289e+02 9.272788614893878734e-02
2.510415807876334213e+02 1.719712857318120598e+02 8.010060115323272556e-02
2.510627775733038902e+02 1.693749202551834117e+02 1.035547785547785565e-01
2.511949914120966696e+02 1.739509170653907404e+02 1.058121702858544899e-01
2.513062200956937886e+02 1.799294841123788444e+02 8.709974236290025928e-02
2.512958410011041508e+02 1.802363268310636784e+02 9.581339712918660045e-02
2.513303551711446460e+02 1.809339498221077065e+02 7.746288798920378249e-02
2.512256962335909805e+02 1.796672248803827756e+02 6.274076800392590358e-02
2.511687553674395872e+02 1.703323702613176351e+02 1.071218255428781768e-01
2.511104066985645886e+02 1.675453809348546201e+02 1.133388541283278095e-01
2.511164673046251892e+02 1.601003987240829360e+02 1.277634646055698653e-01
2.510026775855723145e+02 1.571990369279843094e+02 1.296650717703349276e-01
2.511460311618206447e+02 1.665829990185253280e+02 1.239479818427186852e-01
2.512960096920623130e+02 1.740278616120721438e+02 1.212826647037173328e-01
2.513468470126364878e+02 1.798590694393325862e+02 1.109710464973622801e-01
2.513863329652803316e+02 1.821151699178014951e+02 1.032204637467795394e-01
2.513518678689731303e+02 1.823948840633051134e+02 9.665378481167954949e-02
2.511891547049441726e+02 1.800145595632437789e+02 7.906391853760275090e-02
2.510567077659183042e+02 1.779251993620414680e+02 7.409827015090172941e-02
2.513207949944792006e+02 1.796852870813397089e+02 9.723960250276039718e-02
2.514186357502146905e+02 1.823595295055821452e+02 9.073119862593546914e-02
2.513848300821985049e+02 1.867632253711201145e+02 7.756716967243283689e-02
2.514615537970801142e+02 1.878127499693289053e+02 8.221077168445589667e-02
2.513616764814133262e+02 1.872966721874616667e+02 5.663415531836584610e-02
2.513766194331983854e+02 1.875619402527297268e+02 5.690406085142927367e-02
2.512773770089559662e+02 1.830355109802478353e+02 6.205066862961600149e-02
2.513031529873635179e+02 1.783677462887989122e+02 7.963746779536252929e-02
2.514382192369034499e+02 1.795148172003435150e+02 1.034351613298981759e-01
2.514020887007729073e+02 1.800857502146975833e+02 1.014108698319224622e-01
2.512165838547417422e+02 1.794572751809593854e+02 5.370506686296160070e-02
2.512886823702613128e+02 1.797216200466200462e+02 6.781989939884676410e-02
2.514051036682615745e+02 1.803877714390872313e+02 9.650963072015703026e-02
2.511804870568028605e+02 1.794091951907741418e+02 6.858667648141332507e-02
2.512172586185744194e+02 1.740419764446080251e+02 9.483498957183167377e-02
2.510260244141823023e+02 1.725770365599312868e+02 8.701693043798307270e-02
2.509684333210649072e+02 1.721195957551220772e+02 7.604281683229051347e-02
2.510315574776101073e+02 1.722274199484725727e+02 7.918046865415286073e-02
2.512140074837443251e+02 1.730579162066004244e+02 9.867500920132499242e-02
2.513438780517727764e+02 1.741168782971414544e+02 1.099435652067231040e-01
2.513724880382775098e+02 1.752366611458716648e+02 1.354005643479327670e-01
2.511245276653171459e+02 1.737764568764568764e+02 9.402527297264139106e-02
2.512311894246104771e+02 1.743566004171267423e+02 1.093608146239725132e-01
2.510609373083057392e+02 1.730531039136302240e+02 9.521224389645442654e-02
2.512540179119126549e+02 1.739708900748374560e+02 1.151668506931664837e-01
2.513595969819654101e+02 1.745570696847012755e+02 1.276775855723224218e-01
2.514533952889215982e+02 1.755160471107839442e+02 1.437216292479450430e-01
2.514590633051159330e+02 1.761559685928106944e+02 1.364219114219114293e-01
2.514604158998895969e+02 1.767166973377499630e+02 1.402465955097534078e-01
2.514374217887375664e+02 1.778811280824438654e+02 1.007882468408784205e-01
2.515178996442154471e+02 1.792479051650104225e+02 1.262973868237026176e-01
2.515117746288798912e+02 1.802176205373573907e+02 1.268463992148202713e-01
2.514714697583118550e+02 1.814416973377499573e+02 1.236872776346460562e-01
2.514364679180468727e+02 1.835768279965648446e+02 1.176849466323150600e-01
2.514323457244509825e+02 1.841606490001226746e+02 1.146914489019752181e-01
2.514960495644706100e+02 1.848956968470126299e+02 1.099067599067599099e-01
2.514997883695252199e+02 1.862990399950926133e+02 1.141363022941970368e-01
2.513997208931419323e+02 1.887819101950680931e+02 8.752607042080726152e-02
2.514596460556986983e+02 1.893137069071279655e+02 8.790332474543001429e-02
2.514182799656483951e+02 1.892714544227702049e+02 6.273770089559563279e-02
2.512651484480431918e+02 1.864130106735370020e+02 6.063059747270273248e-02
2.511233284259600111e+02 1.857536314562630366e+02 6.039749723960250588e-02
2.512305146607778283e+02 1.821245368666421314e+02 7.594160225739172987e-02
2.510651944546681307e+02 1.811155870445344078e+02 6.321003557845662757e-02
2.510458655379707977e+02 1.808232210771684549e+02 6.483867010182799151e-02
2.512059103177524264e+02 1.813728775610354660e+02 6.966936572199730615e-02
2.514348975585817811e+02 1.828485308551098001e+02 7.686173475647159470e-02
2.514802754263280633e+02 1.837809379217274000e+02 1.045270518954729416e-01
2.513850233100233140e+02 1.879635688872531034e+02 6.215495031284504895e-02
2.512329100723837598e+02 1.865693902588639332e+02 5.283094098883572842e-02
2.513793246227456848e+02 1.877860599926389398e+02 6.286651944546681192e-02
2.513296374677953509e+02 1.875455434915961348e+02 5.726904674273095019e-02
2.512557999018525265e+02 1.836980585204269403e+02 5.806342780026990669e-02
2.512886516991780184e+02 1.840335480309164495e+02 7.315053367684946906e-02
2.513172555514660758e+02 1.843869586553797149e+02 6.280211017053122236e-02
2.512869187829714122e+02 1.844033922218132773e+02 5.932400932400932331e-02
2.512191356888725409e+02 1.840538553551711516e+02 5.856643356643356779e-02
2.510493743099006281e+02 1.831660747147589348e+02 4.785302416881364457e-02
2.512428168322905151e+02 1.839118605079131328e+02 6.198319224635014113e-02
2.511377377008955989e+02 1.832464912280701697e+02 5.894982210771684134e-02
2.513091798552324860e+02 1.789980799901852606e+02 6.829223408170777276e-02
2.511304103790945987e+02 1.782169181695497571e+02 6.378358483621641983e-02
2.511353821616979474e+02 1.754846061832903956e+02 6.127162311372837816e-02
2.511795331861121383e+02 1.671001656238498470e+02 1.177861612072138436e-01
2.512017145135566238e+02 1.557497239602502646e+02 1.578057907005275540e-01
2.510665562507667801e+02 1.406958778064041269e+02 1.938964544227702036e-01
2.509041804686541468e+02 1.393480707888602694e+02 1.920347196662986200e-01
2.510613851061219464e+02 1.430659428291007202e+02 1.894828855355171204e-01
2.510846797938903308e+02 1.507421758066494988e+02 1.863728376886271687e-01
2.512704514783462173e+02 1.634843332106489981e+02 1.530793767635872937e-01
2.511613881732302787e+02 1.696216353821616849e+02 8.558459084774874825e-02
2.512522972641393721e+02 1.744583578701999613e+02 1.072598454177401545e-01
2.514028248067721734e+02 1.776291007238375528e+02 1.053766409029566892e-01
2.511805391976444639e+02 1.765928383020488184e+02 8.848914243651086198e-02
2.510442553060973978e+02 1.743747055576002936e+02 7.916820022083180530e-02
2.509992332229174394e+02 1.717392436510857578e+02 9.678260336155072863e-02
2.509935713409397522e+02 1.697492914979757188e+02 1.055882713777450688e-01
2.509935897435897516e+02 1.670604343025395622e+02 1.166329284750337314e-01
2.509536651944546577e+02 1.666406238498343839e+02 1.172310145994356484e-01
2.509139829468776952e+02 1.654663384860753297e+02 1.164949086001717538e-01
2.512676174702490357e+02 1.687016194331983741e+02 1.491381425591951915e-01
2.511806741504109937e+02 1.681167494785915721e+02 1.287970801128695830e-01
2.512954269414795760e+02 1.686620169304379715e+02 1.324806772175193270e-01
2.513129002576370965e+02 1.692338148693411881e+02 1.364433811802232832e-01
2.513647558581769204e+02 1.716938013740645204e+02 1.370752054962581234e-01
2.514361182676972248e+02 1.761439792663476851e+02 1.190222058643111286e-01
2.514950895595632403e+02 1.775595969819653988e+02 1.289688381793644978e-01
2.514121978898294572e+02 1.800311372837688566e+02 1.179241810820758213e-01
2.513626303521040484e+02 1.835849895718316702e+02 8.803214329530119342e-02
2.515126947613789810e+02 1.853999785302416967e+02 9.723040117776959868e-02
2.515581677094835129e+02 1.861894399460188936e+02 1.066525579683474390e-01
2.512514108698319149e+02 1.838626303521040484e+02 8.528401423138265436e-02
2.511652496626180948e+02 1.837444362654889005e+02 7.765611581401055119e-02
2.512414182308919237e+02 1.753118022328548591e+02 9.493313703840020046e-02
2.511061832903938296e+02 1.744659274935590645e+02 9.004723346828609476e-02
2.510251656238498299e+02 1.733887835848362045e+02 8.249294565084039355e-02
2.512013188565820201e+02 1.740948625935467931e+02 8.995522021837810966e-02
2.512194025272972624e+02 1.741565022696601659e+02 9.662924794503742476e-02
2.512055054594528372e+02 1.742865783339467498e+02 9.929456508403876336e-02
2.513007177033492781e+02 1.748664335664335567e+02 1.120445344129554627e-01
2.512435560053981192e+02 1.749781468531468533e+02 1.082229174334437549e-01
2.512005428781744456e+02 1.743793890320206117e+02 8.579622132253711397e-02
2.511025855723224254e+02 1.740632928475033623e+02 8.632683106367317061e-02
2.510258158508158601e+02 1.727746135443503874e+02 8.523494049809839102e-02
2.509445988222304038e+02 1.714437921727395349e+02 8.771929824561403022e-02
2.510315298736351508e+02 1.694997791682002344e+02 1.016899766899766883e-01
2.510773647405226257e+02 1.696331155686418981e+02 9.556496135443504070e-02
2.513262115077904468e+02 1.716089804931910123e+02 1.044994479205005461e-01
2.514058091031775177e+02 1.723430407311986130e+02 1.181419457735247147e-01
2.514293460925039767e+02 1.731863390994969905e+02 1.262943197153723607e-01
2.514586921850079761e+02 1.750445957551220602e+02 1.340234327076432475e-01
2.513907403999509143e+02 1.768619433198380477e+02 1.316494908600171765e-01
2.514364924549135196e+02 1.786975616488774392e+02 1.318580542264752853e-01
2.514201294319715316e+02 1.790004447307078976e+02 1.342381302907618701e-01
2.514268801374064424e+02 1.792081002331002253e+02 1.087167218746166175e-01
2.512421482026745139e+02 1.759148110661268447e+02 1.017237148816096254e-01
2.511321801006011469e+02 1.753322261072261199e+02 8.985400564347932606e-02
2.512352625444730734e+02 1.758013464605569993e+02 1.010550852656115772e-01
2.513696325604220476e+02 1.772233959023432703e+02 9.765979634400687170e-02
2.512242056189424488e+02 1.766754109925162481e+02 8.706293706293706525e-02
2.511853238866396794e+02 1.727996963562752910e+02 1.102288062814378578e-01
2.511183965157649425e+02 1.722086093730830498e+02 1.015672923567660368e-01
2.512092503987240946e+02 1.672982609495767292e+02 1.051895472948104482e-01
2.510931848852901567e+02 1.667544534412955386e+02 1.020058888479941084e-01
2.512862624217887344e+02 1.680674978530241788e+02 1.119985277880014701e-01
2.513821402281928670e+02 1.702152895350263861e+02 1.405257023678076200e-01
2.513406391853760340e+02 1.725807845663108822e+02 1.206232364127100970e-01
2.513756839651576627e+02 1.750751502883081798e+02 1.081462397251870960e-01
2.514830634278002606e+02 1.779160287081339789e+02 1.004017911912648692e-01
2.514526223776223901e+02 1.797621334805545246e+02 1.046804073119862594e-01
2.512273616734142934e+02 1.820396086369770501e+02 4.591767881241565208e-02
2.512357594160225744e+02 1.773639308060360804e+02 7.870813397129186595e-02
2.511169457735247192e+02 1.769990338608759544e+02 7.495399337504600468e-02
2.510052171512697896e+02 1.760916758679916541e+02 6.199546067967120350e-02
2.513619157158630912e+02 1.784440191387559764e+02 8.544043675622622902e-02
2.515779536253220385e+02 1.802279842964053387e+02 1.157035946509630681e-01
2.515521745798061488e+02 1.815207581891792472e+02 1.283738191632928516e-01
2.513288154827628489e+02 1.798382959146117059e+02 9.041221935958777822e-02
2.512471107839528770e+02 1.717102104036314643e+02 9.416022573917311178e-02
2.510973653539442978e+02 1.685661053858422349e+02 1.175377254324622700e-01
2.512467181940866112e+02 1.698543798306956205e+02 1.291405962458594125e-01
2.512255674150410982e+02 1.702230830572935929e+02 1.162924794503741865e-01
2.512892283155441078e+02 1.735550423260949628e+02 1.098086124401913832e-01
2.513095111029321629e+02 1.789251901607164825e+02 9.897251870936081553e-02
2.514232548153600817e+02 1.801012789841737174e+02 1.153048705680284614e-01
2.513259569377990488e+02 1.804512176420071228e+02 1.036805299963194649e-01
2.512687246963562870e+02 1.774218930192614323e+02 6.970003680529995860e-02
2.512502238989081036e+02 1.711728806281437869e+02 1.079254079254079318e-01
2.511421880750827995e+02 1.708291313949208643e+02 8.774996932891669654e-02
2.511295515887621264e+02 1.706714206845785782e+02 8.100846521899153496e-02
2.511337473929579289e+02 1.706369218500797444e+02 8.070482149429518415e-02
2.512286651944546634e+02 1.711534781008465131e+02 1.027941356888725372e-01
2.513912342043921058e+02 1.723348178137651701e+02 1.256226229910440417e-01
2.514291068580542401e+02 1.730693779904306098e+02 1.353760274812906284e-01
2.513880290761869674e+02 1.733313397129186626e+02 1.077383143172616908e-01
2.512565452091767781e+02 1.729233989694515969e+02 9.461722488038278034e-02
2.511609127714390866e+02 1.723395319592688111e+02 8.910563121089436212e-02
2.511329131394920751e+02 1.723238529014844858e+02 9.344865660655134187e-02
2.512364188443135902e+02 1.727454729481045206e+02 1.091123788492209534e-01
2.513209974236289952e+02 1.733023862102809574e+02 9.890504232609495516e-02
2.515064255919519098e+02 1.744807446939025795e+02 1.247423629002576417e-01
2.514764354066985561e+02 1.751964850938535108e+02 1.246442154336891150e-01
2.514132345724451056e+02 1.780694086615139327e+02 8.629922708870077508e-02
2.514185376027481311e+02 1.807694976076554951e+02 8.753220463746778923e-02
2.514111458716721756e+02 1.815992730953257137e+02 8.260949576739050337e-02
2.514615599312967618e+02 1.822460925039872279e+02 9.594528278738805038e-02
2.512276530487056903e+02 1.814289044289044170e+02 8.097165991902834092e-02
2.512740921359342394e+02 1.815516255674150443e+02 8.518893387314439847e-02
2.514349987731566785e+02 1.831271132376395485e+02 7.518095939148571050e-02
2.515368145012881769e+02 1.848157005275426457e+02 9.658324132008343221e-02
2.513509262667157316e+02 1.842311035455772412e+02 8.154827628511839011e-02
2.511824070666175999e+02 1.830521531100478398e+02 6.202306465464359903e-02
2.510972733406943860e+02 1.823287326708379226e+02 6.508710587657956514e-02
2.511777665317138997e+02 1.799001104158998885e+02 7.053429027113237992e-02
2.511454760152128642e+02 1.799893847380689351e+02 7.083793399582873074e-02
2.511376671574039960e+02 1.797851398601398500e+02 6.707152496626181404e-02
2.511285394430131248e+02 1.791739786529260243e+02 6.193718562139614858e-02
2.510839436878910647e+02 1.791449239357134218e+02 7.195129431971537814e-02
2.511731198625935519e+02 1.793668905655747778e+02 7.067844436265488528e-02
2.510618359710464915e+02 1.790425745307324235e+02 6.167341430499325566e-02
2.511376702245123340e+02 1.759036682615629843e+02 7.296344006870322807e-02
2.510692890442890359e+02 1.750552754263280519e+02 6.804993252361674072e-02
2.513054717212611990e+02 1.768401484480431805e+02 9.345172371488161267e-02
2.512758434547908166e+02 1.768474144276775917e+02 9.763219236903447618e-02
2.512239142436510804e+02 1.765573886639676005e+02 8.269230769230768996e-02
2.513292939516623790e+02 1.805017789228315621e+02 6.925837320574163014e-02
2.512963593424119608e+02 1.804685866764814079e+02 7.116611458716722016e-02
2.512364096429885763e+02 1.800587381916329264e+02 5.930867378235799015e-02
2.511499079867500939e+02 1.800207121825542913e+02 6.450742240215924517e-02
2.513519046742731007e+02 1.806509937430990078e+02 8.655686418844313335e-02
2.512362225493804431e+02 1.813722610722610682e+02 4.278002699055330482e-02
2.513310912771439121e+02 1.820152281928597802e+02 5.420193841246472716e-02
2.514659765672923584e+02 1.826808428413691558e+02 8.110967979389031857e-02
2.515477579438105806e+02 1.832600815850815934e+02 9.344252238989081416e-02
2.516744908600171868e+02 1.841678137651821885e+02 1.194239970555760061e-01
2.515952582505213968e+02 1.842282388663967652e+02 1.095233713654766294e-01
2.513089130168077645e+02 1.822485032511348209e+02 7.080419580419580750e-02
2.511345295055821509e+02 1.793209636854373628e+02 7.290209790209789542e-02
2.511669580419580541e+02 1.762474757698441863e+02 8.379033247454299727e-02
2.511654060851429335e+02 1.762185253343148190e+02 8.489142436510857537e-02
2.513138295914611717e+02 1.770546804073119915e+02 9.632867132867133086e-02
2.513020426941479570e+02 1.773929977916820064e+02 1.001012145748987892e-01
2.514035762483131009e+02 1.785016255674150329e+02 1.123420439209912858e-01
2.514107839528892043e+02 1.795349036927984230e+02 1.170561894246104767e-01
2.513701907741381376e+02 1.798083364004416751e+02 1.071678321678321694e-01
2.513848760888234608e+02 1.801456416390626885e+02 1.128849220954484117e-01
2.513771469758311810e+02 1.803807109557109527e+02 8.938780517727885899e-02
2.514540332474543050e+02 1.808226383265856896e+02 1.060391363022941957e-01
2.514648018648018706e+02 1.825752913752913855e+02 1.211599803705066813e-01
2.514577076432339595e+02 1.831669273708747312e+02 1.182738314317261646e-01
2.514561924917188094e+02 1.837296067967120621e+02 8.210955710955711306e-02
2.513754201938412507e+02 1.838501410869832000e+02 8.993375046006625573e-02
2.513750950803582498e+02 1.837855293828978063e+02 8.781131149552201531e-02
2.512516317016317089e+02 1.828568028462765369e+02 6.305361305361305291e-02
2.510412863452337149e+02 1.816426389400073731e+02 6.013679303152987682e-02
2.511841553183658391e+02 1.821687737700895582e+02 7.949638081217028085e-02
2.513655962458593933e+02 1.836801159366948752e+02 8.208195313458471754e-02
2.515481996074101403e+02 1.857273432707643224e+02 9.473684210526316096e-02
2.515159704330756938e+02 1.860705526929211260e+02 8.933259722733406794e-02
2.514936173475647081e+02 1.863491994847258013e+02 7.619617224880383122e-02
2.515093516132989748e+02 1.867366182063550468e+02 7.211691816954975132e-02
2.512954330756962236e+02 1.855069224635014109e+02 6.906821248926511836e-02
2.514426849466323119e+02 1.888907465341675902e+02 5.998037050668629522e-02
2.514709882223040154e+02 1.893745522021837928e+02 7.081953134584713372e-02
2.514961783830204922e+02 1.900164519690835618e+02 7.342043920991289663e-02
2.514946847012636510e+02 1.902780763096552619e+02 5.784566310882100632e-02
2.513972027972027945e+02 1.896710280947123124e+02 4.966875230033124949e-02
2.513824285363758975e+02 1.897095663108821100e+02 5.266838424733161911e-02
2.513235001840264999e+02 1.895506563611826891e+02 4.104711078395288648e-02
2.513363022941970257e+02 1.896111090663722223e+02 4.197337749969328596e-02
2.512948441908968107e+02 1.857132069684701321e+02 5.687032265979634349e-02
2.512239909213593307e+02 1.818850171758066381e+02 6.976751318856581896e-02
2.511944331983805796e+02 1.792597656729235780e+02 7.334069439332596696e-02
2.510781131149552152e+02 1.780965157649368109e+02 6.251380198748619776e-02
2.511121212121212238e+02 1.781232486811434228e+02 7.520549625812783523e-02
2.512872224266961041e+02 1.790780303030302889e+02 7.973254815360078518e-02
2.513472825420193715e+02 1.793819163292847634e+02 9.540547172126119524e-02
2.513283860875966127e+02 1.830417525456999215e+02 7.009262667157403759e-02
2.514508465218991660e+02 1.839512452459820793e+02 9.704944178628388540e-02
2.514752146975831124e+02 1.849553060974113521e+02 1.040669856459330161e-01
2.514576861734756505e+02 1.853553919764446221e+02 7.537725432462274999e-02
2.513519261440314096e+02 1.851310575389522626e+02 6.978591583854741598e-02
2.514545301190038060e+02 1.857236412710096829e+02 6.866948840633051165e-02
2.515198963317384369e+02 1.864216875230032997e+02 8.745552692921114424e-02
2.514971690590111564e+02 1.866408293460925165e+02 8.214022819285976551e-02
2.514968194086615085e+02 1.871271715126978279e+02 6.900073610599925800e-02
2.515047478836952450e+02 1.892169580419580370e+02 6.036989326463010341e-02
2.515045025150288325e+02 1.916647987976935212e+02 7.248497116918169170e-02
2.514773187338976754e+02 1.919103545577229681e+02 6.999754631333578170e-02
2.514791283278125320e+02 1.922028493436388032e+02 5.537050668629615868e-02
2.512799043062200894e+02 1.921085173598331437e+02 2.781560544718439387e-02
2.514160195068089934e+02 1.948299840510366892e+02 3.658446816341553304e-02
2.513373849834376017e+02 2.040512851183903820e+02 3.556005398110661381e-02
2.515253435161329776e+02 2.147930100601153356e+02 5.592565329407434699e-02
2.516034290271132363e+02 2.160541682002208290e+02 5.257943810575389787e-02
2.515487271500429358e+02 2.159869831922463561e+02 4.342105263157895051e-02
2.514171512697828348e+02 2.120543000858790208e+02 2.585879033247454398e-02
2.514244816586921729e+02 2.059909949699423350e+02 3.009753404490246587e-02
2.514006072874493896e+02 1.967999785302416740e+02 4.560176665439823196e-02
2.514325420193841296e+02 1.908601490614648526e+02 4.751870936081462743e-02
2.513824776101091913e+02 1.847128910563121167e+02 6.665133112501533952e-02
2.512563857195436015e+02 1.784260244141823080e+02 8.017114464482885672e-02
2.512522788614894012e+02 1.731625076677708250e+02 9.907066617592932833e-02
2.512346920623236315e+02 1.643877131640289520e+02 1.173813029076186953e-01
2.511050392589866362e+02 1.626624095203042657e+02 1.146791804686541488e-01
2.512365967365967379e+02 1.738107410133725921e+02 8.315237394184762931e-02
2.513896515764936908e+02 1.778234572445098820e+02 9.345785793154214038e-02
2.513400932400932390e+02 1.778573855968592738e+02 9.482272113851061834e-02
2.513519568151147041e+02 1.783384554042448826e+02 7.764384738068948189e-02
2.513820788860262496e+02 1.785591369157158681e+02 7.342657342657342434e-02
2.513756563611826778e+02 1.786245460679671169e+02 7.323641271009692644e-02
2.514286406575880335e+02 1.794198564593301342e+02 7.855477855477854821e-02
2.514601920009814648e+02 1.824899705557600385e+02 8.696785670469880936e-02
2.514628235799288518e+02 1.844002300331247568e+02 9.935284014231382521e-02
2.514906729235676721e+02 1.849777143908722792e+02 8.533922218132744542e-02
2.514524352840142285e+02 1.852529996319470058e+02 6.451662372715004368e-02
2.512275671696724260e+02 1.842034658324132010e+02 4.710464973622868062e-02
2.510538492209544756e+02 1.836064501288185511e+02 4.470310391363022801e-02
2.510682676972150773e+02 1.832887191755612832e+02 4.539320328794013010e-02
2.510101766654398148e+02 1.825897282542019298e+02 3.998282419335050936e-02
2.510757361059992547e+02 1.828940038032143320e+02 5.455465587044534131e-02
2.513384615384615302e+02 1.838425407925408024e+02 7.883081830450251737e-02
2.514308581769108173e+02 1.842304502515028730e+02 8.766409029566923916e-02
2.511822230401177762e+02 1.825423475647159819e+02 5.930560667402772629e-02
2.511810790087105829e+02 1.754572230401177819e+02 9.378603852288062981e-02
2.511607716844558809e+02 1.682391148325358756e+02 1.377100969206232484e-01
2.512121610845294981e+02 1.622219451601030471e+02 1.457643233959023399e-01
2.511923966384492815e+02 1.543313182431603536e+02 1.430683351735983211e-01
2.510659152251257638e+02 1.541950190160716545e+02 1.358943687891056296e-01
2.512317967120598610e+02 1.552446877683719890e+02 1.481106612685560153e-01
2.512891976444608133e+02 1.562067875107348698e+02 1.500828119249171810e-01
2.513147343884186000e+02 1.655274352840142456e+02 1.196294933137038441e-01
2.513085787019997497e+02 1.717442092994724590e+02 1.102073365231259899e-01
2.513200067476383310e+02 1.794409704330757052e+02 9.841430499325236336e-02
2.514661176542755356e+02 1.858047754876702129e+02 8.044718439455281200e-02
2.513751012145748973e+02 1.898217243283032758e+02 6.431112746902220567e-02
2.514006594282910214e+02 1.933005919519077338e+02 5.769844190896822322e-02
2.514694454668138803e+02 1.954720433075696349e+02 5.373267083793399623e-02
2.514435621396147837e+02 1.962310759416022563e+02 5.525702367807631271e-02
2.514661513924671681e+02 1.922892375168690933e+02 4.338731443994602033e-02
2.513618942461047823e+02 1.888615660655134434e+02 6.628021101705312834e-02
2.512067691080848988e+02 1.858183535762483132e+02 6.111213348055453271e-02
2.511822230401177762e+02 1.835561035455772299e+02 5.996503496503496206e-02
2.511524383511225551e+02 1.835825941602257387e+02 6.146791804686541766e-02
2.512202214452214548e+02 1.837550055207949811e+02 4.980370506686296328e-02
2.513806772175193203e+02 1.848880260090786294e+02 6.128082443871917667e-02
2.514981812047601579e+02 1.865328579315421393e+02 8.015580910317753049e-02
2.515778094712305233e+02 1.877550852656115694e+02 8.494049809839283871e-02
2.514602656115814057e+02 1.904764660777818790e+02 5.278493436388172894e-02
2.514783523494049859e+02 1.931878174457121702e+02 6.182676972150656647e-02
2.512705649613544381e+02 1.939502453686664296e+02 2.289903079376763573e-02
2.513136332965280246e+02 1.941376671574039960e+02 2.833394675499938814e-02
2.512833057293583749e+02 1.940219942338363524e+02 2.823579928843086839e-02
2.511953717335296403e+02 1.937666022573917246e+02 2.921113973745552775e-02
2.514585388295914470e+02 1.951317997791682046e+02 4.367868973132130878e-02
2.515024659550975343e+02 1.989233468286099935e+02 5.307630965525702432e-02
2.514930039258986767e+02 2.016338547417494738e+02 5.509446693657219646e-02
2.513130689485952587e+02 2.003029658937553563e+02 3.877131640289534914e-02
2.513705649613544324e+02 1.967578119249171777e+02 4.038461538461538686e-02
2.513006900993743216e+02 1.965671758066494874e+02 4.285670469880996369e-02
2.512853852288062910e+02 1.960104680407312117e+02 2.817752423015581001e-02
2.512902159244264624e+02 1.961049073733284160e+02 3.412464728254201857e-02
2.514682953011900395e+02 2.003291589988958492e+02 2.325788246840878454e-02
2.515418292234081719e+02 2.030608514292724749e+02 2.626671574039994919e-02
2.514053429027113111e+02 2.016934854619065050e+02 2.220586431112746978e-02
2.512566096184517335e+02 2.007740798675009160e+02 2.465955097534044960e-02
2.513421390013495227e+02 1.962498466445834993e+02 3.149920255183413093e-02
2.512842596000490687e+02 1.919452950558213615e+02 4.122193595877806510e-02
2.511806066740277288e+02 1.896738529014844801e+02 4.171267329162065690e-02
2.511388479941111598e+02 1.890937338976812612e+02 4.421236658078763621e-02
2.512065237394184862e+02 1.893030548398969586e+02 3.865169917801496852e-02
2.513735124524598348e+02 1.900067568396515867e+02 3.873757821126241896e-02
2.512265151515151445e+02 1.888030241688136357e+02 3.224450987608882407e-02
2.510989203778677563e+02 1.881188657833394586e+02 3.482701509017298303e-02
2.512534995706048448e+02 1.888257759784075631e+02 3.991534781008464899e-02
2.512980278493436401e+02 1.888614679180468556e+02 4.682860998650472534e-02
2.514327751196172187e+02 1.894701662372715134e+02 5.086799165746534040e-02
2.514481382652435286e+02 1.923827965893755447e+02 3.728070175438596284e-02
2.515311158140105476e+02 1.933267267819899473e+02 6.008465218991534962e-02
2.516032296650717797e+02 1.946447491105385836e+02 6.038522880628143658e-02
2.516070420807263019e+02 1.958226843332106455e+02 3.936020120230646763e-02
2.514033400809716738e+02 1.949468286099865111e+02 3.130904183535762608e-02
2.511433014354066984e+02 1.939445650840387714e+02 2.811924917188075163e-02
2.512737363513679441e+02 1.944150288308183008e+02 3.722242669611090793e-02
2.513051374064531842e+02 1.885311802232854745e+02 3.880812170285854318e-02
2.512985308551097887e+02 1.841255091399828245e+02 5.410072383756594355e-02
2.512544074346705827e+02 1.789265120844068235e+02 7.816525579683474001e-02
2.512218132744448553e+02 1.786400809716599269e+02 7.465648386701018158e-02
2.513427646914489060e+02 1.797934271868482483e+02 6.183903815482762883e-02
2.513967948717948673e+02 1.802577137774506184e+02 6.248313090418353838e-02
2.513656361182677017e+02 1.849671543368911841e+02 4.390872285609127845e-02
2.514706109679793826e+02 1.855268402649981567e+02 6.375598086124402430e-02
2.514357103422892976e+02 1.857153662127346365e+02 5.902649981597350021e-02
2.513785977180714042e+02 1.855526101091890609e+02 5.081585081585081320e-02
2.513925806649490937e+02 1.856026407802723668e+02 4.974236290025763757e-02
2.512139737455526927e+02 1.834625904796957343e+02 4.684087841982578770e-02
2.510875230033124694e+02 1.828039289657710640e+02 4.581339712918660462e-02
2.510850754508649345e+02 1.823220433075696292e+02 4.172187461661145541e-02
2.511046865415286504e+02 1.810282726045883805e+02 4.103177524230156026e-02
2.512257207704575990e+02 1.816463654766286311e+02 6.264262053735737690e-02
2.514045454545454561e+02 1.831995276653171345e+02 7.815912158017421230e-02
