2.513713081395348752e+02 1.556085646802325471e+02 4.525036337209302206e-01
2.522737972383720830e+02 1.924659883720930225e+02 6.837209302325580884e-01
2.522524200581395348e+02 1.928189062499999977e+02 6.561918604651162390e-01
2.523446656976744293e+02 1.932728960755814001e+02 6.390697674418605034e-01
2.521366787790697686e+02 1.933949527616279056e+02 3.951417151162790464e-01
2.518854360465116144e+02 1.926181322674418652e+02 2.345494186046511720e-01
2.513604033430232505e+02 1.889082049418604754e+02 5.430959302325581717e-02
2.512393677325581507e+02 1.877045058139534888e+02 2.899709302325581550e-02
2.511653161337209212e+02 1.870696765988372192e+02 2.492732558139534871e-02
2.511215406976744191e+02 1.864921584302325641e+02 2.179869186046511781e-02
2.512383175872093091e+02 1.869362681686046415e+02 2.606104651162790761e-02
2.514145348837209326e+02 1.887529433139534945e+02 3.538880813953488441e-02
2.514655087209302451e+02 1.891158684593023338e+02 3.608648255813953765e-02
2.514413263081395371e+02 1.891939970930232562e+02 3.236555232558139400e-02
2.514623219476744111e+02 1.897698437500000068e+02 3.681686046511627869e-02
2.514077143895348740e+02 1.896748582848837259e+02 3.204215116279069547e-02
2.513758757267441979e+02 1.895992696220930327e+02 2.892078488372093123e-02
2.511553234011628035e+02 1.885184084302325687e+02 2.167514534883720895e-02
2.510760029069767540e+02 1.880949963662790765e+02 1.816497093023255668e-02
2.511853670058139585e+02 1.884009520348837157e+02 2.332485465116278939e-02
2.513772638081395314e+02 1.891114280523255786e+02 3.167877906976743901e-02
2.514837027616279101e+02 1.912629033430232539e+02 3.020712209302325521e-02
2.513023001453488234e+02 1.905644077034883708e+02 2.344476744186046666e-02
2.512906976744185954e+02 1.873015116279069900e+02 2.441860465116279036e-02
2.512537209302325607e+02 1.871245385174418630e+02 2.537063953488372103e-02
2.511428379360465044e+02 1.863724345930232573e+02 1.710029069767441887e-02
2.510900145348837214e+02 1.861564062500000034e+02 1.659883720930232717e-02
2.510677289244186170e+02 1.853264898255814046e+02 1.666061046511627813e-02
2.512736809593023395e+02 1.808793531976744191e+02 3.623183139534883607e-02
2.513901453488372226e+02 1.815807449127906921e+02 7.018531976744185608e-02
2.512175545058139505e+02 1.803419077034883742e+02 3.991279069767442178e-02
2.513937609011627785e+02 1.820121765988372147e+02 4.200581395348837455e-02
2.514527434593023258e+02 1.833248800872092943e+02 4.433502906976743985e-02
2.514008357558139437e+02 1.836420893895348740e+02 4.173328488372093220e-02
2.514067768895348820e+02 1.838303124999999909e+02 4.462936046511627869e-02
2.512048800872092897e+02 1.824459665697674495e+02 3.855377906976744512e-02
2.514092514534883662e+02 1.836349309593023236e+02 4.209665697674418866e-02
2.513585247093023156e+02 1.870804614825581496e+02 4.356831395348836899e-02
2.514595239825581530e+02 1.896739389534883742e+02 3.538154069767442123e-02
2.513475981104651282e+02 1.893589462209302212e+02 2.715479651162790858e-02
2.513437754360465135e+02 1.894080595930232676e+02 2.485828488372093109e-02
2.512867187500000057e+02 1.892086046511628012e+02 2.456758720930232731e-02
2.513450145348837168e+02 1.894628597383720887e+02 3.352470930232558100e-02
2.513605559593023315e+02 1.929662754360465158e+02 2.478197674418604682e-02
2.513521765988372181e+02 1.929598255813953358e+02 3.106468023255814018e-02
2.512949127906976798e+02 1.925374236918604538e+02 2.183139534883720909e-02
2.512312318313953483e+02 1.922213590116278965e+02 1.746729651162790692e-02
2.512428343023255763e+02 1.922404324127907103e+02 1.860101744186046582e-02
2.514666279069767540e+02 1.935966424418604674e+02 2.365188953488371951e-02
2.515217950581395314e+02 1.937855268895348786e+02 2.701671511627906988e-02
2.514141896802325675e+02 1.969221547965116201e+02 2.031976744186046388e-02
2.515017042151162912e+02 1.986181504360465055e+02 3.699127906976744373e-02
2.514988372093023372e+02 1.999989425872093136e+02 2.357558139534883870e-02
2.515487136627907034e+02 2.004896911337209247e+02 2.038517441860464990e-02
2.514688662790697720e+02 2.002783611918604549e+02 1.832848837209302348e-02
2.512646838662790572e+02 1.988977216569767563e+02 2.096656976744186093e-02
2.512069440406976639e+02 1.983980886627906841e+02 1.594476744186046346e-02
2.513798292151162741e+02 1.950984811046511709e+02 1.837209302325581300e-02
2.514114498546511527e+02 1.951361809593023224e+02 2.510901162790697694e-02
2.514590479651162696e+02 1.956959702034883719e+02 2.090843023255813810e-02
2.512928670058139460e+02 1.964650654069767484e+02 1.241279069767441817e-02
2.514219622093023361e+02 1.968399636627906943e+02 1.919694767441860322e-02
2.513371947674418720e+02 1.966438553779069878e+02 1.446220930232558141e-02
2.513485392441860427e+02 1.928696620639534842e+02 3.736918604651162656e-02
2.512916170058139471e+02 1.902631976744185920e+02 5.801962209302325563e-02
2.513062281976744146e+02 1.858432848837209406e+02 5.399709302325581689e-02
2.512153597383720864e+02 1.853140952034883639e+02 5.482558139534883523e-02
2.511718350290697686e+02 1.844726199127906909e+02 4.110465116279069658e-02
2.514461046511627842e+02 1.858577652616279181e+02 4.086119186046511392e-02
2.514757303779069844e+02 1.898007776162790776e+02 5.348473837209302001e-02
2.514771438953488314e+02 1.900554614825581439e+02 5.604651162790697666e-02
2.514777361918604583e+02 1.920267478197674507e+02 3.316860465116278772e-02
2.515377434593023338e+02 1.930803197674418641e+02 5.905159883720930564e-02
2.515603851744185988e+02 1.948300399709302440e+02 2.942950581395348958e-02
2.515042151162790560e+02 1.967815625000000068e+02 2.433866279069767449e-02
2.515745748546511606e+02 1.972362063953488303e+02 4.287427325581395082e-02
2.515753888081395360e+02 1.975937681686046403e+02 3.881177325581395415e-02
2.515615915697674438e+02 1.980921656976744316e+02 3.279069767441860489e-02
2.513974055232558271e+02 1.972881831395348797e+02 2.400799418604651278e-02
2.513515261627906909e+02 1.971996366279069832e+02 2.404796511627907071e-02
2.514411409883720978e+02 1.976395421511628001e+02 2.217659883720930064e-02
2.513941860465116349e+02 1.974772601744186034e+02 1.989098837209302487e-02
2.513410901162790765e+02 1.973578524709302258e+02 1.928779069767441734e-02
2.512424055232558260e+02 1.968648655523255684e+02 1.570857558139534746e-02
2.511614752906976662e+02 1.962974745639535001e+02 1.435683139534883745e-02
2.513386882267441820e+02 1.925904033430232687e+02 2.507994186046511725e-02
2.512568786337209303e+02 1.899986954941860517e+02 3.455668604651163101e-02
2.511001925872093068e+02 1.889779251453488484e+02 3.648255813953488191e-02
2.511148873546511595e+02 1.888225944767442002e+02 3.523619186046511587e-02
2.511725218023255763e+02 1.889639171511628035e+02 3.591206395348837260e-02
2.512448255813953608e+02 1.892021984011628035e+02 3.635537790697674493e-02
2.514016242732558055e+02 1.921009265988372192e+02 2.824854651162790609e-02
2.514638989825581348e+02 1.928907848837209258e+02 5.352107558139534982e-02
2.515091206395348706e+02 1.942987609011627796e+02 2.490188953488372062e-02
2.515818968023255877e+02 1.953548619186046551e+02 2.627543604651162712e-02
2.516333393895348820e+02 1.958016097383720933e+02 2.632994186046511489e-02
2.516116969476744316e+02 1.964452870639534865e+02 2.687136627906976799e-02
2.515960283430232494e+02 1.971143241279069684e+02 2.430959302325581481e-02
2.516230268895348843e+02 1.974713008720930247e+02 2.533066860465116310e-02
2.516211627906976673e+02 1.978109193313953540e+02 2.913154069767441914e-02
2.516158284883721024e+02 1.977642696220930247e+02 2.700581395348837163e-02
2.513354760174418630e+02 1.963127252906976707e+02 1.512718023255813990e-02
2.514423909883720967e+02 1.966223473837209212e+02 3.131177325581395443e-02
2.515065988372093102e+02 1.971053234011627922e+02 2.893168604651162948e-02
2.515832812499999989e+02 1.972981322674418720e+02 3.185319767441860406e-02
2.515938917151162855e+02 1.979831431686046415e+02 2.574127906976744068e-02
2.516047165697674473e+02 1.983472165697674541e+02 2.481831395348837316e-02
2.515934265988371976e+02 1.983497674418604788e+02 2.639898255813953598e-02
2.515875944767441865e+02 1.992616533430232550e+02 2.086482558139534857e-02
2.516428960755814046e+02 1.997917441860465146e+02 2.116642441860465060e-02
2.515396984011627808e+02 1.994590334302325516e+02 2.085392441860465032e-02
2.514306504360465055e+02 1.946507013081395314e+02 2.459302325581395193e-02
2.512677761627907103e+02 1.919551744186046562e+02 4.230377906976744151e-02
2.512394186046511493e+02 1.917885319767441956e+02 4.328851744186046346e-02
2.512130850290697595e+02 1.912412354651162900e+02 3.218023255813953765e-02
2.511878415697674427e+02 1.909433139534883708e+02 2.421148255813953404e-02
2.511968386627906966e+02 1.909472710755813978e+02 2.673691860465116435e-02
2.511274999999999977e+02 1.903953379360465021e+02 2.091569767441860475e-02
2.510904178779069866e+02 1.901899055232558169e+02 1.990552325581395471e-02
2.511395966569767495e+02 1.903900763081395269e+02 2.509084302325581550e-02
2.512151598837209292e+02 1.903078633720930100e+02 1.776889534883720895e-02
2.513041678779069628e+02 1.904643459302325539e+02 2.093023255813953459e-02
2.514436555232558135e+02 1.908222202034883708e+02 2.957122093023255641e-02
2.515382085755813932e+02 1.910876598837209315e+02 4.476744186046511392e-02
2.516091824127906875e+02 1.914301417151162923e+02 6.168604651162790803e-02
2.516126271802325505e+02 1.919527289244186079e+02 4.349563953488372325e-02
2.516167005813953494e+02 1.921104215116279192e+02 4.172238372093023395e-02
2.516156940406976616e+02 1.921363735465116349e+02 4.114462209302325452e-02
2.516320821220930100e+02 1.922860283430232471e+02 4.535610465116279161e-02
2.516575036337209212e+02 1.923824927325581484e+02 4.477834302325581217e-02
2.516643495639534933e+02 1.925253924418604754e+02 4.661337209302325590e-02
2.516727943313953517e+02 1.928676271802325459e+02 4.397529069767441845e-02
2.516390479651162764e+02 1.932159920058139448e+02 3.929142441860464935e-02
2.516524418604651032e+02 1.933939171511627819e+02 4.010901162790697638e-02
2.516130050872093022e+02 1.932914898255814080e+02 3.802325581395348680e-02
2.514534120639534933e+02 1.926420893895348740e+02 3.052688953488372214e-02
2.512938808139534785e+02 1.921996329941860324e+02 2.320857558139534718e-02
2.513455523255813944e+02 1.883634047965116167e+02 3.988008720930232703e-02
2.511556504360464999e+02 1.862951344476744282e+02 4.341933139534883551e-02
2.510766751453488439e+02 1.859002398255813944e+02 4.404433139534883607e-02
2.512281140988372101e+02 1.865160138081395473e+02 3.800872093023256043e-02
2.513734447674418675e+02 1.888318640988372010e+02 3.146802325581395110e-02
2.514826853197674552e+02 1.918285356104651100e+02 4.346293604651162851e-02
2.514441061046511550e+02 1.918126925872093125e+02 4.343386627906976882e-02
2.514496148255813921e+02 1.924984629360465078e+02 2.934593023255813865e-02
2.514057885174418630e+02 1.924087354651162798e+02 2.704215116279069797e-02
2.515019949127907068e+02 1.935159811046511606e+02 3.123909883720930175e-02
2.514404251453488257e+02 1.962602507267441752e+02 2.207848837209302334e-02
2.515512281976744191e+02 1.983994549418604549e+02 3.956395348837209169e-02
2.514462427325581473e+02 2.021059774709302417e+02 3.704578488372092804e-02
2.515133466569767506e+02 2.053030595930232494e+02 3.246729651162790636e-02
2.514945639534883810e+02 2.069388917151162843e+02 2.510901162790697694e-02
2.514305014534883753e+02 2.068208902616279090e+02 1.834302325581395332e-02
2.512876780523255889e+02 2.057110864825581302e+02 1.045058139534883745e-02
2.512896584302325493e+02 2.038227143895348945e+02 8.117732558139535357e-03
2.512275109011627876e+02 2.031332303779069832e+02 9.829215116279070227e-03
2.512142696220930134e+02 2.022837790697674336e+02 8.088662790697673938e-03
2.512601308139534808e+02 2.024475181686046596e+02 9.117005813953488885e-03
2.512067114825581484e+02 2.017256431686046483e+02 8.150436046511628368e-03
2.511520494186046619e+02 2.011940443313953608e+02 7.914244186046512364e-03
2.511262972383721035e+02 2.009190588662790731e+02 1.077034883720930265e-02
2.512797710755814080e+02 1.983817550872093136e+02 1.190406976744185982e-02
2.512542696220930338e+02 1.981939643895348979e+02 1.024345930232558113e-02
2.511921475290697572e+02 1.974193931686046426e+02 1.074127906976744123e-02
2.511278779069767495e+02 1.967970385174418482e+02 1.242369186046511642e-02
2.512836664244186125e+02 1.932326780523255820e+02 2.416061046511627786e-02
2.511788299418604709e+02 1.915614425872093136e+02 3.458938953488371881e-02
2.513695239825581496e+02 1.931370930232558010e+02 2.485828488372093109e-02
2.512092659883720955e+02 1.908150981104651294e+02 3.617369186046511670e-02
2.513904651162790742e+02 1.919034738372093045e+02 4.718386627906976521e-02
2.513860901162790640e+02 1.919614934593023179e+02 3.750363372093023367e-02
2.514101998546511538e+02 1.923159956395348900e+02 2.880450581395348902e-02
2.514478706395348979e+02 1.925352325581395405e+02 2.835392441860465004e-02
2.514212899709302462e+02 1.925251344476744180e+02 2.727470930232558238e-02
2.514037863372093113e+02 1.925119404069767484e+02 2.658793604651162740e-02
2.513728270348837270e+02 1.924445748546511652e+02 2.550508720930232467e-02
2.513218677325581325e+02 1.923132885174418618e+02 2.206395348837209350e-02
2.512375690406976787e+02 1.919777870639534854e+02 1.893895348837209419e-02
2.511683212209302383e+02 1.915222674418604640e+02 1.486555232558139580e-02
2.511405014534883833e+02 1.914245494186046415e+02 1.472020348837209218e-02
2.512885973837209406e+02 1.918657085755814080e+02 1.576671511627907030e-02
2.513321547965116167e+02 1.919627398255813944e+02 2.105377906976744345e-02
2.512688263081395235e+02 1.917851780523255911e+02 1.807049418604651098e-02
2.512049854651162661e+02 1.916656104651162877e+02 1.667514534883720798e-02
2.512011119186046528e+02 1.915875872093023133e+02 1.609375000000000042e-02
2.511472674418604640e+02 1.914086809593023304e+02 1.317950581395348902e-02
2.510634302325581473e+02 1.906845457848837100e+02 1.043604651162790761e-02
2.510709665697674495e+02 1.892256649709302394e+02 1.324491279069767505e-02
2.509729396802325709e+02 1.885366824127906966e+02 1.621002906976744262e-02
2.511530232558139630e+02 1.866623219476744282e+02 2.659156976744185899e-02
2.510033321220930134e+02 1.853520203488372147e+02 3.751090116279069686e-02
2.512095348837209201e+02 1.806451925872092943e+02 6.265988372093023173e-02
2.513311518895348797e+02 1.812955959302325653e+02 7.920784883720929925e-02
2.513981795058139426e+02 1.820628270348837248e+02 5.570130813953488164e-02
2.513715261627907012e+02 1.867362972383720887e+02 3.955668604651162851e-02
2.514412609011627922e+02 1.904274309593023133e+02 5.428415697674418561e-02
2.515090043604651271e+02 1.925080523255813887e+02 6.901162790697674965e-02
2.515122710755813955e+02 1.930808720930232596e+02 6.942587209302325535e-02
2.515135283430232676e+02 1.937538989825581268e+02 4.446584302325581189e-02
2.515393095930232619e+02 1.941451744186046540e+02 4.110828488372093165e-02
2.515211119186046460e+02 1.942229106104651066e+02 3.440043604651162740e-02
2.515368968023255718e+02 1.942709956395348740e+02 3.564316860465116532e-02
2.515608103197674552e+02 1.943512863372093022e+02 3.824491279069767297e-02
2.515823074127906978e+02 1.945452470930232494e+02 3.883357558139535065e-02
2.515742187500000000e+02 1.951819222383720955e+02 2.952034883720930369e-02
2.516096329941860574e+02 1.954203888081395348e+02 2.984011627906976716e-02
2.516147819767441831e+02 1.958351562500000114e+02 2.926235465116279119e-02
2.516338662790697640e+02 1.961016896802325675e+02 2.910610465116279105e-02
2.516534593023255866e+02 1.965333284883720921e+02 2.735828488372092984e-02
2.516556104651162684e+02 1.967229578488372113e+02 2.751453488372092998e-02
2.516524055232558226e+02 1.967610683139535013e+02 2.868822674418604682e-02
2.516401598837209406e+02 1.967529033430232630e+02 2.711845930232558224e-02
2.516800908430232653e+02 1.969013699127906989e+02 2.930595930232558072e-02
2.516726526162790663e+02 1.971832449127906841e+02 3.081395348837209433e-02
2.516486845930232619e+02 1.972323873546511663e+02 2.989462209302325493e-02
2.514441206395348729e+02 1.966320167151162650e+02 1.852834302325581314e-02
2.513244622093023395e+02 1.932863045058139448e+02 2.033066860465116213e-02
2.512064861918604777e+02 1.916126925872092954e+02 2.087572674418604682e-02
2.511309374999999875e+02 1.913248001453488314e+02 1.894258720930232578e-02
2.511353997093023338e+02 1.904180050872093091e+02 1.861191860465116407e-02
2.511048183139535013e+02 1.895969004360465249e+02 1.735828488372093137e-02
2.511000690406976616e+02 1.895161337209302417e+02 1.762718023255813865e-02
2.511289934593023361e+02 1.895450290697674518e+02 2.497456395348837330e-02
2.511068859011627978e+02 1.892297965116279101e+02 2.295784883720930133e-02
2.513833829941860358e+02 1.910953052325581325e+02 3.035610465116279216e-02
2.513010792151162889e+02 1.909243568313953574e+02 2.823764534883720784e-02
2.512828052325581325e+02 1.908507630813953426e+02 2.597383720930232509e-02
2.513668241279069662e+02 1.911531613372092977e+02 3.059956395348837135e-02
2.514016279069767563e+02 1.939859811046511595e+02 2.602107558139534968e-02
2.514829505813953574e+02 1.949804578488372044e+02 5.099200581395348791e-02
2.514337718023255945e+02 1.981372093023255729e+02 2.452034883720930272e-02
2.514784702034883708e+02 2.019471220930232676e+02 3.043241279069767297e-02
2.515007267441860392e+02 2.053431940406976821e+02 2.504723837209302251e-02
2.514230232558139448e+02 2.092197383720930191e+02 1.831031976744186204e-02
2.514601126453488291e+02 2.105079723837209258e+02 2.740188953488371937e-02
2.514820421511628012e+02 2.110965734011628001e+02 1.326671511627906981e-02
2.514760646802325539e+02 2.123519585755813921e+02 8.012354651162791400e-03
2.515588735465116201e+02 2.128655668604651225e+02 7.481831395348837420e-03
2.515249200581395428e+02 2.127743677325581473e+02 7.169331395348837142e-03
2.513661482558139539e+02 2.113983393895348968e+02 5.148982558139534454e-03
2.512622020348837282e+02 2.082659447674418516e+02 2.892441860465116196e-03
2.513382994186046631e+02 2.048339861918604754e+02 6.220930232558139795e-03
2.512852906976744123e+02 2.019582158430232539e+02 1.626816860465116199e-02
2.512789752906976730e+02 1.990940661337209292e+02 2.043604651162790609e-02
2.513170094476744225e+02 1.941039462209302258e+02 2.997819767441860586e-02
2.513704651162790640e+02 1.893755087209302417e+02 3.375000000000000222e-02
2.513297965116279045e+02 1.852375763081395235e+02 4.873909883720930342e-02
2.511989898255814069e+02 1.843243859011627990e+02 4.324491279069767741e-02
2.511750072674418561e+02 1.838734956395348945e+02 3.061773255813953626e-02
2.513731359011627831e+02 1.850288917151162877e+02 3.326671511627907196e-02
2.515522856104651055e+02 1.859985101744186125e+02 5.842659883720930508e-02
2.515467187499999966e+02 1.873091024709302417e+02 4.191860465116278855e-02
2.515726925872093034e+02 1.881013081395348934e+02 4.179869186046511476e-02
2.515876853197674450e+02 1.887722601744185909e+02 4.134084302325581606e-02
2.515851271802325471e+02 1.893743859011627819e+02 4.232921511627907307e-02
2.514900581395348809e+02 1.891040952034883844e+02 3.352470930232558100e-02
2.514829069767441752e+02 1.890842732558139403e+02 3.475290697674418561e-02
2.514926562500000102e+02 1.891143968023255866e+02 3.621729651162790969e-02
2.515389280523255877e+02 1.893146148255814012e+02 4.249636627906976799e-02
2.514225181686046540e+02 1.916752616279069628e+02 2.209665697674418477e-02
2.514365697674418527e+02 1.917214825581395417e+02 3.008357558139534982e-02
2.515070821220930100e+02 1.922517223837209315e+02 2.950944767441860545e-02
2.515558321220930225e+02 1.928314607558139642e+02 3.096293604651162781e-02
2.515824672965116235e+02 1.931997601744185999e+02 3.403706395348837094e-02
2.515586736918604629e+02 1.938961845930232641e+02 2.922238372093023326e-02
2.515884629360465112e+02 1.942483393895348911e+02 3.341569767441860545e-02
2.515810574127906989e+02 1.945842296511627865e+02 3.097747093023255766e-02
2.515715806686046392e+02 1.953147710755814046e+02 2.867732558139534857e-02
2.516432303779069741e+02 1.956708575581395451e+02 3.021802325581395346e-02
2.516223146802325630e+02 1.956955014534883617e+02 2.973473837209302320e-02
2.515852252906976787e+02 1.956001380813953574e+02 2.768895348837209155e-02
2.515408611918604720e+02 1.955150508720930134e+02 2.421148255813953404e-02
2.515372420058139653e+02 1.955234520348837179e+02 2.406613372093023215e-02
2.513020893895348706e+02 1.944254723837209440e+02 1.496002906976744151e-02
2.511812027616279011e+02 1.915153670058139426e+02 3.649345930232558016e-02
2.511350944767442002e+02 1.906211627906976673e+02 3.014534883720930078e-02
2.511903742732558271e+02 1.907782957848837100e+02 2.942223837209302292e-02
2.513077434593023156e+02 1.913874745639534751e+02 3.299055232558139455e-02
2.513233248546511618e+02 1.914485755813953460e+02 3.593749999999999722e-02
2.512815443313953381e+02 1.913140952034883639e+02 3.363735465116279161e-02
2.512293495639534910e+02 1.911168713662790708e+02 2.881177325581395221e-02
2.511723800872092909e+02 1.909232885174418470e+02 2.700218023255814004e-02
2.510800000000000125e+02 1.900388699127906875e+02 2.095566860465116268e-02
2.510415552325581530e+02 1.887285356104651157e+02 2.067950581395348875e-02
2.510130232558139483e+02 1.883441024709302383e+02 2.377543604651162837e-02
2.510447129360465226e+02 1.883491242732558248e+02 2.338662790697674382e-02
2.513745712209302212e+02 1.900531504360465078e+02 2.891715116279069617e-02
2.514432594476744214e+02 1.902569912790697799e+02 3.996002906976744290e-02
2.514769404069767518e+02 1.910852398255813966e+02 3.969476744186046374e-02
2.515352579941860540e+02 1.918102688953488268e+02 3.464026162790697499e-02
2.515845385174418709e+02 1.920787718023255763e+02 3.702761627906976660e-02
2.515532267441860483e+02 1.922089280523255752e+02 3.542151162790697916e-02
2.515852725290697549e+02 1.924422747093023247e+02 3.631904069767442206e-02
2.515727688953488439e+02 1.927953888081395348e+02 3.836119186046511864e-02
2.514714825581395417e+02 1.925517042151162741e+02 3.029069767441860614e-02
2.514392405523255718e+02 1.924444985465116247e+02 2.826671511627907099e-02
2.515192877906976605e+02 1.927258466569767563e+02 3.081031976744185927e-02
2.515511446220930338e+02 1.930571257267441752e+02 3.451308139534883801e-02
2.515815152616279136e+02 1.933527652616278942e+02 4.080305232558139455e-02
2.515528742732558101e+02 1.933516824127906943e+02 3.955668604651162851e-02
2.512218241279069844e+02 1.918399418604651032e+02 1.583938953488371951e-02
2.512203633720930327e+02 1.885161155523255729e+02 2.381177325581395471e-02
2.511283248546511686e+02 1.874944549418604538e+02 2.325581395348837177e-02
2.510753088662790731e+02 1.873755232558139596e+02 2.420058139534883579e-02
2.510251707848837270e+02 1.872546475290697572e+02 2.359375000000000014e-02
2.512186591569767415e+02 1.877851453488372044e+02 3.598837209302325341e-02
2.513499091569767359e+02 1.883387827034883628e+02 5.016715116279069769e-02
2.513655014534883776e+02 1.883995312499999955e+02 4.437499999999999778e-02
2.514081068313953438e+02 1.884618895348837100e+02 4.677325581395348764e-02
2.513367223837209394e+02 1.883010501453488246e+02 4.097020348837209641e-02
2.514582521802325630e+02 1.887598619186046562e+02 4.399345930232557988e-02
2.515274527616278988e+02 1.891038953488371988e+02 4.352107558139534788e-02
2.515534302325581280e+02 1.892393495639534819e+02 4.699491279069767380e-02
2.515678379360465158e+02 1.893058902616278942e+02 4.812863372093022923e-02
2.515351053779069730e+02 1.895631359011627808e+02 4.310683139534883523e-02
2.515619912790697583e+02 1.902554324127906966e+02 4.131177325581395637e-02
2.515245930232558180e+02 1.918000835755813966e+02 3.040334302325581328e-02
2.515337863372093068e+02 1.923482885174418584e+02 2.804505813953488483e-02
2.515481795058139483e+02 1.927580196220930304e+02 3.145712209302325285e-02
2.515597601744186136e+02 1.930361373546511743e+02 3.054505813953488358e-02
2.515530232558139403e+02 1.931092151162790742e+02 3.051598837209302389e-02
2.515327906976744146e+02 1.930829324127907114e+02 2.980377906976744082e-02
2.514411373546511754e+02 1.928896002906976719e+02 2.450944767441860447e-02
2.514218422965116417e+02 1.928240661337209190e+02 2.514171511627906822e-02
2.513786627906976605e+02 1.927245603197674484e+02 2.205305232558139525e-02
2.514111409883720967e+02 1.927969258720930270e+02 2.647892441860465185e-02
2.514801162790697617e+02 1.929974345930232573e+02 3.062863372093023104e-02
2.515372238372092966e+02 1.932491896802325471e+02 3.477107558139534704e-02
2.514519222383721058e+02 1.930237063953488246e+02 2.858284883720930286e-02
2.512907340116279045e+02 1.893844549418604686e+02 2.675145348837209419e-02
2.512198328488371999e+02 1.865918968023255786e+02 4.300872093023255793e-02
2.511534811046511493e+02 1.856037718023255820e+02 4.300508720930232287e-02
2.511538299418604652e+02 1.853026816860464976e+02 3.771802325581395665e-02
2.511178997093023213e+02 1.849130414244185943e+02 3.445494186046511864e-02
2.513531686046511595e+02 1.866792260174418630e+02 3.300145348837209280e-02
2.515143277616278965e+02 1.886615116279069753e+02 6.416061046511628563e-02
2.514531867732558226e+02 1.885713771802325596e+02 5.151889534883721117e-02
2.514067114825581370e+02 1.887964026162790674e+02 3.955668604651162851e-02
2.514076780523255934e+02 1.888871875000000102e+02 3.703125000000000167e-02
2.514395930232558101e+02 1.890685646802325550e+02 3.940770348837209502e-02
2.514151017441860461e+02 1.919815988372093045e+02 2.831031976744186052e-02
2.514731722383720864e+02 1.940288771802325698e+02 4.052688953488372409e-02
2.515077906976744089e+02 1.970369985465116258e+02 3.969113372093023562e-02
2.515729287790697697e+02 2.005527071220930111e+02 3.099927325581395415e-02
2.515517223837209428e+02 2.025142768895348979e+02 4.045421511627907141e-02
2.515570276162790719e+02 2.028674309593023395e+02 2.339389534883721047e-02
2.514714861918604640e+02 2.025592550872092943e+02 1.868095930232558169e-02
2.514223364825581370e+02 1.982605486918604640e+02 1.796148255813953543e-02
2.512690661337209406e+02 1.950435792151162673e+02 2.685319767441860309e-02
2.513054614825581439e+02 1.953178161337209247e+02 3.431686046511627647e-02
2.513175872093023315e+02 1.953716497093023179e+02 2.733284883720930175e-02
2.512726090116279067e+02 1.940142223837209201e+02 1.975290697674418616e-02
2.512963590116279136e+02 1.849294622093023293e+02 3.599200581395348847e-02
2.512576526162790742e+02 1.706496765988372033e+02 7.387718023255814004e-02
2.512834302325581461e+02 1.738723655523255900e+02 7.662063953488372492e-02
2.513773873546511766e+02 1.841946911337209372e+02 3.649709302325581523e-02
2.513287354651162673e+02 1.911867005813953426e+02 4.486918604651162629e-02
2.514513989825581461e+02 1.989436736918604538e+02 3.458575581395349069e-02
2.514266642441860427e+02 1.990543168604651214e+02 2.903343023255813837e-02
2.513114680232558271e+02 1.930336954941860483e+02 2.268168604651162740e-02
2.512465843023255729e+02 1.880269077034883765e+02 2.362281976744185982e-02
2.510913335755813875e+02 1.869870784883721058e+02 1.898982558139535037e-02
2.511153015988372204e+02 1.869725872093023327e+02 1.905886627906976799e-02
2.511739462209302189e+02 1.870639643895348740e+02 2.897529069767441900e-02
2.513346729651162832e+02 1.907910610465116292e+02 4.433502906976743985e-02
2.515188735465116281e+02 1.938204215116278988e+02 5.804505813953488719e-02
2.516062390988372215e+02 1.953532049418604686e+02 6.616279069767441734e-02
2.515885465116278965e+02 1.964252434593023224e+02 6.302325581395348819e-02
2.515657158430232698e+02 1.971494876453488416e+02 3.546148255813953709e-02
2.516324600290697617e+02 1.978785392441860438e+02 2.806686046511627786e-02
2.516477507267441922e+02 1.982775508720930304e+02 2.881177325581395221e-02
2.516789062500000114e+02 1.996196329941860483e+02 2.454578488372093081e-02
2.516542005813953438e+02 2.002777507267441877e+02 2.555232558139534926e-02
2.516587463662790753e+02 2.004504832848837168e+02 2.627180232558139553e-02
2.514833466569767495e+02 1.999055450581395235e+02 1.774709302325581245e-02
2.514243531976744066e+02 1.997812463662790776e+02 1.764534883720930356e-02
2.514243277616278931e+02 1.958590988372093022e+02 2.077398255813953445e-02
2.513876271802325562e+02 1.956829360465116281e+02 2.343750000000000000e-02
2.513258066860465192e+02 1.951584156976744282e+02 1.644622093023255863e-02
2.512308103197674427e+02 1.946767732558139414e+02 1.410610465116278987e-02
2.511242078488372158e+02 1.937806649709302462e+02 1.412790697674418637e-02
2.510523037790697742e+02 1.926915188953488496e+02 1.773619186046511767e-02
2.510382994186046517e+02 1.925702579941860506e+02 1.712572674418604696e-02
2.511240879360465215e+02 1.927985610465116224e+02 1.945494186046511573e-02
2.513521148255813955e+02 1.937582231104651100e+02 2.540697674418604737e-02
2.514834375000000080e+02 1.942841460755813898e+02 2.930595930232558072e-02
2.515121693313953415e+02 1.943470530523255775e+02 3.093749999999999972e-02
2.514843422965116417e+02 1.943839643895348956e+02 3.188953488372092693e-02
2.514822347383720853e+02 1.943786337209302246e+02 3.411700581395348680e-02
2.513295966569767472e+02 1.938121874999999932e+02 2.222020348837209364e-02
2.513493168604651089e+02 1.894388699127906932e+02 3.322311046511627897e-02
2.511050472383720944e+02 1.875052470930232573e+02 4.340116279069767408e-02
2.509944149709302224e+02 1.866884883720930191e+02 3.660973837209302584e-02
2.510753088662790731e+02 1.860416824127906921e+02 2.706758720930232606e-02
2.510505196220930202e+02 1.857798728197674336e+02 2.676598837209302403e-02
2.513613081395348843e+02 1.882915007267441752e+02 3.221656976744186052e-02
2.514065515988372113e+02 1.884356359011627831e+02 4.341206395348837233e-02
2.514577870639534751e+02 1.908824236918604527e+02 3.486191860465116116e-02
2.514048364825581530e+02 1.907435755813953620e+02 2.954215116279069672e-02
2.511943640988372124e+02 1.899179796511627956e+02 1.982194767441860378e-02
2.511847238372093045e+02 1.898901598837209406e+02 2.127543604651162962e-02
2.512889643895348968e+02 1.902892151162790810e+02 2.507994186046511725e-02
2.513464098837209235e+02 1.903857739825581348e+02 2.849927325581395193e-02
2.514030523255813989e+02 1.906509629360465112e+02 3.331031976744185802e-02
2.515020566860465010e+02 1.911987754360465033e+02 3.220566860465116227e-02
2.515185755813953392e+02 1.920299127906976651e+02 3.550508720930232315e-02
2.515478015988371965e+02 1.925666061046511572e+02 3.187136627906976549e-02
2.515629542151162923e+02 1.929013662790697765e+02 3.188590116279069880e-02
2.515066097383721058e+02 1.927673146802325448e+02 3.002180232558139539e-02
2.512981904069767438e+02 1.920534811046511550e+02 2.038154069767441831e-02
2.512433175872093045e+02 1.897361228197674450e+02 2.686409883720930133e-02
2.512555850290697776e+02 1.897590734011627944e+02 3.771075581395348653e-02
2.512818313953488314e+02 1.901669077034883628e+02 3.137718023255813699e-02
2.513075581395348763e+02 1.903283248546511572e+02 3.184593023255814087e-02
2.513839861918604583e+02 1.907097492732558237e+02 3.386264534883720589e-02
2.514425835755814091e+02 1.909509593023255718e+02 3.760174418604651098e-02
2.514852834302325562e+02 1.919932558139534819e+02 3.530886627906976855e-02
2.515366206395348740e+02 1.926807303779069684e+02 3.542877906976744234e-02
2.515399418604651203e+02 1.927994404069767427e+02 3.477834302325581717e-02
2.512655813953488462e+02 1.911390952034883810e+02 2.994912790697674271e-02
2.512339098837209406e+02 1.862331904069767461e+02 2.856831395348837302e-02
2.512100472383720842e+02 1.802756831395348911e+02 3.864462209302325923e-02
2.513062572674418504e+02 1.716055850290697720e+02 6.824491279069767879e-02
2.512048546511628047e+02 1.651550472383721058e+02 1.007340116279069747e-01
2.513776925872093102e+02 1.657497238372093022e+02 1.369404069767441723e-01
2.513174309593023281e+02 1.701285065406976855e+02 1.219803779069767447e-01
2.513438553779069764e+02 1.757802834302325721e+02 1.021911337209302356e-01
2.515217405523255820e+02 1.822255087209302360e+02 1.024745639534883762e-01
2.516061991279069900e+02 1.886926635174418720e+02 9.267441860465115699e-02
2.514797420058139608e+02 1.935577143895348797e+02 5.908066860465116532e-02
2.515965552325581314e+02 1.958620167151162832e+02 5.043968023255814004e-02
2.515636809593023315e+02 1.975527870639535024e+02 4.670784883720930508e-02
2.515822710755813887e+02 1.985918313953488337e+02 2.892805232558139442e-02
2.516182739825581507e+02 1.993456322674418573e+02 2.586119186046511795e-02
2.516138444767441911e+02 1.998950109011627774e+02 2.220566860465116379e-02
2.515274200581395405e+02 1.996632848837209337e+02 1.894622093023255738e-02
2.513575254360465010e+02 1.991571329941860427e+02 1.466206395348837281e-02
2.513987754360465203e+02 1.992175835755813864e+02 1.747456395348837357e-02
2.514654614825581405e+02 1.994551344476744248e+02 2.018168604651162865e-02
2.513738517441860552e+02 1.990422020348837293e+02 1.555595930232558065e-02
2.514522965116279067e+02 1.992818023255813955e+02 1.813226744186046541e-02
2.515300726744185909e+02 1.995573001453488473e+02 2.175508720930232481e-02
2.515745530523255695e+02 2.007373619186046483e+02 1.651526162790697624e-02
2.516072129360465226e+02 2.011384120639534956e+02 1.750363372093023326e-02
2.513849382267441968e+02 1.992922492732558055e+02 1.393895348837209322e-02
2.511755850290697651e+02 1.978807921511627796e+02 1.695130813953488538e-02
2.512398183139534922e+02 1.957072456395348752e+02 2.997093023255813921e-02
2.512130450581395280e+02 1.954248946220930350e+02 2.470930232558139414e-02
2.511877470930232619e+02 1.947373183139534945e+02 2.030523255813953404e-02
2.512899527616279158e+02 1.909564825581395269e+02 3.392078488372093220e-02
2.511511446220930281e+02 1.892354796511627910e+02 3.517805232558139650e-02
2.510575835755813898e+02 1.886329505813953347e+02 3.618095930232557988e-02
2.511519731104651214e+02 1.889520566860465181e+02 3.321220930232558072e-02
2.512213844476744100e+02 1.890700690406976605e+02 3.484374999999999972e-02
2.512110792151162855e+02 1.889946075581395348e+02 3.316860465116278772e-02
2.513887136627907068e+02 1.903767078488372135e+02 3.600654069767442178e-02
2.514735901162790697e+02 1.907261700581395303e+02 5.348837209302325507e-02
2.514999164244186147e+02 1.913029324127907103e+02 3.941860465116279327e-02
2.515403561046511527e+02 1.918459593023255820e+02 3.818677325581395360e-02
2.515453488372093034e+02 1.918907776162790810e+02 3.966206395348836899e-02
2.515348255813953529e+02 1.919911809593023122e+02 3.770348837209302334e-02
2.515707594476744191e+02 1.922248146802325550e+02 3.831031976744186246e-02
2.515821329941860540e+02 1.925653779069767495e+02 3.868459302325581717e-02
2.515585465116278954e+02 1.929822783430232676e+02 3.596293604651162878e-02
2.516186373546511561e+02 1.931678270348837145e+02 4.356104651162790581e-02
2.515905196220930122e+02 1.934820675872093148e+02 3.873183139534883829e-02
2.515637572674418720e+02 1.939791133720930247e+02 3.634811046511628174e-02
2.515973909883720978e+02 1.940738771802325573e+02 3.877906976744185941e-02
2.515681867732558032e+02 1.940243168604651203e+02 3.754723837209302667e-02
2.513651780523255752e+02 1.933421438953488405e+02 2.521438953488372089e-02
2.512019295058139505e+02 1.926895130813953472e+02 1.793968023255813893e-02
2.511578960755813910e+02 1.911798619186046437e+02 2.046148255813953418e-02
2.511466678779069639e+02 1.902329723837209201e+02 2.262718023255813962e-02
2.511695530523255684e+02 1.903145893895348877e+02 2.288154069767441706e-02
2.512924200581395269e+02 1.907878597383721058e+02 3.013444767441860600e-02
2.513847638081395246e+02 1.911602616279069764e+02 3.454941860465116088e-02
2.514687500000000000e+02 1.915239353197674461e+02 3.494912790697674715e-02
2.515534702034883594e+02 1.923352289244186011e+02 3.744549418604651431e-02
2.515547710755813853e+02 1.943251816860465055e+02 2.578488372093023367e-02
2.516271984011627865e+02 1.948745930232558123e+02 4.148982558139534954e-02
2.512705232558139414e+02 1.941475763081395485e+02 1.361191860465116310e-02
2.512798764534883844e+02 1.902066497093023258e+02 2.582485465116279161e-02
2.512692405523255843e+02 1.871391896802325618e+02 2.737281976744185968e-02
2.511274127906976616e+02 1.855934629360465067e+02 2.609011627906976730e-02
2.510402325581395360e+02 1.842827761627906966e+02 3.095930232558139622e-02
2.510542441860465033e+02 1.837642042151162798e+02 3.091933139534883829e-02
2.513524600290697606e+02 1.862870566860464976e+02 3.585029069767441817e-02
2.514759738372092954e+02 1.884532449127906943e+02 6.258720930232558599e-02
2.514664353197674416e+02 1.927311482558139630e+02 6.415697674418605057e-02
2.514949927325581314e+02 1.932993859011627933e+02 5.979651162790697999e-02
2.514993822674418595e+02 1.936880232558139596e+02 4.082122093023255599e-02
2.514823764534883708e+02 1.938441424418604697e+02 3.784883720930232870e-02
2.515145821220930316e+02 1.940254033430232425e+02 3.853561046511627675e-02
2.514840334302325573e+02 1.958008466569767450e+02 2.494549418604651014e-02
2.515846438953488473e+02 1.964428924418604652e+02 4.522165697674418450e-02
2.515710828488372215e+02 1.976734593023255684e+02 2.980377906976744082e-02
2.516352470930232528e+02 1.982488444767441820e+02 2.800872093023255849e-02
2.516027470930232539e+02 1.994550908430232425e+02 1.987281976744185996e-02
2.515385283430232448e+02 1.992561046511627865e+02 1.817223837209302334e-02
2.515648146802325584e+02 1.993039425872092920e+02 2.188953488372093192e-02
2.515130777616278976e+02 1.991605850290697788e+02 1.765624999999999833e-02
2.515427434593023293e+02 1.992725145348837259e+02 2.009811046511627772e-02
2.515813626453488325e+02 1.993038771802325471e+02 2.135537790697674548e-02
2.515892841569767313e+02 1.996978270348837157e+02 1.894258720930232578e-02
2.515721947674418573e+02 2.010795639534883605e+02 1.702034883720930300e-02
2.515595203488371965e+02 2.011901271802325653e+02 1.638808139534883579e-02
2.514512827034883742e+02 2.007727543604651146e+02 1.289244186046511684e-02
2.514828670058139437e+02 2.008612209302325482e+02 1.586119186046511600e-02
2.512859484011627842e+02 1.996164316860465249e+02 1.349200581395348757e-02
2.513095203488371965e+02 1.970897020348837145e+02 1.880087209302325549e-02
2.513601489825581439e+02 1.973418931686046562e+02 2.693313953488372242e-02
2.513898873546511652e+02 1.979624055232558248e+02 2.161337209302325452e-02
2.514416569767441842e+02 1.982567369186046449e+02 2.053415697674418686e-02
2.514889680232558078e+02 1.992281468023255684e+02 1.940770348837209461e-02
2.514165588662790753e+02 1.965036991279069696e+02 1.852834302325581314e-02
2.512060792151162900e+02 1.940362354651162775e+02 3.454941860465116088e-02
2.510896329941860472e+02 1.928932340116278965e+02 2.824854651162790609e-02
2.512049345930232676e+02 1.903622383720930316e+02 3.160247093023255821e-02
2.512077107558139630e+02 1.905475472383720899e+02 2.981468023255813907e-02
2.512709302325581291e+02 1.909075726744186170e+02 3.030886627906976757e-02
2.513730341569767575e+02 1.916597165697674541e+02 2.897165697674418741e-02
2.512272202034883719e+02 1.909410828488371976e+02 2.453488372093023256e-02
2.513914462209302201e+02 1.915536991279069809e+02 2.765625000000000028e-02
2.514696911337209428e+02 1.917465188953488280e+02 3.209302325581395166e-02
2.514412354651162786e+02 1.917270639534883685e+02 3.410247093023256043e-02
2.513879324127906898e+02 1.915867296511627842e+02 2.993095930232558127e-02
2.514377688953488246e+02 1.917073183139534933e+02 3.598837209302325341e-02
2.515053452034883605e+02 1.922982231104651021e+02 3.719840116279069658e-02
2.515744222383720796e+02 1.929739752906976662e+02 3.513808139534883856e-02
2.515640116279069787e+02 1.938066061046511663e+02 3.108284883720930161e-02
2.516180087209302201e+02 1.940206140988371999e+02 3.222747093023255877e-02
2.516027325581395360e+02 1.945060065406976832e+02 2.833938953488372020e-02
2.516335755813953483e+02 1.946317768895348763e+02 3.105741279069767352e-02
2.516169622093023293e+02 1.947723401162790822e+02 3.069040697674418547e-02
2.516207485465116349e+02 1.948297928779069821e+02 3.023619186046511489e-02
2.516198837209302326e+02 1.948956540697674313e+02 3.228197674418604307e-02
2.515787972383720899e+02 1.948280377906976639e+02 2.939316860465116324e-02
2.516032558139534956e+02 1.948766606104651089e+02 3.214026162790697971e-02
2.515547747093023361e+02 1.947100690406976753e+02 2.952761627906976688e-02
2.516008139534883696e+02 1.948192587209302360e+02 3.368822674418604779e-02
2.513098437499999989e+02 1.957396911337209247e+02 1.347020348837209280e-02
2.514654978197674495e+02 1.961792768895348900e+02 2.013808139534883565e-02
2.515522311046511561e+02 1.963939861918604777e+02 2.441497093023255877e-02
2.515628561046511606e+02 1.963967296511627865e+02 2.656249999999999931e-02
2.513609156976744146e+02 1.951990843023255877e+02 1.742732558139534899e-02
2.513722783430232539e+02 1.910062681686046631e+02 3.266351744186046790e-02
2.511763372093023179e+02 1.900161300872092909e+02 2.987281976744186190e-02
2.511202979651162650e+02 1.891073437500000125e+02 3.326308139534883690e-02
2.511406359011627956e+02 1.885263553779069809e+02 3.293604651162791025e-02
2.511044912790697765e+02 1.881481831395348934e+02 2.827034883720930258e-02
2.511284484011627853e+02 1.881763008720930372e+02 2.879723837209302237e-02
2.511998728197674495e+02 1.882704106104651203e+02 3.095566860465116116e-02
2.511877543604651066e+02 1.881935864825581461e+02 2.994912790697674271e-02
2.513216133720930259e+02 1.885459047965116213e+02 3.324127906976744040e-02
2.513158684593023224e+02 1.885103161337209201e+02 3.550872093023255821e-02
2.511859847383720989e+02 1.879166969476744100e+02 2.875726744186046444e-02
2.511104869186046642e+02 1.874301162790697788e+02 2.247819767441860614e-02
2.514187390988372215e+02 1.897174164244186159e+02 3.097747093023255766e-02
2.515008357558139664e+02 1.900408938953488303e+02 4.637354651162790831e-02
2.513828234011627956e+02 1.937279578488372067e+02 2.412790697674418658e-02
2.512922056686046517e+02 1.935916497093023168e+02 2.082122093023255904e-02
2.513170312500000136e+02 1.937041133720930191e+02 2.141715116279069644e-02
2.512753270348837304e+02 1.935171111918604652e+02 2.174418604651162656e-02
2.512165443313953404e+02 1.932037390988372181e+02 1.752906976744186135e-02
2.511783539244186159e+02 1.931033321220930361e+02 1.656250000000000083e-02
2.512539425872093091e+02 1.932138517441860586e+02 2.124273255813953487e-02
2.514553124999999909e+02 1.952410174418604640e+02 2.413154069767441817e-02
2.515569803779069673e+02 1.963894840116278999e+02 4.920421511627907224e-02
2.515980305232558010e+02 1.971546002906976867e+02 3.385901162790697777e-02
2.515560283430232573e+02 1.971663953488371988e+02 2.688226744186046624e-02
2.515656322674418561e+02 1.976322383720930134e+02 2.408793604651162865e-02
2.516152507267441933e+02 1.991979978197674370e+02 2.228197674418604807e-02
2.516478270348837327e+02 1.993959920058139517e+02 2.566497093023255641e-02
2.515862681686046471e+02 2.000230377906976855e+02 2.220566860465116379e-02
2.514716133720930316e+02 1.997287899709302224e+02 1.761627906976744040e-02
2.513671438953488462e+02 1.962891860465116167e+02 2.643531976744185885e-02
2.512912936046511732e+02 1.930273037790697686e+02 4.321220930232558266e-02
2.512409411337209235e+02 1.900099382267441968e+02 4.244549418604651181e-02
2.512106359011627887e+02 1.899464898255814091e+02 4.258720930232558211e-02
2.511994440406976707e+02 1.897029723837209190e+02 3.699491279069767186e-02
2.512905523255813875e+02 1.901689752906976878e+02 3.684593023255813837e-02
2.513070312499999943e+02 1.902809738372093022e+02 3.644622093023255904e-02
2.515055668604651089e+02 1.919199963662790651e+02 3.558139534883721089e-02
2.515699091569767347e+02 1.925855704941860438e+02 3.823764534883720978e-02
2.515773546511627785e+02 1.931358284883720842e+02 3.694040697674418755e-02
2.515312572674418732e+02 1.931086119186046517e+02 3.586119186046511642e-02
2.515029178779069809e+02 1.930557667151162775e+02 3.335029069767441595e-02
2.515107049418604674e+02 1.931600690406976639e+02 3.103197674418604543e-02
2.514726162790697686e+02 1.930528015988372204e+02 2.926598837209302278e-02
2.514776998546511493e+02 1.930939135174418482e+02 3.013444767441860600e-02
2.515496656976744134e+02 1.934882521802325641e+02 3.136264534883721061e-02
2.515744513081395439e+02 1.944034629360465090e+02 3.247093023255814143e-02
2.516174454941860574e+02 1.950792986918604583e+02 2.652616279069767297e-02
2.516638008720930202e+02 1.959851017441860392e+02 2.891351744186046457e-02
2.516968640988372101e+02 1.961448328488372113e+02 2.807049418604651292e-02
2.516493786337209428e+02 1.965679723837209281e+02 2.485101744186046444e-02
2.516753306686046585e+02 1.969312645348837236e+02 2.821947674418604640e-02
2.515498364825581348e+02 1.978009811046511572e+02 1.944767441860465254e-02
2.515908103197674279e+02 1.980636591569767404e+02 2.275436046511628008e-02
2.516352361918604572e+02 1.981762536337209326e+02 2.391351744186046360e-02
2.512997456395348763e+02 1.990871547965116406e+02 8.651889534883721797e-03
2.512602325581395348e+02 1.970900000000000034e+02 1.086482558139534836e-02
2.512230959302325459e+02 1.968304869186046631e+02 1.138808139534883655e-02
2.512535501453488394e+02 1.968411555232558214e+02 1.329215116279069790e-02
2.513024273255813910e+02 1.969000290697674416e+02 1.513081395348837149e-02
2.512977143895348888e+02 1.968561882267441945e+02 1.493822674418604675e-02
2.512763590116279033e+02 1.967667369186046642e+02 1.550508720930232620e-02
2.513718640988372215e+02 1.936453052325581439e+02 2.475654069767441873e-02
2.513456758720930111e+02 1.904487536337209406e+02 3.747456395348837399e-02
2.511428161337209417e+02 1.887632303779069787e+02 3.460392441860465212e-02
2.510966279069767495e+02 1.883781649709302428e+02 3.233284883720929925e-02
2.511816860465116292e+02 1.883705414244186045e+02 2.825944767441860433e-02
2.511785428779069775e+02 1.882557630813953438e+02 2.659520348837209405e-02
2.514119476744185988e+02 1.898514062499999966e+02 3.076671511627906974e-02
2.514024818313953347e+02 1.898561191860464987e+02 3.138808139534883523e-02
2.514078015988372101e+02 1.899360428779069707e+02 3.094113372093023132e-02
2.514224818313953449e+02 1.899760465116279136e+02 3.177688953488372325e-02
2.512934811046511641e+02 1.895859156976744089e+02 2.563953488372093178e-02
2.513006795058139460e+02 1.895777906976744305e+02 2.775799418604651264e-02
2.512932340116279022e+02 1.895651816860465146e+02 2.949491279069767560e-02
2.513501671511627933e+02 1.896781540697674302e+02 3.340116279069767213e-02
2.514736409883720967e+02 1.907580668604651066e+02 2.922601744186046485e-02
2.514907049418604572e+02 1.908708103197674291e+02 3.109011627906976827e-02
2.514781649709302371e+02 1.909086228197674302e+02 3.151889534883720728e-02
2.515155050872093057e+02 1.911006795058139573e+02 3.556686046511627758e-02
2.515519004360465090e+02 1.912326417151162730e+02 3.481831395348837510e-02
2.515748837209302451e+02 1.916540479651162912e+02 3.520712209302325618e-02
2.515958139534883742e+02 1.918823401162790674e+02 3.819767441860465185e-02
2.515978815406976707e+02 1.920502252906976821e+02 3.836845930232558183e-02
2.516030414244185920e+02 1.922879360465116179e+02 3.811046511627907279e-02
2.513038372093023156e+02 1.907960501453488291e+02 2.938226744186046499e-02
2.512362318313953438e+02 1.818111337209302292e+02 5.454215116279069464e-02
2.512824745639534854e+02 1.765513045058139596e+02 6.041787790697674548e-02
2.514210683139534979e+02 1.777135174418604606e+02 9.428052325581395832e-02
2.512888008720930202e+02 1.818967441860465044e+02 4.798691860465116588e-02
2.513962827034883674e+02 1.918434484011627887e+02 4.952761627906977077e-02
2.515032340116279101e+02 1.983481250000000102e+02 3.774709302325581634e-02
2.514977180232557998e+02 1.983692550872092966e+02 4.001090116279069908e-02
2.513216642441860529e+02 1.964688553779069764e+02 1.866642441860465185e-02
2.514113335755814091e+02 1.926041024709302292e+02 2.139534883720930342e-02
2.513057449127906864e+02 1.878429542151162650e+02 3.596656976744186385e-02
2.511662936046511732e+02 1.874653379360465237e+02 2.885901162790697680e-02
2.513050145348837248e+02 1.908844549418604686e+02 3.180959302325581106e-02
2.512404978197674552e+02 1.888422928779069707e+02 3.259084302325581523e-02
2.513220603197674450e+02 1.898865588662790742e+02 3.312136627906976660e-02
2.512220312499999864e+02 1.876666896802325653e+02 2.909156976744186121e-02
2.513304723837209167e+02 1.807000690406976844e+02 5.541787790697674104e-02
2.511231359011627831e+02 1.789396039244186056e+02 4.632267441860465212e-02
2.512484265988371988e+02 1.729321366279069707e+02 6.268895348837209835e-02
2.511391242732558169e+02 1.724586555232557998e+02 5.178415697674418339e-02
2.513674927325581336e+02 1.744733539244186034e+02 5.920058139534883912e-02
2.514722492732558123e+02 1.756455922965116372e+02 6.350290697674418339e-02
2.513217659883721069e+02 1.793351235465116247e+02 5.643895348837209280e-02
2.512211809593023304e+02 1.788425290697674370e+02 5.288517441860465101e-02
2.512475617732558248e+02 1.750192950581395337e+02 6.037427325581395249e-02
2.513767659883720853e+02 1.764835537790697799e+02 9.636627906976744096e-02
2.514203597383720989e+02 1.783996947674418720e+02 6.176235465116278883e-02
2.513666678779069628e+02 1.854128706395348729e+02 4.270348837209302084e-02
2.514623183139534888e+02 1.916655159883721069e+02 4.384447674418604640e-02
2.515476889534883753e+02 1.926195748546511766e+02 6.796511627906977326e-02
2.512203088662790833e+02 1.901666133720930247e+02 1.887354651162790817e-02
2.510685428779069639e+02 1.891331177325581336e+02 1.572311046511628077e-02
2.512994440406976651e+02 1.857761991279069775e+02 3.489462209302325590e-02
2.513308103197674370e+02 1.857940261627906864e+02 4.205305232558139567e-02
2.513598655523255729e+02 1.897135247093023338e+02 4.498909883720930009e-02
2.515872420058139483e+02 1.955538372093023156e+02 4.240915697674418894e-02
2.515199200581395473e+02 2.022695312500000000e+02 2.989462209302325493e-02
2.516116133720930179e+02 2.058427834302325721e+02 2.496002906976744345e-02
2.516296402616279124e+02 2.079084447674418641e+02 3.132994186046511587e-02
2.514582449127906898e+02 2.073638117732558044e+02 2.722383720930232620e-02
2.514554469476744316e+02 2.003478306686046437e+02 1.933866279069767352e-02
2.513866097383721012e+02 1.830390952034883583e+02 5.753270348837209031e-02
2.510337463662790753e+02 1.444711046511627899e+02 1.622819767441860406e-01
2.510885537790697697e+02 1.172583611918604589e+02 2.810537790697674176e-01
2.508117332848837293e+02 9.043402979651162354e+01 2.900145348837209203e-01
2.507048437500000091e+02 6.939062500000000000e+01 3.427034883720930236e-01
2.508079178779069878e+02 9.240561409883720501e+01 2.967478197674418561e-01
2.510625254360465135e+02 1.293346729651162832e+02 1.843750000000000111e-01
2.512301344476744305e+02 1.586994004360465169e+02 1.483466569767441789e-01
2.512962754360464999e+02 1.747448728197674370e+02 8.581031976744185608e-02
2.514288372093023156e+02 1.944006104651162730e+02 2.985828488372092859e-02
2.514660719476744077e+02 1.996013481104651248e+02 2.978924418604651098e-02
2.514636082848837191e+02 2.038802361918604618e+02 1.852834302325581314e-02
2.514450472383720978e+02 2.106646729651162673e+02 7.623546511627906849e-03
2.514333284883720978e+02 2.128857558139534945e+02 9.553052325581394555e-03
2.514827216569767359e+02 2.144489425872093022e+02 3.993459302325581654e-03
2.514824636627907068e+02 2.145097202034883708e+02 4.454941860465116282e-03
2.513318931686046653e+02 2.099532776162790810e+02 5.864825581395349124e-03
2.513819077034883662e+02 1.977442877906976832e+02 1.717659883720930314e-02
2.512892405523255945e+02 1.936212318313953347e+02 3.324854651162790359e-02
2.514387499999999989e+02 1.947326635174418641e+02 2.306322674418604529e-02
2.515318168604651135e+02 1.960831104651162775e+02 1.911700581395348736e-02
2.513926635174418607e+02 2.035331940406976798e+02 1.428779069767441810e-02
2.514064316860465169e+02 2.035794513081395394e+02 1.494912790697674500e-02
2.513659229651162832e+02 2.035093859011628012e+02 1.420421511627906891e-02
2.513816133720930281e+02 1.949248437500000080e+02 2.199127906976744082e-02
2.512598655523255786e+02 1.731993568313953347e+02 7.946220930232558710e-02
2.511115443313953506e+02 1.350342042151162900e+02 1.905305232558139605e-01
2.509304651162790663e+02 1.030918095930232568e+02 3.038517441860464907e-01
2.507645857558139539e+02 9.552708575581395678e+01 2.739026162790697549e-01
2.509081177325581393e+02 1.104185101744185999e+02 2.576344476744186207e-01
2.510123982558139630e+02 1.320462572674418595e+02 1.940007267441860583e-01
2.511284265988372226e+02 1.511075908430232460e+02 1.382558139534883768e-01
2.512471802325581507e+02 1.550658393895348865e+02 1.286409883720930347e-01
2.510867369186046574e+02 1.540957703488372204e+02 1.046656976744186063e-01
2.510350109011627922e+02 1.502332703488372090e+02 1.145276162790697660e-01
2.510480741279069719e+02 1.385524200581395462e+02 1.750472383720930170e-01
2.511086518895348831e+02 1.388789244186046403e+02 1.645130813953488425e-01
2.512316569767441763e+02 1.412279687500000023e+02 1.710174418604651081e-01
2.509332957848837111e+02 1.372601598837209167e+02 1.504723837209302195e-01
2.509305668604651203e+02 1.255836736918604686e+02 1.881722383720930147e-01
2.508214970930232539e+02 1.243070021802325584e+02 1.838590116279069653e-01
2.508432885174418630e+02 1.237704287790697606e+02 1.879251453488371970e-01
2.509187790697674529e+02 1.140800218023255752e+02 2.845494186046511609e-01
2.510442914244186170e+02 1.285230414244186079e+02 2.384956395348837299e-01
2.510657158430232698e+02 1.391473001453488507e+02 2.111591569767441723e-01
2.511342841569767472e+02 1.466735901162790583e+02 1.801598837209302251e-01
2.512231177325581370e+02 1.608232412790697765e+02 1.526017441860465229e-01
2.513697674418604606e+02 1.732072165697674393e+02 1.369513081395348775e-01
2.515644258720930111e+02 1.796608284883720899e+02 1.538844476744186118e-01
2.512569440406976753e+02 1.865118931686046437e+02 3.399709302325581300e-02
2.512630232558139483e+02 1.833119258720930134e+02 5.330668604651162684e-02
2.512694840116278954e+02 1.791049200581395269e+02 7.539607558139535537e-02
2.513137609011627944e+02 1.735218023255814046e+02 1.288553779069767369e-01
2.511543059593023202e+02 1.715406177325581325e+02 9.729651162790697860e-02
2.510885101744186159e+02 1.712561264534883776e+02 9.222383720930232842e-02
2.511773873546511595e+02 1.668774200581395348e+02 1.079687500000000022e-01
2.511343204941860563e+02 1.519175726744186079e+02 1.689135174418604779e-01
2.510210319767441831e+02 1.364869440406976651e+02 2.530559593023256060e-01
2.509187172965116304e+02 1.149276489825581393e+02 2.924745639534883646e-01
2.508638844476744225e+02 1.056671874999999972e+02 3.176162790697674154e-01
2.509550363372092932e+02 1.249683066860465175e+02 2.732340116279070030e-01
2.510552289244185999e+02 1.408474672965116383e+02 2.220167151162790731e-01
2.511528379360465237e+02 1.545931359011627819e+02 1.794985465116279155e-01
2.513030704941860449e+02 1.705510719476744157e+02 1.134265988372093054e-01
2.512523001453488405e+02 1.629479251453488473e+02 1.714716569767441856e-01
2.511859338662790719e+02 1.626679760174418732e+02 1.591315406976744062e-01
2.512524999999999977e+02 1.661770930232558214e+02 1.580305232558139594e-01
2.514133066860465249e+02 1.678877870639534819e+02 1.544113372093023351e-01
2.513312572674418561e+02 1.751001526162790753e+02 1.191388081395348825e-01
2.515786954941860358e+02 1.833912463662790628e+02 1.274164244186046513e-01
2.515959883720930179e+02 1.862882376453488291e+02 1.431286337209302373e-01
2.515232776162790742e+02 1.886126853197674507e+02 1.002579941860465146e-01
2.512958575581395451e+02 1.876862572674418743e+02 7.580305232558139095e-02
2.513703052325581382e+02 1.830869476744186102e+02 7.985465116279069631e-02
2.512708430232558214e+02 1.713938408430232698e+02 1.445021802325581473e-01
2.511110537790697776e+02 1.703083030523255843e+02 1.229687500000000017e-01
2.511088590116279136e+02 1.687655559593023327e+02 1.111736918604651209e-01
2.510767078488372022e+02 1.681013045058139426e+02 1.049273255813953504e-01
2.513502543604651294e+02 1.728695312499999943e+02 9.792514534883721422e-02
2.512220130813953460e+02 1.722196402616279158e+02 1.053161337209302384e-01
2.512995421511627967e+02 1.727412245639534945e+02 1.125763081395348836e-01
2.512309120639534967e+02 1.720952034883721069e+02 1.058720930232558144e-01
2.511751235465116281e+02 1.689305050872092977e+02 1.224418604651162784e-01
2.511696002906976730e+02 1.642058284883721058e+02 1.404251453488372103e-01
2.511582885174418607e+02 1.557949527616279113e+02 1.574563953488372081e-01
2.510921838662790719e+02 1.485087499999999920e+02 2.454760174418604557e-01
2.511922856104651203e+02 1.555999890988371988e+02 1.773037790697674365e-01
2.511579287790697776e+02 1.558342151162790685e+02 1.737354651162790753e-01
2.512886119186046585e+02 1.623345675872093068e+02 1.591678779069767569e-01
2.513532521802325448e+02 1.673510683139534763e+02 1.583902616279069808e-01
2.514097856104651214e+02 1.690182630813953608e+02 1.602325581395348808e-01
2.511440879360465033e+02 1.662080268895348922e+02 1.363989825581395365e-01
2.509784484011627796e+02 1.630368277616279045e+02 1.209120639534883718e-01
2.510044149709302417e+02 1.630721511627907034e+02 1.290188953488372037e-01
2.510335356104651225e+02 1.627350363372092943e+02 1.288553779069767369e-01
2.512446511627906887e+02 1.664888844476744225e+02 1.658793604651162823e-01
2.510903815406976776e+02 1.658590588662790708e+02 1.495893895348837099e-01
2.511636373546511720e+02 1.662775690406976707e+02 1.629178779069767324e-01
2.512168713662790651e+02 1.669953015988372158e+02 1.484665697674418527e-01
2.513025327034883674e+02 1.674572965116279022e+02 1.642659883720930247e-01
2.513560247093023179e+02 1.743777107558139505e+02 1.387899709302325701e-01
2.510899854651162855e+02 1.723489389534883856e+02 1.214171511627906985e-01
2.513245966569767518e+02 1.777526235465116144e+02 1.391424418604651214e-01
2.514291715116279136e+02 1.791418204941860495e+02 1.499890988372092893e-01
2.512214062500000011e+02 1.782426526162790594e+02 1.247856104651162840e-01
2.512993204941860483e+02 1.787181140988372192e+02 1.251453488372092915e-01
2.512699527616279056e+02 1.786809738372093079e+02 1.189861918604651209e-01
2.510781177325581268e+02 1.776891569767441865e+02 1.019985465116279022e-01
2.510811882267441888e+02 1.775539607558139608e+02 1.064861918604651098e-01
2.512301126453488394e+02 1.794222747093023145e+02 6.099200581395348986e-02
2.513668495639534797e+02 1.829073619186046642e+02 7.640988372093023007e-02
2.513922892441860597e+02 1.873769367732558067e+02 7.236191860465115977e-02
2.514062754360465135e+02 1.875823619186046471e+02 8.740915697674418727e-02
2.512376526162790640e+02 1.850245857558139448e+02 8.070130813953488302e-02
2.513122492732558158e+02 1.757987754360464976e+02 1.379941860465116188e-01
2.513691315406976798e+02 1.687516424418604686e+02 1.950472383720930347e-01
2.512439534883720853e+02 1.685564316860465226e+02 1.633539244186046624e-01
2.511093495639534865e+02 1.662542950581395473e+02 1.322056686046511609e-01
2.511132521802325641e+02 1.655863844476744191e+02 1.277943313953488480e-01
2.513392005813953460e+02 1.670383539244186011e+02 1.773074127906976716e-01
2.513208720930232687e+02 1.707544622093023179e+02 1.520203488372093015e-01
2.514221584302325709e+02 1.736770857558139483e+02 1.425145348837209280e-01
2.511795821220930236e+02 1.729810319767441911e+02 1.144876453488372081e-01
2.511063190406976844e+02 1.727458648255814069e+02 1.115952034883720967e-01
2.510507158430232550e+02 1.712933502906976742e+02 1.095857558139534949e-01
2.510858393895348968e+02 1.713585101744185977e+02 1.190225290697674437e-01
2.512739353197674461e+02 1.772889316860465101e+02 1.387645348837209247e-01
2.512491896802325471e+02 1.771909811046511720e+02 1.370312499999999933e-01
2.510712427325581473e+02 1.748951308139535001e+02 1.138989825581395304e-01
2.510172710755813910e+02 1.736087209302325505e+02 1.042260174418604690e-01
2.512175981104651044e+02 1.692234374999999886e+02 1.335719476744186007e-01
2.511484520348837179e+02 1.688130050872092909e+02 1.357231104651162867e-01
2.510240879360464987e+02 1.677352870639534785e+02 1.309447674418604546e-01
2.510734229651162650e+02 1.668881831395348740e+02 1.320893895348837221e-01
2.510618023255813966e+02 1.646933975290697560e+02 1.219440406976744218e-01
2.512549636627906864e+02 1.600169876453488484e+02 1.655886627906976716e-01
2.513066061046511663e+02 1.644941969476744248e+02 1.586482558139534760e-01
2.514230704941860495e+02 1.688761518895348956e+02 1.617914244186046402e-01
2.512598001453488337e+02 1.638537136627907103e+02 1.696475290697674332e-01
2.512706976744186136e+02 1.695697311046511686e+02 1.434883720930232587e-01
2.511608139534883719e+02 1.689410537790697617e+02 1.334338662790697794e-01
2.510360610465116338e+02 1.678367332848837350e+02 1.261119186046511520e-01
2.512332558139534910e+02 1.687014353197674552e+02 1.556867732558139539e-01
2.513848001453488337e+02 1.694041206395348809e+02 1.746257267441860550e-01
2.510554142441860392e+02 1.677555014534883639e+02 1.342587209302325557e-01
2.509480014534883594e+02 1.657486918604651294e+02 1.259520348837209203e-01
2.509680341569767563e+02 1.637350981104651169e+02 1.213626453488372142e-01
2.509743132267441865e+02 1.634283684593023338e+02 1.291460755813953476e-01
2.512627143895348922e+02 1.681607594476744225e+02 1.431031976744185918e-01
2.513029905523255820e+02 1.695440406976744327e+02 1.390843023255813882e-01
2.510772020348837259e+02 1.671110828488372135e+02 1.239098837209302306e-01
2.513362790697674427e+02 1.713349854651162900e+02 1.231068313953488369e-01
2.512773401162790776e+02 1.711114498546511697e+02 1.270821220930232476e-01
2.513478343023255945e+02 1.724709520348837088e+02 1.444440406976744140e-01
2.512039825581395291e+02 1.718961228197674416e+02 1.279578488372093148e-01
2.510207412790697674e+02 1.699077434593023384e+02 1.172747093023255860e-01
2.511985646802325505e+02 1.645481976744186170e+02 1.547202034883720934e-01
2.509665406976744180e+02 1.632059120639534910e+02 1.249709302325581334e-01
2.511384665697674450e+02 1.639831904069767461e+02 1.412754360465116321e-01
2.512008611918604686e+02 1.644018168604651180e+02 1.717114825581395332e-01
2.513122238372093022e+02 1.674990879360465215e+02 1.732122093023255871e-01
2.513067914244186056e+02 1.679763735465116383e+02 1.592296511627906974e-01
2.513556722383720796e+02 1.699551308139535024e+02 1.820893895348837110e-01
2.514565297965116315e+02 1.719556504360465112e+02 1.807340116279069764e-01
2.515333975290697595e+02 1.733334883720930293e+02 1.859883720930232687e-01
2.513824963662790708e+02 1.733482267441860358e+02 1.553415697674418727e-01
2.511976308139534808e+02 1.721321002906976787e+02 1.300872093023255904e-01
2.510821947674418482e+02 1.716918313953488280e+02 1.177034883720930181e-01
2.510723909883720921e+02 1.710181395348837157e+02 1.164353197674418555e-01
2.511699164244186022e+02 1.712820675872092977e+02 9.754360465116279633e-02
2.513082340116279170e+02 1.719992950581395235e+02 1.246765988372093015e-01
2.511758103197674359e+02 1.715978960755813887e+02 1.243968023255813959e-01
2.512928888081395371e+02 1.720134338662790583e+02 1.381031976744186152e-01
2.515399672965116338e+02 1.731825545058139539e+02 1.751380813953488380e-01
2.515847165697674370e+02 1.749497056686046506e+02 1.899273255813953565e-01
2.515327071220930293e+02 1.781643168604651066e+02 1.871584302325581262e-01
2.516118968023255889e+02 1.804036046511627944e+02 1.830050872093023362e-01
2.513217441860465158e+02 1.787350254360464987e+02 1.337899709302325657e-01
2.510759047965116224e+02 1.775174018895348809e+02 1.179978197674418638e-01
2.510077289244186147e+02 1.769872601744185943e+02 1.096802325581395371e-01
2.512067478197674291e+02 1.719728924418604663e+02 1.209011627906976805e-01
2.510646148255814012e+02 1.713290225290697606e+02 1.173255813953488352e-01
2.510596184593023281e+02 1.710697238372092954e+02 1.130050872093023295e-01
2.513860029069767563e+02 1.731577180232558248e+02 1.503742732558139561e-01
2.513992260174418618e+02 1.736878197674418516e+02 1.553633720930232553e-01
2.512537609011627922e+02 1.697987136627907034e+02 1.195530523255814020e-01
2.511049164244186045e+02 1.671541460755813944e+02 1.376380813953488325e-01
2.509551235465116292e+02 1.661556976744186045e+02 1.238408430232558199e-01
2.509102797965116167e+02 1.649520385174418493e+02 1.119549418604651181e-01
2.509694803779069900e+02 1.626995130813953381e+02 1.297093023255813937e-01
2.510685719476744282e+02 1.627138299418604674e+02 1.533539244186046535e-01
2.513716606104651135e+02 1.663902034883720944e+02 1.650581395348837133e-01
2.510974781976744055e+02 1.652141061046511652e+02 1.413263081395348952e-01
2.512545421511627808e+02 1.696934992732558101e+02 1.409883720930232565e-01
2.513264643895348911e+02 1.709402216569767461e+02 1.574236918604651203e-01
2.512781249999999886e+02 1.711348619186046562e+02 1.464898255813953387e-01
2.512343677325581268e+02 1.712271293604651135e+02 1.327361918604651192e-01
2.511388662790697595e+02 1.709752252906976651e+02 1.304905523255814048e-01
2.514265225290697572e+02 1.729170857558139573e+02 1.352325581395348864e-01
2.514484011627907023e+02 1.747400872093023168e+02 1.519513081395348908e-01
2.512654324127906875e+02 1.742878234011627967e+02 1.330813953488372003e-01
2.510985428779069650e+02 1.723072456395348979e+02 1.099418604651162812e-01
2.512328706395348945e+02 1.730596947674418686e+02 1.367914244186046457e-01
2.510928270348837259e+02 1.728398582848837179e+02 1.205414244186046452e-01
2.510338045058139471e+02 1.726174091569767484e+02 1.101271802325581445e-01
2.511492151162790663e+02 1.730220348837209201e+02 1.132885174418604701e-01
2.510003015988372113e+02 1.716957412790697788e+02 1.058575581395348880e-01
2.512467768895348854e+02 1.734801526162790708e+02 1.106722383720930292e-01
2.513157957848837327e+02 1.787380341569767381e+02 1.297892441860465096e-01
2.513453706395348775e+02 1.789309992732558214e+02 1.375145348837209236e-01
2.511734629360465192e+02 1.774746002906976798e+02 1.170821220930232526e-01
2.510748473837209360e+02 1.767701962209302451e+02 1.022274709302325585e-01
2.511510392441860517e+02 1.625787245639535001e+02 1.797819767441860561e-01
2.512359847383720819e+02 1.571022783430232437e+02 2.026235465116278944e-01
2.511149309593023133e+02 1.570137209302325516e+02 1.748619186046511675e-01
2.512129651162790651e+02 1.588864789244186113e+02 1.992732558139534982e-01
2.512063444767441922e+02 1.680069585755813932e+02 1.443713662790697683e-01
2.510467332848837145e+02 1.669231249999999989e+02 1.310610465116278933e-01
2.510523946220930327e+02 1.668034265988372056e+02 1.195603197674418583e-01
2.511199018895348729e+02 1.671574890988372033e+02 1.428597383720930369e-01
