2.511398964617293359e+02 8.281835451161596495e+01 6.062636375304838454e-01
2.524955718136311020e+02 1.984370769691524288e+02 6.642193984512043681e-01
2.525296196466007927e+02 1.984853634535575111e+02 6.693449706926796194e-01
2.520586146408248851e+02 2.002965986394557945e+02 4.138535917511658724e-01
2.520203397082103152e+02 2.039098789201215141e+02 9.391177854789714563e-02
2.519986137851366834e+02 2.050609421126941356e+02 6.087365763915628808e-02
2.518975056689342296e+02 2.052158730158730293e+02 4.267316989688957340e-02
2.517323492919180126e+02 2.062470200658879946e+02 7.376032173875839322e-03
2.516860137765798129e+02 2.066875112309074609e+02 3.516878449493004641e-03
2.516749240576733939e+02 2.067209258546185708e+02 5.433619988876053734e-03
2.516827963889958539e+02 2.068191075172207150e+02 4.697728147862918931e-03
2.515403756471141890e+02 2.065483677747828608e+02 1.942412184999786021e-03
2.513394771745176115e+02 2.062654259187951880e+02 1.523124973259744113e-03
2.511873272579472030e+02 2.053985624438454636e+02 8.813588328413126793e-04
2.512603944722543190e+02 2.028065117871047676e+02 3.508321567620758998e-04
2.512203140375647195e+02 2.026515124288709160e+02 7.957900141188550608e-04
2.511647456466863559e+02 2.025471698113207424e+02 1.300646044581354587e-03
2.511618790912591521e+02 2.024986437342232364e+02 2.027981003722243748e-03
2.512472596585804183e+02 2.026613100586146459e+02 2.207675523039404411e-03
2.515335814829076355e+02 2.038570059470328886e+02 1.899627775638557375e-03
2.516254224960424324e+02 2.046992940572455382e+02 1.848286484405082869e-03
2.516436999957215619e+02 2.048479955504214161e+02 2.182004877422667050e-03
2.516223249048046853e+02 2.048551063192572599e+02 2.002310358105506387e-03
2.515458606083942925e+02 2.047174175330509627e+02 1.814058956916099865e-03
2.514291960809480884e+02 2.044375133701279310e+02 1.334873572070337591e-03
2.513788388311299400e+02 2.043150387198904809e+02 1.240747871475634222e-03
2.512248919693663538e+02 2.036893167329824905e+02 6.845505497796602976e-04
2.512839344542848607e+02 2.004021648911136708e+02 1.206520343986651218e-03
2.512285799854533082e+02 2.001948402002310274e+02 1.069610234030719201e-03
2.512662302656911777e+02 2.002596671372951675e+02 2.592735207290463532e-03
2.513603987506952535e+02 2.005550678132888436e+02 2.960681127797030934e-03
2.514575878150002097e+02 2.014417575835365710e+02 2.857998545330081921e-03
2.514000342275274988e+02 2.013548795618876568e+02 2.524280152312497524e-03
2.511049501561630848e+02 2.004524964702862349e+02 8.813588328413126793e-04
2.510465323236212782e+02 2.001317160826594659e+02 4.021734479955504059e-04
2.511757155692465631e+02 2.004367518076412864e+02 1.377657981431566238e-03
2.513649937962606487e+02 2.027902537115475070e+02 2.498609506695760162e-03
2.515860522825482519e+02 2.052367261369956850e+02 2.096436058700209756e-03
2.515612715526462182e+02 2.063135754930903261e+02 2.006588799041629165e-02
2.516722970949386138e+02 2.083895007059427655e+02 2.780986608479869837e-03
2.516720575022461901e+02 2.091296282034826390e+02 3.414195867026055629e-03
2.514412184999786177e+02 2.086654601463226868e+02 4.637829974757198132e-03
2.513131048645873307e+02 2.029434732383519417e+02 7.769648739999144085e-03
2.511514311384931375e+02 1.995256920378214147e+02 1.894493646515209989e-02
2.509317588670688508e+02 1.986081632653061320e+02 1.411885508920549329e-02
2.513813802250460014e+02 1.951535789158430703e+02 7.281906473281135952e-03
2.511509605099901705e+02 1.931654815385273594e+02 9.934539853677320717e-03
2.514666923373122813e+02 1.961323749625636310e+02 4.278440936122876806e-03
2.515046335515338285e+02 1.974511872673597850e+02 2.812647071407179192e-02
2.513539639755273072e+02 2.003120181405895721e+02 6.349206349206349201e-03
2.513760407307577225e+02 2.003993839045051857e+02 7.547169811320754776e-03
2.513293543832627392e+02 1.978200059898173038e+02 5.964146664955290514e-03
2.512948787061994551e+02 1.977742352286826701e+02 5.630428271937705682e-03
2.513691866683780347e+02 1.982643990929705353e+02 4.227099644889402083e-03
2.513633252042955633e+02 1.982538056732126677e+02 3.217387583964403247e-03
2.512565267616480469e+02 1.979803362854575823e+02 3.029136182774996942e-03
2.510888204338339165e+02 1.973153809951653557e+02 2.738202199118641191e-03
2.510515380995165344e+02 1.972148290762846159e+02 2.601292089162709174e-03
2.511350874941171298e+02 1.973740726479271075e+02 3.251615111453386251e-03
2.513725751935994595e+02 2.006618748128182119e+02 5.912805373721815791e-03
2.512692251743464738e+02 2.005722243614426930e+02 2.293244341761862138e-03
2.512903264450434335e+02 1.972610020108672302e+02 7.769648739999144085e-03
2.512622170880931094e+02 1.920807940786377515e+02 1.007144996363325273e-02
2.510176528473024291e+02 1.905597142001454642e+02 6.794164206563128687e-03
2.511351473922902358e+02 1.885677491122235097e+02 1.657468018654002437e-02
2.513706755658238023e+02 1.933016386428785438e+02 2.648354939460060772e-02
2.514948444786719790e+02 1.991764001197963410e+02 4.675480254995079826e-02
2.516636546442476288e+02 2.036374791426004265e+02 4.028579985453301093e-02
2.517038292046378274e+02 2.055204038848243613e+02 2.359988020365378844e-02
2.515853163907072201e+02 2.070370769691524515e+02 2.555084927052582097e-02
2.516065887990416172e+02 2.099346083087322938e+02 2.499465194882984770e-02
2.516965986394557717e+02 2.102970607110768810e+02 2.424164634407222074e-02
2.514589740298635263e+02 2.123855388696358943e+02 1.454669918281778214e-04
2.513576947760236067e+02 2.121632481923587079e+02 3.166046292730928958e-04
2.513273092884952860e+02 2.103053352158473501e+02 2.190561759294913126e-03
2.512446155820818774e+02 2.097001155179052887e+02 2.104992940572455399e-03
2.512681127797030740e+02 2.084283318358789927e+02 1.035382706541736197e-03
2.512600607538612962e+02 2.083571984768750269e+02 1.796945193171608363e-03
2.512917212167886021e+02 2.070281179138322045e+02 9.669276515637701894e-04
2.512971120523681066e+02 2.070320797501390473e+02 1.018268942797244695e-03
2.512467890300774513e+02 2.066898301458948310e+02 6.246523766739400406e-04
2.514311213793693582e+02 2.043269156719291573e+02 2.284687459889616062e-03
2.512987207461600860e+02 2.021053608864929743e+02 8.839258974029862853e-03
2.511612544388824801e+02 2.013491293372694884e+02 6.605912805373721948e-03
2.511985881144910877e+02 2.015402387370042447e+02 5.194027296453172272e-03
2.514226158387883459e+02 2.022075813973387994e+02 5.878577846232832353e-03
2.516010781671159009e+02 2.037072091729773717e+02 5.194027296453172272e-03
2.516982672314208571e+02 2.047722757027339355e+02 2.763872844735378552e-03
2.516808967612202252e+02 2.062289564882556760e+02 5.194027296453172272e-03
2.515556240106105292e+02 2.079435245796431673e+02 1.625807555726693126e-03
2.516798271509861706e+02 2.093845291575749741e+02 1.172292816497668214e-02
2.517664227955333160e+02 2.101442604714841877e+02 1.784109870363239508e-02
2.516497924956146051e+02 2.098946219997432934e+02 9.438240705087065641e-03
2.514125187181790864e+02 2.092348778505112818e+02 2.609848971034954817e-03
2.514978137166816339e+02 2.061491550079151125e+02 6.503230222906772936e-04
2.513519445514054667e+02 2.049680486030890449e+02 1.916741539383048877e-03
2.513279253839900775e+02 1.999359260685406241e+02 8.342959825439609511e-03
2.511757583536559366e+02 1.994844307534334575e+02 6.871176143413339904e-03
2.511497796602917845e+02 1.993497368758824280e+02 4.500919864801266115e-03
2.511978351088863235e+02 1.993701022547383843e+02 5.151242887091943626e-03
2.511745518333119378e+02 1.992997304582210347e+02 4.766183202840884939e-03
2.511620587857784699e+02 1.992811705814401364e+02 5.425063107003807658e-03
2.512228126470714074e+02 1.993770761134642555e+02 5.014332777136011610e-03
2.513205835793436904e+02 1.996177640867667833e+02 9.018953493347024383e-03
2.512504000342275390e+02 1.994831814486801136e+02 7.384589055748085398e-03
2.511991956531039989e+02 1.974219312882385680e+02 5.296709878920121718e-03
2.511032216660248935e+02 1.969321268129893383e+02 8.591109399734736182e-03
2.511450477046164451e+02 1.969430453942583199e+02 8.154708424250202772e-03
2.512941342574765713e+02 1.976261070465922103e+02 6.511787104779018578e-03
2.514436315406665869e+02 2.015545629572583834e+02 4.808967612202113585e-03
2.514662816069824203e+02 2.015936507936507951e+02 6.186625593633679823e-03
2.514772087451332823e+02 2.016348949642750199e+02 4.672057502246181569e-03
2.514832755743806842e+02 2.016725538013947698e+02 3.799255551277114749e-03
2.515474778590681524e+02 2.028433748342104082e+02 3.893381251871818119e-03
2.516463611859838352e+02 2.039674838488854789e+02 4.500919864801266115e-03
2.517205407949343225e+02 2.045004834638257876e+02 4.295554699867368091e-03
2.517393488212895249e+02 2.046700808625336947e+02 5.134129123347452341e-03
2.515469473323920795e+02 2.043356864758482061e+02 3.012022419030505223e-03
2.512435545287297316e+02 2.037779146878877441e+02 1.240747871475634222e-03
2.513471099131476478e+02 2.038624994651948725e+02 1.754160783810379499e-03
2.513512001026825828e+02 2.050037564711419122e+02 1.814058956916099865e-03
2.513021862833183491e+02 2.048863047105634791e+02 1.873957130021820013e-03
2.512674453429170285e+02 2.048097291746887549e+02 1.463226800154023965e-03
2.510343473238351919e+02 2.028767210028665602e+02 4.038848243699995344e-03
2.513269841269841152e+02 1.989629315877294289e+02 1.848286484405082739e-02
2.512563556240106095e+02 1.942858511958242502e+02 3.419329996149403361e-02
2.511905275317674295e+02 1.908427416249518558e+02 3.041971505583365362e-02
2.514534206135284364e+02 1.857956188764813987e+02 2.755315962863132823e-02
2.512448637316561815e+02 1.853343772729217562e+02 1.849142172592307259e-02
2.512638086681213281e+02 1.915101698541051576e+02 1.304068797330252931e-02
2.513739785222265084e+02 1.997529029221751671e+02 1.985196594361014755e-02
2.515934283147221038e+02 2.075262653489068612e+02 5.057117186497240256e-03
2.515837504813246142e+02 2.097245283018868065e+02 1.260428699781799590e-02
2.515877123176314569e+02 2.097901424720831756e+02 1.201386214863303832e-02
2.516219740726479301e+02 2.105087836392418694e+02 3.302956402686860974e-03
2.515455782312925237e+02 2.102773542121250898e+02 3.628117913832199729e-03
2.513755358747272624e+02 2.098438283489496428e+02 1.531681855131989973e-03
2.513671415736105814e+02 2.097837504813246028e+02 1.814058956916099865e-03
2.513589697514225918e+02 2.061375090916869794e+02 1.394771745176057740e-03
2.513302271852137153e+02 2.038019424121850136e+02 3.080477474008471448e-04
2.513478115774611865e+02 2.037566508364351989e+02 1.711376374449150744e-04
2.513914602318915001e+02 2.034766268771659554e+02 5.476404398237282815e-04
2.516076926368031366e+02 2.047288067428229112e+02 1.617250673854447483e-03
2.515790527531767395e+02 2.059602960681127684e+02 2.780986608479869837e-03
2.516042869978180079e+02 2.063084156933213649e+02 4.843195139691096156e-03
2.516006588799041594e+02 2.064325503786420200e+02 5.356608052025841650e-03
2.514133316219569565e+02 2.060519146023189023e+02 2.917896718435801853e-03
2.515579942668891533e+02 2.024094125700594589e+02 4.261327172378385521e-03
2.515256150258845764e+02 2.023691952252599151e+02 6.237966884867154546e-03
2.515047875754075335e+02 2.024601891070893771e+02 3.183160056475420243e-03
2.515714029007829424e+02 2.035614940315748811e+02 8.214606597355923138e-04
2.516572968810165492e+02 2.046332605998374277e+02 2.703974671629658186e-03
2.517056946048859913e+02 2.049899371069182337e+02 3.071920592136225588e-03
2.516892397210456522e+02 2.052601548795618953e+02 5.604757626320968321e-03
2.516206563128395999e+02 2.051200530526676005e+02 3.251615111453386251e-03
2.516219997432935429e+02 2.051153210969922611e+02 3.619561031959953653e-03
2.516072733495913951e+02 2.060507850939117702e+02 3.765028023788131745e-03
2.516595045565395878e+02 2.063855902109271483e+02 3.585333504470970649e-03
2.516228212039532934e+02 2.071662773285414687e+02 6.032601719933256522e-03
2.514895220981474324e+02 2.091175373293971802e+02 1.283532280836862923e-04
2.515017841098703570e+02 2.090844393103153322e+02 8.214606597355923138e-04
2.514920121507722683e+02 2.092548153852736164e+02 1.018268942797244695e-03
2.514762760450092003e+02 2.092367774782869105e+02 7.615624866298720567e-04
2.513801309202926575e+02 2.090501433277713659e+02 8.556881872245753178e-04
2.512390193813374424e+02 2.081514910366662434e+02 3.765028023788131529e-04
2.511634535575236384e+02 2.079291404612159226e+02 1.112394643391948038e-04
2.515304496641423952e+02 2.046444530013263261e+02 1.223634107731142720e-03
2.513184871432849832e+02 2.040129551191545829e+02 2.584178325418217455e-03
2.513579942668891363e+02 1.998675822530269954e+02 2.120395327942497729e-02
2.512998588114490985e+02 1.997171779403585390e+02 2.138364779874213709e-02
2.512782526847216786e+02 1.997127283617849685e+02 1.803790698669404877e-02
2.513942069909724921e+02 2.002863132674453368e+02 1.185128139306036894e-02
2.515098960338852407e+02 2.015453985367732059e+02 8.882043383391092367e-03
2.515396568690369179e+02 2.017834167629315800e+02 1.013990501861121787e-02
2.514952637658837205e+02 2.017110512129380027e+02 8.248834124844907009e-03
2.514473452273991256e+02 2.016254481666880451e+02 8.103367133016728049e-03
2.514708081974928291e+02 2.016484832926881552e+02 8.753690155307405560e-03
2.515322209386899317e+02 2.022053822786976411e+02 5.673212681298934329e-03
2.516582210242587507e+02 2.030954434604030325e+02 7.478714756342788768e-03
2.517458862790399223e+02 2.033889445086210515e+02 1.288666409960210514e-02
2.513427801309202891e+02 2.035925298421255434e+02 2.567064561673726170e-03
2.512729388610790124e+02 2.034444786719719218e+02 1.420442390792795101e-03
2.513090232319342761e+02 2.034879733025285589e+02 2.062208531211226752e-03
2.514013605442176811e+02 2.036475420356821928e+02 3.568219740726479364e-03
2.515889616223848009e+02 2.041079536217002612e+02 7.701193685021178077e-03
2.518201086723997832e+02 2.057519103238779792e+02 4.843195139691096156e-03
2.516634236084370855e+02 2.068877337098361409e+02 1.190262268429384367e-02
2.515455867881743757e+02 2.091149788217173580e+02 1.539383048817011095e-02
2.515962606426218144e+02 2.095157917254952338e+02 2.124673768878620680e-02
2.515645231677576703e+02 2.094199888760535657e+02 1.624951867539468561e-02
2.513021520557908559e+02 2.086972232918324437e+02 3.722243614426902665e-03
2.512171137637444929e+02 2.071762289821589036e+02 2.259016814272879134e-03
2.511905104180036687e+02 2.070271338724168970e+02 3.705129850682411380e-03
2.513966114747785809e+02 2.051697685363453445e+02 5.775895263765883775e-03
2.514084884268172573e+02 2.003740298635177339e+02 1.324605313823642647e-02
2.512101826894279668e+02 1.998533607153553362e+02 7.102211953963975290e-03
2.511719762118683832e+02 1.996633465965002472e+02 5.425063107003807658e-03
2.512044666923373200e+02 1.999435160227613153e+02 4.158644589911436075e-03
2.514987977580969414e+02 2.009670902323193502e+02 6.297865057972874478e-03
2.515508920549351899e+02 2.012474735806272292e+02 4.954434604030291678e-03
2.516201600136910201e+02 2.017967569417704112e+02 7.127882599580712651e-03
2.516527959611517531e+02 2.022820262696273517e+02 7.273349591408890744e-03
2.516866897702477104e+02 2.026118341676293255e+02 8.240277242972660066e-03
2.516658109784794419e+02 2.028073674752920112e+02 7.778205621871390162e-03
2.516477131733196302e+02 2.030445727976725152e+02 1.021691695546142996e-02
2.516824626706028312e+02 2.034210670431694723e+02 7.350361528259101961e-03
2.516900440679416420e+02 2.037587643862576385e+02 7.256235827664399458e-03
2.515571300218200577e+02 2.034866213151927354e+02 5.715997090660163843e-03
2.513331964232233702e+02 2.019282419886193338e+02 1.403328627048303599e-03
2.512639541351131527e+02 2.016552175587216027e+02 2.318914987378599066e-03
2.512461558208188990e+02 2.015270782526847313e+02 1.916741539383048877e-03
2.512376417233560062e+02 2.014326188336970063e+02 2.053651649338980676e-03
2.512631925726265365e+02 2.014888888888888800e+02 1.711376374449150636e-03
2.513288666409960115e+02 2.017990758567578098e+02 2.703974671629658186e-03
2.514133915201300624e+02 2.020579985453300935e+02 3.876267488127326400e-03
2.514726308133316195e+02 2.022112009583707675e+02 5.262482351431138280e-03
2.514839943524579553e+02 2.022853891242031352e+02 6.306421939845120554e-03
2.514464553116844172e+02 2.022232062636375360e+02 5.870020964360587144e-03
2.513514396953750065e+02 2.020014375561545421e+02 3.302956402686860974e-03
2.511865742523424387e+02 2.015207376032173840e+02 2.823771017841098917e-03
2.511618790912591521e+02 2.014198262952979803e+02 2.618405852907200460e-03
2.510588542335173088e+02 2.006556368459333441e+02 3.525435331365250717e-03
2.512810422282120442e+02 1.980697728147862904e+02 8.710905745946177781e-03
2.511715055833654162e+02 1.972329354383262796e+02 8.094810251144482841e-03
2.511127625893124673e+02 1.968189962777563835e+02 4.706285029735164140e-03
2.511592007872331465e+02 1.969152355281735254e+02 5.656098917554443044e-03
2.514113207547169679e+02 2.004964360587001977e+02 4.466692337312283545e-03
2.515055320241304173e+02 2.009047020065887921e+02 1.525692037821417893e-02
2.515244769605955639e+02 2.044955803705129824e+02 2.344585632995336427e-03
2.515274290848414864e+02 2.045141659179394935e+02 3.491207803876267279e-03
2.515212595730116050e+02 2.044668463611859863e+02 3.542549095109742002e-03
2.515034869293629356e+02 2.044325674924057807e+02 3.670902323193428376e-03
2.515094254053822738e+02 2.044390193813374310e+02 3.302956402686860974e-03
2.514892996192187695e+02 2.043945064818380217e+02 3.157489410858682882e-03
2.514593505326658942e+02 2.042971462798955997e+02 2.592735207290463532e-03
2.513741496598639458e+02 2.040766696615753233e+02 1.309202926453600230e-03
2.511689385188037420e+02 2.031122748470457395e+02 3.602447268215462368e-03
2.511855303127540253e+02 2.031300817182218736e+02 3.362854575792581339e-03
2.512957686219141635e+02 2.034808197492833699e+02 2.182004877422667050e-03
2.514287596799726145e+02 2.037372780558764305e+02 4.141530826166944790e-03
2.513843066786463112e+02 2.038509904590767121e+02 2.182004877422667050e-03
2.514688572284259749e+02 2.040372309930261281e+02 3.816369315021606035e-03
2.516059470329012129e+02 2.043485902537115351e+02 6.118170538655713815e-03
2.517772985923929241e+02 2.047738416121165415e+02 1.297223291832456243e-02
2.518801009712061045e+02 2.057571556924656591e+02 2.973516450605399528e-02
2.518688572284259521e+02 2.060246866042014346e+02 3.289265391691267859e-02
2.517526291019552502e+02 2.064832156762075783e+02 1.754160783810379542e-02
2.517609378342531841e+02 2.065474949728319132e+02 1.627518932101142471e-02
2.515819021948402110e+02 2.075976468574851310e+02 6.631583450990459309e-03
2.514964446155820781e+02 2.074066059128053610e+02 8.291618534206134788e-03
2.513739614084627476e+02 2.066145039147734508e+02 4.064518889316732705e-03
2.512804261327172242e+02 2.057426261070465898e+02 4.509476746673512192e-03
2.513691182133230768e+02 2.019188550892054934e+02 7.162110127069696089e-03
2.514223334616865486e+02 2.019884225388268533e+02 9.823300389338124328e-03
2.514165147820134223e+02 2.031685534591194937e+02 3.773584905660377388e-03
2.515356608052025820e+02 2.041361827749967972e+02 5.450733752620545020e-03
2.515487357207033767e+02 2.043059940957515153e+02 5.904248491849569715e-03
2.515090489025799059e+02 2.042365122149488741e+02 5.613314508193214397e-03
2.513657810293928776e+02 2.037357035896119442e+02 3.080477474008471231e-03
2.511666966157532102e+02 2.020560989175544364e+02 2.284687459889616062e-03
2.511541436700466363e+02 2.013289693235784910e+02 5.810122791254866345e-03
2.511509348393445293e+02 2.012779446369742971e+02 4.449578573567792260e-03
2.512346125871732454e+02 2.015696059555897932e+02 4.774740084713130148e-03
2.514089676122021046e+02 2.022806999529371410e+02 3.474094040131775994e-03
2.513957472297094853e+02 2.022472938861079115e+02 4.192872117400419513e-03
2.512563641808924899e+02 2.018903949000984142e+02 2.866555427202327564e-03
2.511426175501647151e+02 2.006314722115261304e+02 2.216232404911650054e-03
2.511735421212510175e+02 1.984026098489710250e+02 4.381123518589826252e-03
2.512180721345141876e+02 1.984140161725067344e+02 9.677833397509947103e-03
2.514021306635861777e+02 1.997351816198177517e+02 3.919051897488555480e-03
2.515002695417789766e+02 2.014961879091259220e+02 7.136439481452958727e-03
2.517636845933341760e+02 2.053247935652248373e+02 9.352671886364608347e-03
2.516323450134770781e+02 2.062515979976896290e+02 1.819193086039447294e-02
2.514983699140033480e+02 2.083722928164976622e+02 4.560818037906986915e-03
2.515294741796089397e+02 2.093276943481795342e+02 4.047405125572241420e-03
2.515566337226714495e+02 2.094097462884524816e+02 4.115860180550207428e-03
2.513494373850168984e+02 2.089443631540666502e+02 2.917896718435801853e-03
2.511755444316091257e+02 2.085226543447567735e+02 1.719933256321396495e-03
2.512985324947589163e+02 2.066424934753775631e+02 1.805502075043854005e-03
2.513573867282762251e+02 2.042556796303427120e+02 1.711376374449150636e-03
2.511811748598810539e+02 2.024329611089718810e+02 3.688016086937919661e-03
2.511996748384888463e+02 1.997097676806571656e+02 5.296709878920121718e-03
2.511684336627732819e+02 1.994884011466221807e+02 6.503230222906772502e-03
2.511928207761091869e+02 1.993724725110169800e+02 5.142686005219697550e-03
2.512112779703076058e+02 1.994446326958456268e+02 4.158644589911436075e-03
2.511517477431223995e+02 1.991730971633936633e+02 3.713686732554657022e-03
2.510539511402045036e+02 1.989230736319685207e+02 2.789543490352115480e-03
2.510271338724168970e+02 1.987780088135883148e+02 3.585333504470970649e-03
2.510236597783767536e+02 1.987080819749283478e+02 3.576776622598725006e-03
2.510255765199161431e+02 1.985558464895392206e+02 3.739357378171394384e-03
2.509655072091729835e+02 1.982211440551063220e+02 3.884824369999572043e-03
2.510582466949043692e+02 1.983547683224232969e+02 4.167201471783682151e-03
2.511745689470756986e+02 1.984852864416206728e+02 6.186625593633679823e-03
2.513968681812347654e+02 1.993007401702819550e+02 5.382278697642579011e-03
2.514892054935181704e+02 1.997016129722329083e+02 4.860308903435588308e-03
2.514816069824155988e+02 1.996613699567877518e+02 5.425063107003807658e-03
2.513986736833097950e+02 1.995206092499892918e+02 5.168356650836434911e-03
2.513488212895221068e+02 1.994459418987720767e+02 4.689171265990672854e-03
2.514065545715141354e+02 1.995998630898900501e+02 6.374876994823086562e-03
2.515109913147649081e+02 2.005430026098489691e+02 6.049715483677747807e-03
2.512663671758011503e+02 2.028300774397809505e+02 3.328627048303598335e-03
2.513824156077525345e+02 2.030948102511444802e+02 4.150087708039190866e-03
2.514391220639199105e+02 2.031883540837718840e+02 4.175758353655927360e-03
2.514900269541778925e+02 2.032553459119496893e+02 5.168356650836434911e-03
2.515226286741111608e+02 2.033616566123304779e+02 5.322380524536859080e-03
2.515868566294442417e+02 2.035218842253882769e+02 6.777050442818636534e-03
2.517332991058058553e+02 2.046760022247893005e+02 5.561973216959739674e-03
2.517734651093141736e+02 2.049150986180635812e+02 1.126085654387541136e-02
2.517824156077525402e+02 2.049959868224019033e+02 1.164591622812647005e-02
2.517037693064647215e+02 2.048806999529371637e+02 9.121636075813973829e-03
2.513522098147435031e+02 2.029528772515295429e+02 2.070765413083472395e-03
2.511279767252813144e+02 2.018853720104393972e+02 1.796945193171608363e-03
2.510968724596756942e+02 2.017757326830103182e+02 2.164891113678175764e-03
2.512948188080263492e+02 2.021886792452830264e+02 4.646386856629444208e-03
2.515206349206349330e+02 2.038725794720403997e+02 2.139220468061438403e-03
2.515931373807384546e+02 2.043159799768964149e+02 1.277542463526291049e-02
2.516633123689727540e+02 2.050909254267744757e+02 6.006931074316519160e-03
2.516446412527274958e+02 2.057272151627946641e+02 3.636674795704445372e-03
2.516309759123775223e+02 2.065144654088050231e+02 2.207675523039404411e-03
2.517034013605442055e+02 2.073446455311684531e+02 4.654943738501690284e-03
2.516865870876652593e+02 2.073314165917939533e+02 4.449578573567792260e-03
2.517097248962478204e+02 2.078108330124502743e+02 4.706285029735164140e-03
2.517173747486415891e+02 2.078333290548924026e+02 4.731955675351901501e-03
2.516793222949557105e+02 2.081103067642151245e+02 3.970393188722029336e-03
2.513923758182518213e+02 2.063252727506096846e+02 3.705129850682411380e-03
2.512733495914089019e+02 2.043508834980533209e+02 5.194027296453172272e-03
2.513525520900184063e+02 2.009689042912762602e+02 1.426432208103367051e-02
2.513271039233303270e+02 2.009469558892739371e+02 1.628374620288366992e-02
2.513061823471526850e+02 2.013256235827664398e+02 4.689171265990672854e-03
2.514081632653061149e+02 2.022533778291190742e+02 4.885979549052325670e-03
2.515612629957643378e+02 2.030965986394557774e+02 5.459290634492791096e-03
2.516588627903991835e+02 2.037196594361014945e+02 7.222008300175416021e-03
2.516588371197535707e+02 2.041452017284901501e+02 5.793009027510375060e-03
2.516612159329140468e+02 2.042398237282334321e+02 5.561973216959739674e-03
2.516839857955760920e+02 2.042867924528301842e+02 5.356608052025841650e-03
2.516922603003465611e+02 2.043759123775296302e+02 7.333247764514610675e-03
2.516919265819535383e+02 2.046396440337141200e+02 7.915115731827321310e-03
2.516620801779831424e+02 2.049855816540452622e+02 5.630428271937705682e-03
2.516588114491079580e+02 2.054939973473666157e+02 5.493518161981773666e-03
2.514891028109356910e+02 2.051951054635690639e+02 4.817524494074359662e-03
2.513042484918495632e+02 2.005513797972018892e+02 2.327471869250845142e-03
2.511977666538313372e+02 2.003716082659478843e+02 2.618405852907200460e-03
2.511679116929790894e+02 1.987438839686818142e+02 4.552261156034740838e-03
2.512286056560989209e+02 1.990958114063235485e+02 3.713686732554657022e-03
2.514707311855559908e+02 2.005729089119924708e+02 5.305266760792366927e-03
2.515131305352329605e+02 2.041392803662345443e+02 2.421597569845548078e-03
2.515852222650066210e+02 2.043954905232533292e+02 8.599666281606983126e-03
2.515622128096521521e+02 2.057753647370898022e+02 4.021734479955504059e-03
2.515714029007829424e+02 2.064258503401360656e+02 3.670902323193428376e-03
2.516057416677362824e+02 2.066086424506909793e+02 3.747914260043640026e-03
2.515949856672228577e+02 2.065984939887904943e+02 4.141530826166944790e-03
2.513549651307063755e+02 2.058431010139904913e+02 1.138065289008685210e-03
2.513291233474521960e+02 2.057623668335258742e+02 1.138065289008685210e-03
2.512298635177341453e+02 2.055030077439780882e+02 7.701193685021178077e-04
2.512301544517177945e+02 2.027390151028965022e+02 2.207675523039404411e-03
2.512590681555641083e+02 1.993132588884610357e+02 6.075386129294485169e-03
2.511268900012835275e+02 1.989127283617849571e+02 3.927608779360800689e-03
2.510842681726778665e+02 1.985163735934625322e+02 2.370256278612073789e-03
2.510957258375048013e+02 1.985228511530398237e+02 2.284687459889616062e-03
2.513034013605442283e+02 1.990131433705557811e+02 3.919051897488555480e-03
2.512995593205835689e+02 2.024760621229623894e+02 2.746759080990886833e-03
2.512934839344542866e+02 2.024524879134043545e+02 2.609848971034954817e-03
2.512364009754845426e+02 2.023740726479271075e+02 1.480340563898515467e-03
2.512247379454926488e+02 2.023330851837590387e+02 2.019424121849997672e-03
2.512718093526718803e+02 2.023839986308989012e+02 2.652633380396183464e-03
2.513557010225473789e+02 2.025599366790741556e+02 5.322380524536859080e-03
2.515646258503401498e+02 2.030670431694690592e+02 5.099901595858468903e-03
2.517119839130620846e+02 2.037463911350703825e+02 7.726864330637915439e-03
2.517217644290420537e+02 2.040997817995122716e+02 7.196337654558678659e-03
2.515412227784195522e+02 2.034872630813331682e+02 5.767338381893637698e-03
2.513628117913832227e+02 1.990730244298977425e+02 1.932143926753091337e-02
2.512101570187823540e+02 1.987162024558250835e+02 1.434989089975612954e-02
2.512520172849013704e+02 1.988655970564326481e+02 1.262995764343473153e-02
2.513369443374834304e+02 1.991325632139648292e+02 1.277542463526291049e-02
2.514079407863774520e+02 1.994225730543789723e+02 1.157746117314850491e-02
2.514887091943695623e+02 2.021671758011380575e+02 2.267573696145124777e-03
2.515495058400718733e+02 2.024435887562572134e+02 8.633893809095965696e-03
2.515527061138920999e+02 2.028495186753946768e+02 6.092499893038976454e-03
2.516059128053737197e+02 2.031016386428785268e+02 5.339494288281350365e-03
2.515759209344114993e+02 2.035404355452872949e+02 4.954434604030291678e-03
2.517376203311513336e+02 2.043840670859538875e+02 4.509476746673512192e-03
2.517878150002139250e+02 2.051727976725281337e+02 2.327471869250845142e-03
2.518251829033500258e+02 2.056052967098789281e+02 2.139220468061438403e-03
2.517654729816455017e+02 2.059263081333162120e+02 4.885979549052325670e-03
2.515170153596029650e+02 2.053930945963290924e+02 4.543704274162494762e-03
2.514383776151970267e+02 2.019168870063748784e+02 9.660719633765456685e-03
2.514221024258760053e+02 2.019226201172292861e+02 8.351516707311854720e-03
2.514299063021435074e+02 2.023067299875925187e+02 2.481495742951268443e-03
2.515757669105377943e+02 2.033199246994395253e+02 4.278440936122876806e-03
2.517032131091430358e+02 2.037092285970992123e+02 5.510631925726264951e-03
2.516743507465879475e+02 2.039891841013134695e+02 2.857998545330081921e-03
2.516925084499208367e+02 2.046391220639198991e+02 3.730800496299148741e-03
2.516539768108501391e+02 2.061516450605399484e+02 4.920207076541308240e-03
2.516933042399349745e+02 2.071292174731527780e+02 6.400547640439823924e-03
2.516969238009669141e+02 2.076889487870620030e+02 6.665810978479441880e-03
2.516679587558293747e+02 2.080123903649510169e+02 1.031104265605613246e-02
2.515336499379625934e+02 2.077279339408719352e+02 6.802721088435373896e-03
2.513994694733239328e+02 2.074616352201257996e+02 3.696572968810165737e-03
2.513768108501262191e+02 2.074397980575878080e+02 3.936165661233046766e-03
2.514766268771659554e+02 2.040783125828947959e+02 1.873957130021820013e-03
2.513052325332648707e+02 1.998684122705685979e+02 2.866555427202327564e-03
2.511861464082488453e+02 1.996376160527103991e+02 3.397082103281564344e-03
2.512312155050699403e+02 1.997369528943652881e+02 4.629273092884952923e-03
2.513744491507294754e+02 2.003252556368459238e+02 5.604757626320968321e-03
2.514775082359988119e+02 2.010596671372951789e+02 6.648697214734950595e-03
2.515401103837761525e+02 2.013782911906901063e+02 7.042313780858255358e-03
2.515482137509091558e+02 2.015214050400034296e+02 8.539768108501261459e-03
2.515527745689470862e+02 2.016257904419629483e+02 9.515252641937277725e-03
2.515590210927138060e+02 2.017172207247678841e+02 8.933384674624567090e-03
2.515682710820177022e+02 2.026371539810892841e+02 7.170667008941941298e-03
2.516467633594318158e+02 2.039328712617122221e+02 5.681769563171180405e-03
2.517072519573867169e+02 2.044928763958413640e+02 6.614469687245967157e-03
2.517187524066230253e+02 2.045619389894322637e+02 7.624181748170966860e-03
2.515958156847644602e+02 2.043383818936379441e+02 4.449578573567792260e-03
2.513623582766439881e+02 2.007886706884011403e+02 1.369101099559320595e-03
2.513380396183630694e+02 1.978780130920292777e+02 2.044239079279510513e-02
2.512937919822016966e+02 1.962445642407906519e+02 1.574466264493218706e-02
2.512461044795276734e+02 1.955474607453044200e+02 7.008086253369271920e-03
2.512291960809480997e+02 1.955392119111795637e+02 6.580242159756984587e-03
2.512308218885038400e+02 1.990273306806999472e+02 5.425063107003807658e-03
2.512776622598724998e+02 2.022138707055149212e+02 2.430154451717794154e-03
2.514090275103752106e+02 2.024559962349719626e+02 2.960681127797030934e-03
2.514432721516279514e+02 2.025141145766482680e+02 3.337183930175843978e-03
2.514352971377230119e+02 2.025022119539639789e+02 3.422752748898301271e-03
2.512844992084884268e+02 2.022884952723227627e+02 1.771274547554871001e-03
2.511183930175843955e+02 2.019554699867368299e+02 1.831172720660591367e-03
2.510771146194326775e+02 2.018374106875454572e+02 1.292089162709108728e-03
2.511356180207932312e+02 2.019290720061609647e+02 1.009712060924998836e-03
2.511712060924998866e+02 2.019581996320540895e+02 1.856843366277328511e-03
2.510737346510931332e+02 2.015097248962478034e+02 1.865400248149574371e-03
2.510352030120224072e+02 1.999278654858169659e+02 5.561973216959739674e-03
2.510601463226800263e+02 1.987270183545116140e+02 1.531681855131989886e-02
2.510789115646258551e+02 1.985905788730586607e+02 1.126085654387541136e-02
2.511466392846446638e+02 1.986341419586702557e+02 1.250160441535104645e-02
2.512051597997689782e+02 1.986891028109357080e+02 1.293800539083557986e-02
2.513734223249047943e+02 1.993798827707183534e+02 8.950498438369057508e-03
2.513383647798742118e+02 1.993392889231164133e+02 7.838103794977110961e-03
2.513309117357634932e+02 1.992551234330209979e+02 9.908869208060583356e-03
2.513177769220895925e+02 1.992303940444102182e+02 1.041372523852308191e-02
2.513583707696915326e+02 1.992992598297180393e+02 1.083301245026312490e-02
2.514107474436315499e+02 1.994249347537757160e+02 1.105549137894151421e-02
2.515169554614298590e+02 2.000136910109955863e+02 1.292944850896333292e-02
2.515462713387241820e+02 2.023059684251059025e+02 5.570530098831985751e-03
2.516830530954520100e+02 2.027971847858640331e+02 1.115817396140846192e-02
2.513823642664613089e+02 2.020500320883070344e+02 9.660719633765456685e-03
2.510633979377914784e+02 2.012715184186882311e+02 6.828391734052111257e-03
2.510929619646600770e+02 2.012713986223420193e+02 7.085098190219484005e-03
2.511987335814829123e+02 2.014604543704274136e+02 6.058272365549993883e-03
2.514328498695075496e+02 2.021028965045137511e+02 7.307577118897873314e-03
2.515999486587087688e+02 2.040577503957557894e+02 4.038848243699995344e-03
2.516498951781970561e+02 2.048531639070722576e+02 2.926453600308047930e-03
2.517035211568904174e+02 2.052476960595558921e+02 3.739357378171394384e-03
2.516897017926667388e+02 2.054854575792581102e+02 3.174603174603174600e-03
2.517022119539639675e+02 2.055519103238779905e+02 5.091344713986223694e-03
2.516947417960895166e+02 2.056132118256107333e+02 3.713686732554657022e-03
2.515681512856714903e+02 2.054174218114918915e+02 2.481495742951268443e-03
2.515890985324947451e+02 2.054717751251444042e+02 2.361699396739828146e-03
2.516260129208916396e+02 2.055734907799597693e+02 2.721088435374149472e-03
2.516589055748085286e+02 2.056581611260856448e+02 3.337183930175843978e-03
2.514227527488982901e+02 2.026994823086467363e+02 2.370256278612073789e-03
2.511736020194241235e+02 2.009420613528430124e+02 6.186625593633679823e-03
2.512399606383433763e+02 1.982115774611731354e+02 9.207204894536431122e-03
2.512276387284473458e+02 1.980801437556154667e+02 1.115817396140846192e-02
2.513006888289907295e+02 1.982430154451717783e+02 8.719462627818422990e-03
2.513791896632866951e+02 1.997593462542249654e+02 9.207204894536431122e-03
2.514077525349762539e+02 1.999552817353356318e+02 1.039661147477859149e-02
2.514163693150215977e+02 2.003483421041372594e+02 8.394301116673084234e-03
2.514455910666153216e+02 2.005848286484405207e+02 1.126085654387541136e-02
2.514522226500663180e+02 2.006807256235827595e+02 1.150900611817053804e-02
2.514265520044495759e+02 2.006385401959526007e+02 1.006289308176100579e-02
2.513306721430710695e+02 2.004987720874513286e+02 7.880888204338338740e-03
2.512939887904847467e+02 2.004276643990929756e+02 5.656098917554443044e-03
2.512234629700936921e+02 2.003244855174774273e+02 4.321225345484105453e-03
2.512237453471954893e+02 2.003324434176186060e+02 5.108458477730714979e-03
2.510628845248791379e+02 1.990410045779318011e+02 3.807812433149360392e-03
2.514008556881872209e+02 1.948367689214050529e+02 3.043682881957814404e-02
2.513092371539810870e+02 1.937252641937278099e+02 2.438711333590039623e-02
2.513869593120267041e+02 1.941949000984041334e+02 1.664313524151798951e-02
2.514153082616694519e+02 1.976052881529970477e+02 3.901938133744063762e-03
2.515479142600436262e+02 2.023582167458178276e+02 7.162110127069696089e-03
2.512896846789030008e+02 2.069658922688572318e+02 5.390835579514825305e-04
2.515040859110939948e+02 2.074612073760321778e+02 1.694262610704659134e-03
2.516367261369956907e+02 2.077238779788644933e+02 2.472938861079022801e-03
2.517217815428058145e+02 2.078766867753390670e+02 5.810122791254866345e-03
2.514705857185641662e+02 2.072556454028152189e+02 1.411885508920549459e-03
2.513118983442433603e+02 2.068258075557266977e+02 2.404483806101056793e-03
2.514982843451846009e+02 2.073210542078466574e+02 2.909339836563556211e-03
2.515666024900526168e+02 2.099959354811106778e+02 7.299020237025628105e-03
2.516145723698284371e+02 2.106083943011166753e+02 9.258546185769905845e-03
2.515967911692979158e+02 2.105170068027210846e+02 8.265947888589397427e-03
2.514863047105634735e+02 2.056367261369956907e+02 3.174603174603174600e-03
2.513557523638386044e+02 2.015236982843451869e+02 1.013990501861121787e-02
2.513143798399863158e+02 1.986510503572498294e+02 2.293244341761862051e-02
2.513121978351088899e+02 1.986274076926368082e+02 2.458392161896204992e-02
2.513539896461729484e+02 1.991877636589226768e+02 9.010396611474779174e-03
2.514978222735635143e+02 1.997813459975185140e+02 9.027510375219269592e-03
2.516035339922132437e+02 2.022732383519445420e+02 1.882514011894065873e-03
2.514694134257476605e+02 2.020143755615453642e+02 1.514568091387498471e-03
2.513081675437470608e+02 2.016743593034698279e+02 9.840414153082616914e-04
2.513047447909981713e+02 2.016734180464638655e+02 1.334873572070337591e-03
2.513641381080734050e+02 2.017896804004620606e+02 2.190561759294913126e-03
2.514200830017541648e+02 2.019805587643862452e+02 2.780986608479869837e-03
2.514992940572455495e+02 2.021533992213237525e+02 3.225944465836649323e-03
2.515907243400504854e+02 2.028308133316219539e+02 3.816369315021606035e-03
2.516235485389124165e+02 2.030241475206434814e+02 5.194027296453172272e-03
2.512465922217943728e+02 2.009482993197278802e+02 2.216232404911650054e-03
2.513431395199589247e+02 1.977418645445599736e+02 1.334873572070337591e-02
2.511597655414367125e+02 1.967146964446155835e+02 1.085012621400761532e-02
2.511352072904633417e+02 1.958081803790698530e+02 6.015487956188765237e-03
2.510806486116459268e+02 1.953980661446968838e+02 4.286997817995122882e-03
2.514015573525007596e+02 1.977782997475719924e+02 5.202584178325418349e-03
2.515252214093184477e+02 2.008783639241860328e+02 1.482051940272964552e-02
2.515638215034441316e+02 2.013085611603131895e+02 1.743036837376460077e-02
2.514900440679416533e+02 2.045741154323364697e+02 1.403328627048303599e-03
2.515673041543661554e+02 2.047780943824070619e+02 4.432464809823300107e-03
2.515423608437085647e+02 2.053051640782099128e+02 3.499764685748513356e-03
2.515601334873572057e+02 2.060261926154109346e+02 3.414195867026055629e-03
2.515875925212852451e+02 2.071084584777307214e+02 3.345740812048089621e-03
2.516227698626620395e+02 2.074779788645017788e+02 3.140375647114191596e-03
2.515710435117443069e+02 2.081084242502032282e+02 3.516878449493004641e-03
2.515572412612843891e+02 2.080868865785307946e+02 3.756471141915885669e-03
2.515654045265904983e+02 2.049401873957129965e+02 5.245368587686646995e-03
2.513599024515466454e+02 2.027442348008385693e+02 5.656098917554443044e-03
2.512351345569674379e+02 2.021602190561759187e+02 9.138749839558464247e-03
2.513320669148162381e+02 2.001010910024387215e+02 7.290463355153382029e-03
2.514096778333975237e+02 2.003557865913660976e+02 4.868865785307833517e-03
2.515753219526804401e+02 2.022898472596585862e+02 3.611004150087708010e-03
2.516535318529927565e+02 2.034222222222222172e+02 2.977794891541522219e-03
2.516792196123732595e+02 2.036971462798956054e+02 3.696572968810165737e-03
2.516477131733196302e+02 2.036334659650023582e+02 4.192872117400419513e-03
2.512930475334788127e+02 2.024749839558464828e+02 2.875112309074573207e-03
2.511554871005005793e+02 2.007403414195867128e+02 6.083943011166731245e-03
2.511819535361314308e+02 2.006057673383818951e+02 6.263637530483891908e-03
2.512110469344970625e+02 2.007687930518119117e+02 3.747914260043640026e-03
2.513246652119967450e+02 2.010941342574765827e+02 5.262482351431138280e-03
2.514128952209814827e+02 2.015111624524023455e+02 5.271039233303384357e-03
2.515263423608436995e+02 2.019716938347665973e+02 6.357763231078595277e-03
2.516192957686219245e+02 2.026416634578359606e+02 8.394301116673084234e-03
2.516393359859667100e+02 2.028117485988105955e+02 9.378342531981345709e-03
2.513067471013562795e+02 2.015126513498481131e+02 3.243058229581140608e-03
2.512223933598596659e+02 2.007990758567578098e+02 1.831172720660591367e-03
2.512672998759252039e+02 2.009134214692166154e+02 3.123261883369699878e-03
2.513471441406751410e+02 2.010596243528858054e+02 4.107303298677961352e-03
2.514077268643306411e+02 2.011464339194797333e+02 5.125572241475206264e-03
2.514500663158345048e+02 2.011613228939374380e+02 6.383433876695332639e-03
2.514592991913746687e+02 2.011939246138707063e+02 6.101056774911222530e-03
2.511619389894322580e+02 2.004303683737645940e+02 2.002310358105506387e-03
2.512637829974757153e+02 1.950237111196679791e+02 1.573610576305994185e-02
2.513394258332263860e+02 1.951406152398066070e+02 1.843152355281735266e-02
2.514533692722372109e+02 1.977026226842938570e+02 9.215761776408676331e-03
2.514819578145723824e+02 1.978591879519103145e+02 1.607838103794977103e-02
2.514485945321524696e+02 2.016655542720232859e+02 3.773584905660377388e-03
2.516147263937021421e+02 2.033114961707953512e+02 9.498138878192787307e-03
2.515844692594018852e+02 2.040188935951739211e+02 1.612972232918324575e-02
2.515682967526633433e+02 2.039985624438454579e+02 7.812433149360372732e-03
2.512972575193599312e+02 2.015673726094211133e+02 1.180849698369914073e-03
2.510995165361742067e+02 2.001177940358533363e+02 4.937320840285799525e-03
2.511058828562871668e+02 1.989514995935481068e+02 4.432464809823300107e-03
2.510824712274847172e+02 1.978842938433234906e+02 4.338339109228596738e-03
2.511279082702263281e+02 1.980191930860394507e+02 6.237966884867154546e-03
2.514045608180379077e+02 1.996425448166688170e+02 7.418816583237068836e-03
2.516650066315834522e+02 2.047031189834424367e+02 4.577931801651478200e-03
2.518021477773499441e+02 2.055197706755658373e+02 1.619817738416121089e-02
2.515639755273178366e+02 2.066525478115774490e+02 6.546014632268001149e-03
2.516184657510802936e+02 2.072990031232618833e+02 5.390835579514825088e-03
2.516341676293158685e+02 2.076653574637402073e+02 4.500919864801266115e-03
2.515747828691224868e+02 2.074627818422966641e+02 3.533992213237496360e-03
2.515906131005861539e+02 2.074773884396526000e+02 4.192872117400419513e-03
2.513189064304967246e+02 2.064038933812518621e+02 1.043939588413981840e-03
2.513788131604843272e+02 2.065130021820048682e+02 2.079322294955718037e-03
2.514332862704830234e+02 2.066034569802763770e+02 2.070765413083472395e-03
2.513164848329268750e+02 2.044293158772943002e+02 4.278440936122876589e-04
2.512381979206776919e+02 2.030745903392803768e+02 2.575621443545971813e-03
2.511557438069567354e+02 2.013162452402344513e+02 4.595045565395969485e-03
2.512384974115432215e+02 2.014527189492148977e+02 3.533992213237496360e-03
2.513534676763787274e+02 2.017705300988319834e+02 5.185470414580927064e-03
2.514328498695075496e+02 2.023084927052582032e+02 5.887134728105078429e-03
2.514550464210841483e+02 2.023116074102597111e+02 6.469002695417789932e-03
2.511747229709493752e+02 2.013764086766782100e+02 4.184315235528173436e-03
2.509609378342532011e+02 2.007486501518846467e+02 3.208830702092157604e-03
2.511968082830616424e+02 2.011242459247850149e+02 4.098746416805716143e-03
2.513522782697984894e+02 2.033028366063406622e+02 9.267103067642151054e-03
2.515134214692166097e+02 2.038385658665982021e+02 1.570187823557095755e-02
2.515819278654858238e+02 2.048740940401317800e+02 3.859153724382834681e-03
2.515795747229709605e+02 2.065837162537971210e+02 3.243058229581140608e-03
2.516460531382364252e+02 2.077830317032473317e+02 1.933855303127540379e-03
2.515622898215890189e+02 2.075835108886321905e+02 1.796945193171608363e-03
2.514254995079792820e+02 2.039517306293586500e+02 2.832327899713344560e-03
2.512765498652291001e+02 1.995287981859410422e+02 3.225944465836649323e-03
2.512423480083857328e+02 1.970495956873315322e+02 2.828905146964446130e-02
2.513019980319171793e+02 1.971947803020579215e+02 3.744491507294742116e-02
2.513704787575407522e+02 1.977424292987635397e+02 1.659179395028451479e-02
2.513179309459632975e+02 2.013085868309588022e+02 1.035382706541736197e-03
2.514602661190262154e+02 2.021808924827792850e+02 1.529114790570316150e-02
2.515326145552560604e+02 2.028694818808026241e+02 7.059427544602746643e-03
2.515501390493304257e+02 2.031923244769606072e+02 4.740512557224147577e-03
2.515507808154708300e+02 2.036125016044153426e+02 5.715997090660163843e-03
2.515774012749753865e+02 2.047758781500021428e+02 4.997219013391520324e-03
2.516280665725409733e+02 2.058742651777692174e+02 4.201428999272664722e-03
2.516533778291190799e+02 2.059378599238437459e+02 2.857998545330081921e-03
2.513129679544773865e+02 2.066857399563598960e+02 1.600136910109955981e-03
2.513742437855645449e+02 2.067768621914174503e+02 1.497454327643006969e-03
2.511088692080605824e+02 2.057254781157746208e+02 4.620716211012707172e-04
2.513235870448808384e+02 2.009015274034142067e+02 1.124374278013092095e-02
2.511657639156291566e+02 1.989593462542249540e+02 7.709750566893424154e-03
2.510509647884310880e+02 1.982647499251272905e+02 7.367475292003594113e-03
2.511705386557138695e+02 1.962991999315449334e+02 1.320326872887519869e-02
2.511583108715184096e+02 1.957833226372309809e+02 1.286099345398536778e-02
2.514143327771360248e+02 1.976158559021092742e+02 3.970393188722029336e-03
2.514820604971548335e+02 1.977835280023959399e+02 9.677833397509947103e-03
2.514596157960039307e+02 2.013609891755444323e+02 1.634364437598938985e-03
2.515789329568305277e+02 2.016540880503144706e+02 1.210798784922774082e-02
2.516576477131733327e+02 2.020434946305566370e+02 8.591109399734736182e-03
2.516725110169854247e+02 2.023086039447225346e+02 5.348051170153596441e-03
2.516591194968553395e+02 2.028667008941941674e+02 4.518033628545758268e-03
2.517008342959825313e+02 2.034424678047319617e+02 4.988662131519274248e-03
2.517159543062508078e+02 2.040969323578488002e+02 3.568219740726479364e-03
2.517399563599024646e+02 2.052805801565909292e+02 3.739357378171394384e-03
2.517636760364523241e+02 2.057706327814144629e+02 6.272194412356137116e-03
2.515138835408377247e+02 2.053864715697599763e+02 2.900782954691310568e-03
2.512248064005476351e+02 2.041278740426988350e+02 5.476404398237282381e-03
2.512189363795832833e+02 2.038850639626919872e+02 4.672057502246181569e-03
2.511874213836478020e+02 2.028305822958114106e+02 1.506011209515252611e-03
2.512196979420698995e+02 2.028968467890300644e+02 2.472938861079022801e-03
2.513189919993154433e+02 2.031764942454969400e+02 4.620716211012706846e-03
2.515206520343986654e+02 2.037744234800838683e+02 2.926453600308047930e-03
2.516480126641851598e+02 2.041560005134129199e+02 3.747914260043640026e-03
2.517320840285799761e+02 2.046274162495186886e+02 6.015487956188765237e-03
2.517746716296581440e+02 2.049749026654687043e+02 4.398237282334317537e-03
2.517412398921833017e+02 2.054703461258717425e+02 3.705129850682411380e-03
2.516950669576006590e+02 2.058844221965515828e+02 5.416506225131562449e-03
2.515803106148119639e+02 2.067452359560176376e+02 4.389680400462071461e-03
2.516330124502631236e+02 2.072721174004192903e+02 3.320070166431352259e-03
2.515714371283104356e+02 2.071559919565310395e+02 2.798100372224361556e-03
2.515894151371240355e+02 2.071659350532665940e+02 3.824926196893851677e-03
2.514354083771873434e+02 2.029927523210542120e+02 2.284687459889616062e-03
2.513439780943824076e+02 1.985567963034270349e+02 1.926154109442518997e-02
2.511349505840071856e+02 1.979630428271937603e+02 1.431566337226714523e-02
2.511514140247293767e+02 1.977750310186967795e+02 8.385744234800839025e-03
2.512190561759294951e+02 1.979218585547426414e+02 9.523809523809524669e-03
2.513292174731527950e+02 2.006125187181791034e+02 1.728490138193642138e-03
2.516002823771017916e+02 2.031528601377657992e+02 5.176913532708680987e-03
2.516452145638129423e+02 2.039607324690882706e+02 7.316134000770119390e-03
2.516198434090617297e+02 2.049999743293543872e+02 3.508321567620758998e-03
2.516375647114191452e+02 2.055345740812047950e+02 5.091344713986223694e-03
2.516605313823642689e+02 2.057625721986908047e+02 6.220853121122663261e-03
2.516357506524622352e+02 2.060541907328969273e+02 7.521499165704017414e-03
2.516208873486501432e+02 2.063115988533778307e+02 7.820990031232618808e-03
2.516233945150387115e+02 2.066191930860394450e+02 6.528900868523509864e-03
2.516219056175929438e+02 2.066017284901381856e+02 7.025200017113764073e-03
2.516150173276857913e+02 2.069617764086766840e+02 6.691481624096179241e-03
2.516158045608180487e+02 2.069966285885423360e+02 6.956744962135798065e-03
2.514793222949557219e+02 2.032123133530141672e+02 6.605912805373721948e-03
2.513986223420185695e+02 1.984680186540024920e+02 5.279596115175630433e-03
2.513647114191588514e+02 1.984037564711419179e+02 6.511787104779018578e-03
2.514151200102682537e+02 1.986334745218842386e+02 8.052025841783253327e-03
2.514365207718307431e+02 1.995875240662302588e+02 5.159799768964189702e-03
2.515111624524023455e+02 2.037254438882471277e+02 3.525435331365250717e-03
2.515718050742309515e+02 2.041970393188722142e+02 8.582552517862490973e-03
2.516139391605698847e+02 2.053510460788088778e+02 3.114705001497454235e-03
2.513124545415650459e+02 2.063187181790955265e+02 4.962991485902536670e-04
2.513128053737218295e+02 2.063157574979677520e+02 8.471313053523295668e-04
2.513597227570273276e+02 2.064164377700765840e+02 8.471313053523295668e-04
2.514357592093441269e+02 2.065508321567620840e+02 1.138065289008685210e-03
2.515843580199375253e+02 2.069163992641081506e+02 2.866555427202327564e-03
2.516758653146793279e+02 2.074606511787104921e+02 3.927608779360800689e-03
2.516609506695760103e+02 2.073741239892183330e+02 3.217387583964403247e-03
2.516857485132417764e+02 2.073930090275103737e+02 3.362854575792581339e-03
2.514015060112095057e+02 2.066886492961964734e+02 3.191716938347666319e-03
2.513870277670816620e+02 2.032998930389765917e+02 9.515252641937277725e-03
2.513251957386728179e+02 1.988243699995721556e+02 1.186839515680486110e-02
2.512992855003636805e+02 1.971804132973944377e+02 2.067342660334573964e-02
2.512418345954734207e+02 1.968991314764899698e+02 1.809780515979976870e-02
2.512525050271680982e+02 1.967595088349805224e+02 1.259573011594574896e-02
2.513066273050100676e+02 1.996833697000813004e+02 9.823300389338124328e-03
2.515915885851195810e+02 2.040545415650536825e+02 1.667736276900697381e-02
2.516270568604800530e+02 2.045996063834338656e+02 2.278697642579044155e-02
2.514871518418688368e+02 2.040474821375090926e+02 1.229623925041714756e-02
2.512930817610062775e+02 2.010598126042870035e+02 2.233346168656141773e-03
2.511883198562443908e+02 2.007193342745903522e+02 2.952124245924784857e-03
2.511120865956445414e+02 2.002267316989689050e+02 8.385744234800838158e-04
2.510723484362298450e+02 1.998076327386300477e+02 1.129508407136439567e-03
2.510431780259273467e+02 1.997069952509305608e+02 7.615624866298720567e-04
2.510748299319728005e+02 1.997579001411885429e+02 1.386214863303812097e-03
2.511588328413126305e+02 1.999420100115517869e+02 2.455825097334531082e-03
2.515073118555598342e+02 2.024212381808069097e+02 4.620716211012706846e-03
2.513512172164463152e+02 2.021543747058571796e+02 4.851752021563342232e-03
2.513415137124032128e+02 1.985002096436058707e+02 4.723398793479656292e-03
2.514708081974928291e+02 1.958557138578701995e+02 1.629230308475591513e-02
2.513107260514268546e+02 1.952275959440380007e+02 1.498310015830231490e-02
2.513311427715740365e+02 1.951108458477730778e+02 1.428143584477816266e-02
2.513409232875540056e+02 1.979315791725495330e+02 5.750224618149146413e-03
2.514738886749668438e+02 2.016532323621272269e+02 1.150044923629829283e-02
2.515672185855474368e+02 2.051760236169939731e+02 9.138749839558464247e-03
2.516591194968553395e+02 2.066036709023231879e+02 1.028537201043939510e-02
2.516004535147392289e+02 2.083380225045993370e+02 5.390835579514825088e-03
2.516449664142386382e+02 2.088659222179437904e+02 5.561973216959739674e-03
2.515909211483335355e+02 2.101540409874641568e+02 1.634364437598938985e-03
2.515624780729901886e+02 2.101267188636460901e+02 1.873957130021820013e-03
2.515258460616951197e+02 2.100657767509519545e+02 2.558507679801480528e-03
2.515835879005690288e+02 2.104372224361442818e+02 2.173447995550421407e-03
2.515138835408377247e+02 2.102718179095537607e+02 2.310358105506353423e-03
2.513829974757198613e+02 2.078530269969623134e+02 1.822615838788345507e-03
2.512860308903435680e+02 2.024743507465879304e+02 2.883669190946818849e-03
2.513722757027339298e+02 1.989419586702605613e+02 5.296709878920121718e-03
2.514077011936850283e+02 1.966139477174517651e+02 1.967227142429298775e-02
2.513864544559962440e+02 1.967848457622042417e+02 1.259573011594574896e-02
2.513991271980490296e+02 1.978965130706370701e+02 6.006931074316519160e-03
2.514579557609207257e+02 2.030766439909297105e+02 1.454669918281778105e-03
2.516642022846874625e+02 2.043757583536559252e+02 8.291618534206134788e-03
2.516200915586360338e+02 2.065905360886492872e+02 5.887134728105078429e-03
2.516292902066487045e+02 2.070967868908569756e+02 3.978950070594275412e-03
2.516366148975313308e+02 2.077330680699952836e+02 3.679459205065674018e-03
2.516344414495357853e+02 2.082125272750609781e+02 2.207675523039404411e-03
2.516357506524622352e+02 2.082204338339109313e+02 1.985196594361014668e-03
2.516009327001240763e+02 2.085498224447011637e+02 3.345740812048089621e-03
2.515428143584477709e+02 2.084049202070765432e+02 2.960681127797030934e-03
2.515071663885680096e+02 2.083532024130406910e+02 2.104992940572455399e-03
2.514308047747400963e+02 2.055477260086424565e+02 2.395926924228811096e-04
2.514269969623069301e+02 2.022423223377401200e+02 4.500919864801266115e-03
2.511958413554100957e+02 1.985288324134685354e+02 2.464381979206777158e-03
2.510968467890300815e+02 1.972644846617892540e+02 1.300646044581354587e-03
2.510433406066829320e+02 1.969402729645317152e+02 1.009712060924998836e-03
2.510233859581568368e+02 1.968029178967184407e+02 1.583023146365464479e-03
2.514475762632096973e+02 2.000538912420313977e+02 1.162880246438197963e-02
2.514999015958584607e+02 2.032844221965515885e+02 1.025970136482265947e-02
2.515688529499850290e+02 2.034559192230351243e+02 1.176571257433791165e-02
2.515742437855645335e+02 2.037209771959097964e+02 1.094425191460231955e-02
2.515992469943952301e+02 2.039951054635690753e+02 8.060582723655500270e-03
2.516303084755915052e+02 2.043656355624010530e+02 5.638985153809951759e-03
2.516411500449236200e+02 2.051258717323407268e+02 4.980105249647029039e-03
2.517201557352500743e+02 2.058237881316048572e+02 4.064518889316732705e-03
2.517557181363111170e+02 2.059899285500363533e+02 4.398237282334317537e-03
2.516857912976511500e+02 2.064272365549993538e+02 5.279596115175630433e-03
2.516997903563941179e+02 2.064904804689171272e+02 6.024044838061010446e-03
2.514336884439310325e+02 2.016416720147178410e+02 4.689171265990672854e-03
2.515198733581482884e+02 1.977720275531596315e+02 2.802378813160484247e-02
2.513544089333846614e+02 1.973530740598125988e+02 1.845719419843409176e-02
2.513195824241646221e+02 1.972742994052967163e+02 1.280965216275189306e-02
2.513255979121208270e+02 1.976420570744020893e+02 1.061053352158473385e-02
2.515386642707397300e+02 2.019244940743593020e+02 4.441021691695546184e-03
2.516007187780772654e+02 2.025592521285243777e+02 1.356265776750952001e-02
2.516474821375090869e+02 2.037812005305266894e+02 4.586488683523724276e-03
2.517084841483763284e+02 2.044156163094168619e+02 5.938476019338553152e-03
2.517450562614983198e+02 2.047453814230094622e+02 6.811277970307619972e-03
2.517294998502545695e+02 2.050200487742266660e+02 5.827236554999358498e-03
2.517075428913703945e+02 2.051931972789115548e+02 4.749069439096393654e-03
2.516833953707269131e+02 2.051654558678817466e+02 4.141530826166944790e-03
2.516339194797415928e+02 2.050807512942283779e+02 3.294399520814615331e-03
2.516663842895648884e+02 2.051758182518290425e+02 4.680614384118427646e-03
2.516994737517648559e+02 2.054497154836777497e+02 4.398237282334317537e-03
2.514790399178539246e+02 2.048776622598724941e+02 4.945877722158045602e-03
2.513795747229709434e+02 1.999071321610405221e+02 8.856372737774355006e-03
2.511532965387412730e+02 1.992270825311256601e+02 1.011423437299448051e-02
2.510877679373636227e+02 1.988523852308218807e+02 5.698883326915671690e-03
2.511042741624951873e+02 1.987955333076626800e+02 5.467847516365036305e-03
2.512205450733752627e+02 1.991755529884910061e+02 5.793009027510375060e-03
2.514523510032944102e+02 2.027476318829418460e+02 2.755315962863132476e-03
2.515217130877508112e+02 2.030346553715826019e+02 1.286955033585761299e-02
2.515046421084156805e+02 2.035606383433876658e+02 2.952124245924784857e-03
2.515751251443973899e+02 2.038407735421212408e+02 2.609848971034954817e-03
2.516390707226286736e+02 2.043028109356950210e+02 2.669747144140675182e-03
2.516701407607068006e+02 2.049243571642493578e+02 3.191716938347666319e-03
2.516727677234415808e+02 2.050981902194840245e+02 4.441021691695546184e-03
2.516472339879347828e+02 2.053548538912420440e+02 6.511787104779018578e-03
2.516638771231763201e+02 2.058461900483463864e+02 5.313823642664613003e-03
2.517015616309416828e+02 2.059381337440636628e+02 6.734266033457407888e-03
2.513890814187310241e+02 2.041072006160954970e+02 2.250459932400633058e-03
2.514805544859453335e+02 2.000656141701963691e+02 1.428143584477816266e-02
2.512438369058315288e+02 1.971274633123689739e+02 1.656612330466777916e-02
2.512575022461815024e+02 1.971817396140846199e+02 1.725923073631968618e-02
2.513732854147948501e+02 1.980091130791939520e+02 7.204894536430924736e-03
2.514402430154451622e+02 2.017015188465323376e+02 3.020579300902750865e-03
2.516069054036709076e+02 2.041332819920421002e+02 1.038805459290634454e-02
2.516207418816583186e+02 2.047247764514610822e+02 1.288666409960210514e-02
2.515768878620630744e+02 2.055491122235057446e+02 2.994908655286013938e-03
2.515913147648996642e+02 2.058316347922817044e+02 3.071920592136225588e-03
2.516131604843195078e+02 2.059010054336199858e+02 4.167201471783682151e-03
2.515950712360415764e+02 2.058943567364052569e+02 3.491207803876267279e-03
2.515863860009412463e+02 2.058867496684208334e+02 3.397082103281564344e-03
2.513462456680785522e+02 2.065787104779018648e+02 9.412570059470328821e-05
2.514318144868010165e+02 2.067723356009070415e+02 1.437556154537286603e-03
2.513509177255807856e+02 2.065984512043811208e+02 8.728019509690668198e-04
2.514597013648226493e+02 2.016197920677705042e+02 6.862619261541094695e-03
2.513611517563000177e+02 1.980978907286184949e+02 2.177726436486544445e-02
2.512548239421554683e+02 1.979144140675138033e+02 1.918452915757497962e-02
2.512816583237068357e+02 1.979077910409446872e+02 1.443545971847858683e-02
2.514081889359517277e+02 1.985363111282248667e+02 1.009712060924999009e-02
2.514459504556539571e+02 2.030234800838574358e+02 6.374876994823086562e-03
2.515523638386171967e+02 2.034348179523381646e+02 1.291233474521884250e-02
2.515994095751508155e+02 2.041263765883711869e+02 8.111924014888974993e-03
2.516601719933256334e+02 2.044309074573225473e+02 7.350361528259101961e-03
2.516580584435031938e+02 2.049563684593334187e+02 3.302956402686860974e-03
2.517383647798742174e+02 2.053813288837547475e+02 4.167201471783682151e-03
2.517080049629914811e+02 2.058606083943011242e+02 6.862619261541094695e-03
2.516015316818551355e+02 2.067379540495443564e+02 4.526590510418003477e-03
2.516517006802721141e+02 2.075682710820177022e+02 5.040003422752748971e-03
2.516806486116459212e+02 2.079471270269114029e+02 5.194027296453172272e-03
2.515536388140161819e+02 2.047869849826723225e+02 1.317759808325846089e-03
2.512739999144311867e+02 2.030214521028537149e+02 5.185470414580927064e-03
2.512752406623026502e+02 2.001631711804218412e+02 8.728019509690668198e-03
2.513016386428785438e+02 2.002113720960082048e+02 1.033671330167286982e-02
2.513202755315962804e+02 2.004556625165789683e+02 6.152398066144697253e-03
2.514080434689599031e+02 2.007946605057117324e+02 5.921362255594061867e-03
2.514830873229795145e+02 2.029328370341847290e+02 2.823771017841098917e-03
2.516554571514140264e+02 2.052228982158901260e+02 3.508321567620758998e-04
2.517122149488726279e+02 2.061605613314508219e+02 1.662602147777349909e-02
2.516633465965002472e+02 2.076925512343302103e+02 6.648697214734950595e-03
2.516576990544645582e+02 2.085522012578616398e+02 6.058272365549993883e-03
2.516457023060796701e+02 2.093652333889530723e+02 5.356608052025841650e-03
2.515989560604115809e+02 2.092457194198433967e+02 5.570530098831985751e-03
2.514108757968596137e+02 2.088625336927223657e+02 3.328627048303598335e-03
2.514281692551234357e+02 2.088685406237966902e+02 3.936165661233046766e-03
2.514409104522312077e+02 2.047361998887605239e+02 1.411885508920549459e-03
2.511393916056988758e+02 2.003862319770675526e+02 4.997219013391520324e-03
2.513835622299234274e+02 1.980370684122705711e+02 8.291618534206134788e-03
2.512721088435374099e+02 1.960138364779874109e+02 1.393060368801608655e-02
2.513149445941898819e+02 1.960732297950626730e+02 1.554785436187053511e-02
2.512802635519616672e+02 1.992978308304453776e+02 5.476404398237282381e-03
2.515695289436529265e+02 2.024896162238480315e+02 9.917426089932828565e-03
2.515828006674367998e+02 2.026530013263166836e+02 1.625807555726693082e-02
2.515271552646215696e+02 2.025970906601634454e+02 7.598511102554229499e-03
2.514768493560946467e+02 2.025159371924870584e+02 7.050870662730501434e-03
2.514138535917511774e+02 2.022572198690797052e+02 5.305266760792366927e-03
2.512908484148376260e+02 2.019482051940273095e+02 2.986351773413767861e-03
2.512417661404184344e+02 2.018246694904376852e+02 2.935010482180293572e-03
2.512802806657253996e+02 2.018806828391734030e+02 3.953279424977538051e-03
2.513359346254225102e+02 2.019623497197621305e+02 4.209985881144910798e-03
2.513602361699396681e+02 2.019857100072733544e+02 4.637829974757198132e-03
2.513196594361014888e+02 1.980044838061010637e+02 3.978950070594275412e-03
2.513133957985710083e+02 1.938682154622855478e+02 1.666024900526248340e-02
2.511247678945792075e+02 1.923386984982672345e+02 1.067898857656270073e-02
2.511812860993453853e+02 1.923806528900868500e+02 8.770803919051897712e-03
2.514605142686005195e+02 1.960997903563941236e+02 1.207376032173875825e-02
2.515238009669276380e+02 2.006099602104992812e+02 6.777050442818636534e-03
2.516040987464168097e+02 2.044591879519103372e+02 3.422752748898301271e-03
2.516951867539468708e+02 2.056918324562529392e+02 8.856372737774355006e-03
2.515634706712873765e+02 2.065718564155221770e+02 3.482650922004021637e-03
2.515783425319813489e+02 2.071335729260257494e+02 3.679459205065674018e-03
2.515922474650237461e+02 2.082740426988405318e+02 1.634364437598938985e-03
2.513437128310443711e+02 2.108578787489838646e+02 1.026825824669490392e-04
2.513486672656484018e+02 2.108169426261070498e+02 2.310358105506353586e-04
2.514198861934710862e+02 2.109084242502032396e+02 4.021734479955504059e-04
2.513580456081803902e+02 2.107798057587814924e+02 3.679459205065674018e-04
2.513960895049843884e+02 2.074679587558293861e+02 1.369956787746545203e-02
2.513542634663928368e+02 2.024879390750010657e+02 6.289308176100629269e-03
2.512294271167586430e+02 1.995221238180807006e+02 1.340863389380909584e-02
2.514115945749368848e+02 1.967046763359431907e+02 1.785821246737688897e-02
2.514474479099816051e+02 1.968192529842125396e+02 2.323193428314722017e-02
2.515451589440807822e+02 1.980360929277371440e+02 1.395627433363282391e-02
2.515181534248919775e+02 2.033322123818080627e+02 2.558507679801480528e-03
2.516132289393744941e+02 2.035488983014589621e+02 9.181534248919693761e-03
2.516048089676122004e+02 2.041166816412099365e+02 5.194027296453172272e-03
2.516064347751679406e+02 2.041347708894878679e+02 5.142686005219697550e-03
2.515657125743379083e+02 2.040668805887134738e+02 3.910495015616309404e-03
2.515610918581269004e+02 2.040018654002481355e+02 3.824926196893851677e-03
2.514934924913361556e+02 2.038396782612416018e+02 3.277285757070123613e-03
2.515421212510161411e+02 2.039601163735934506e+02 3.585333504470970649e-03
2.516062550806486229e+02 2.043194968553459034e+02 4.278440936122876806e-03
2.516829332991057981e+02 2.045765370299062909e+02 5.929919137466307076e-03
2.514059641466649566e+02 2.036253112565781009e+02 3.225944465836649323e-03
2.514065802421597482e+02 1.979656526761648081e+02 1.272408334402943576e-02
2.513062422453257909e+02 1.943436187053437720e+02 2.353998203054806851e-02
2.512064690026954281e+02 1.937074744363154082e+02 2.045094767466735033e-02
2.511752791682710892e+02 1.935607923672613708e+02 1.849997860779531780e-02
2.514602832327899762e+02 1.962351345569674379e+02 9.113079193941726885e-03
2.513616394985667171e+02 2.004622256449749784e+02 8.180379069866940134e-03
2.516129465622726968e+02 2.039319984597612745e+02 1.192829332991058103e-02
2.515959953792837780e+02 2.042378984298121622e+02 1.128652718949214873e-02
2.514683865999229795e+02 2.048246095922645793e+02 5.185470414580927064e-03
2.515253925469558851e+02 2.053994266889145592e+02 4.286997817995122882e-03
2.515463825781885134e+02 2.066164548838403334e+02 1.762717665682625359e-03
2.516431181277542350e+02 2.073996063834338770e+02 1.334873572070337591e-03
2.516468831557780277e+02 2.081776922089590585e+02 4.466692337312283545e-03
2.516622427587387278e+02 2.089934454284858703e+02 3.328627048303598335e-03
2.514847045736533744e+02 2.086213323065074974e+02 1.677148846960167632e-03
2.515348051170153667e+02 2.052429469901167920e+02 6.101056774911222530e-03
2.512165661233046592e+02 1.996771916313695385e+02 8.283061652333889580e-03
2.513276344500064283e+02 1.929037864202284709e+02 2.701407607067984537e-02
2.511341547939930763e+02 1.914817011081161979e+02 1.786676934924913418e-02
2.511094767466735220e+02 1.912375989389466611e+02 1.500021392204680531e-02
2.513844008043468818e+02 1.955245368587686698e+02 5.724553972532409052e-03
2.514776023616994109e+02 2.012913789415136989e+02 4.868865785307833517e-03
2.516756342788687846e+02 2.054965472981645576e+02 7.213451418303169944e-03
2.516593248620202701e+02 2.054892311641637832e+02 7.495828520087280053e-03
2.514198776365892343e+02 2.047751679288067521e+02 2.823771017841098917e-03
2.513273520729046311e+02 2.044993197278911623e+02 1.933855303127540379e-03
2.514969066872031931e+02 2.052690882642365011e+02 1.232190989603388579e-03
2.515935053266589705e+02 2.074553459119496779e+02 3.765028023788131529e-04
2.515851281393060503e+02 2.083614769178111601e+02 3.337183930175843978e-04
2.516788088820433700e+02 2.095346254224960489e+02 2.276130578017370419e-03
