2.516938149972632743e+02 1.952903667214011989e+02 1.889801131180441629e-01
2.519073344280240860e+02 2.041898741105637782e+02 4.081554460864805778e-01
2.519325670498084264e+02 2.041989965334792885e+02 4.167852581645685173e-01
2.522085020981572825e+02 2.047734537493158200e+02 3.378945447910965405e-01
2.521329137018792323e+02 2.054495530012771383e+02 2.000547345374931452e-01
2.521739098704615856e+02 2.063089764641488841e+02 1.203247582557927381e-01
2.516957489509213701e+02 2.073186644772851537e+02 2.851669403393541219e-02
2.516533479292099855e+02 2.081800036489691763e+02 6.969531107462141779e-03
2.516865535486225269e+02 2.084911147600802792e+02 4.415252691114759757e-03
2.516976099251961330e+02 2.086846743295019166e+02 6.020799124247399985e-03
2.517254515599343279e+02 2.087614303959131519e+02 5.254515599343185725e-03
2.516937055281882749e+02 2.087104178069695308e+02 5.728881590950556622e-03
2.515316183178252061e+02 2.084074803867907235e+02 3.375296478744754629e-03
2.515300675059295656e+02 2.060174238277686527e+02 0.000000000000000000e+00
2.512506841817186682e+02 2.051230614851304495e+02 0.000000000000000000e+00
2.512273672687465762e+02 2.050498084291187695e+02 0.000000000000000000e+00
2.512031746031746025e+02 2.049937967524174383e+02 0.000000000000000000e+00
2.511350848385331176e+02 2.048417989417989418e+02 0.000000000000000000e+00
2.510039226418536771e+02 2.037328407224958937e+02 7.297938332421090833e-05
2.509773399014778192e+02 2.029242474001094649e+02 6.020799124247399768e-04
2.509848385331143845e+02 2.023903849662470407e+02 4.378762999452654771e-04
2.509844736361977766e+02 2.022583287721218710e+02 4.743659916073708974e-04
2.511018792191206046e+02 2.025117496807151838e+02 3.648969166210545416e-05
2.512431673052362839e+02 2.027091041780697083e+02 2.189381499726327385e-04
2.516141762452107287e+02 2.051393541324575835e+02 0.000000000000000000e+00
2.515822842546980382e+02 2.050915891260718809e+02 0.000000000000000000e+00
2.515747856230614730e+02 2.056972815179711631e+02 2.919175332968436333e-04
2.516010034665206945e+02 2.057984491881043709e+02 1.824484583105272640e-04
2.516161101988688245e+02 2.058161284437146605e+02 3.648969166210545281e-04
2.514771574530195153e+02 2.056137748586024543e+02 1.459587666484218167e-04
2.513879219120598520e+02 2.054440248129903352e+02 3.284072249589491078e-04
2.514336982302499450e+02 2.054906039043970054e+02 3.466520707900018180e-04
2.515031563583287664e+02 2.056067323481116489e+02 3.648969166210545281e-04
2.515590038314176127e+02 2.057590950556467817e+02 3.466520707900018180e-04
2.516134829410691509e+02 2.062832877212187555e+02 2.006933041415800013e-04
2.516344280240832063e+02 2.064386973180076552e+02 1.459587666484218167e-04
2.513905126801678591e+02 2.059298485677796009e+02 9.122422915526363202e-05
2.514761722313446342e+02 2.021860791826309196e+02 0.000000000000000000e+00
2.513617040686006305e+02 2.020254333150884918e+02 0.000000000000000000e+00
2.513490056559022037e+02 2.018899653347929188e+02 3.284072249589491078e-04
2.513713373471994146e+02 2.019224594052180350e+02 2.919175332968436333e-04
2.514788359788359742e+02 2.037684911512497763e+02 0.000000000000000000e+00
2.515003284072249699e+02 2.040069330414158060e+02 2.189381499726327385e-04
2.514894544791096394e+02 2.040511950374019250e+02 4.926108374384236075e-04
2.514382776865535618e+02 2.039914249224594016e+02 6.203247582557926869e-04
2.513981937602627283e+02 2.039676336434957022e+02 1.039956212370005562e-03
2.513636745119503644e+02 2.039284619594964454e+02 1.149425287356321823e-03
2.513980842911877289e+02 2.040056741470534689e+02 1.331873745666849141e-03
2.513719211822660213e+02 2.039876299945265430e+02 1.313628899835796431e-03
2.513157635467980242e+02 2.039110016420361262e+02 1.240649516511585374e-03
2.514201423097974839e+02 2.041116584564860545e+02 1.131180441525269113e-03
2.516446633825944161e+02 2.055038861521620106e+02 0.000000000000000000e+00
2.514864075898558724e+02 2.013526911147600913e+02 1.112935595694216403e-03
2.510917533296843658e+02 1.999047436599160790e+02 9.797482211275314670e-03
2.511403758438241312e+02 1.998575442437511356e+02 4.999087757708447349e-03
2.513569056741470433e+02 2.028176245210727870e+02 0.000000000000000000e+00
2.519710271848202865e+02 2.091738916256157665e+02 4.488232074438970598e-03
2.515898376208721174e+02 2.123670862981207677e+02 6.969531107462141779e-03
2.516852216748768569e+02 2.130686553548622442e+02 1.569056741470534590e-03
2.516554643313264137e+02 2.135741652983032282e+02 1.751505199781061908e-03
2.512227878124429878e+02 2.119370917715745293e+02 1.094690749863163693e-04
2.513533661740558216e+02 2.102523627075351271e+02 5.473453749315818464e-05
2.511975916803503139e+02 2.094389345010034731e+02 0.000000000000000000e+00
2.511567962050720553e+02 2.094380222587119249e+02 0.000000000000000000e+00
2.511436416712278685e+02 2.090062214924283808e+02 0.000000000000000000e+00
2.515409231891990487e+02 2.052448640758985619e+02 0.000000000000000000e+00
2.514407589855865695e+02 2.050970078452837129e+02 0.000000000000000000e+00
2.514577814267469478e+02 2.051096880131362923e+02 0.000000000000000000e+00
2.515278598795840139e+02 2.054825396825396808e+02 0.000000000000000000e+00
2.515950009122422841e+02 2.057842546980477891e+02 0.000000000000000000e+00
2.516205801860974134e+02 2.059140667761357406e+02 1.824484583105272708e-05
2.516069512862616193e+02 2.058873563218390927e+02 7.297938332421090833e-05
2.512887794198138920e+02 2.037594052180259041e+02 0.000000000000000000e+00
2.511592045247217584e+02 2.034095055646779713e+02 1.204159824849479954e-03
2.512163108921729702e+02 2.034669950738916384e+02 2.134646962233169038e-03
2.512377850757161184e+02 2.035233169129720920e+02 2.426564495530012834e-03
2.511686553548622385e+02 2.031545885787265036e+02 1.331873745666849141e-03
2.511933588761174860e+02 2.031519430760810110e+02 1.514322203977376460e-03
2.511668491151249896e+02 2.031219120598430834e+02 3.284072249589491078e-04
2.511542419266557147e+02 2.030179164386061075e+02 5.473453749315818464e-04
2.511195584747308942e+02 2.028287538770297260e+02 3.284072249589491078e-04
2.512251961320926910e+02 2.029656084656084545e+02 3.101623791278963435e-04
2.512005838350665954e+02 2.028682357234081337e+02 3.648969166210545281e-04
2.512160007297938193e+02 2.028772304324028539e+02 3.466520707900018180e-04
2.512605363984674227e+02 2.030829775588396160e+02 1.404853128991059982e-03
2.514173143586936590e+02 2.035785258164568461e+02 2.189381499726327385e-03
2.515870096697682925e+02 2.074431490603904535e+02 0.000000000000000000e+00
2.516114030286444176e+02 2.074560664112388224e+02 1.824484583105272708e-05
2.516299762817004080e+02 2.074844006568144437e+02 2.006933041415800013e-04
2.516081189563948044e+02 2.074487867177522276e+02 4.926108374384236075e-04
2.516360883050538177e+02 2.074720853858785006e+02 8.027732165663200052e-04
2.516462689290275421e+02 2.075634920634920775e+02 6.933041415800036359e-04
2.516889983579638681e+02 2.076947454844006700e+02 1.039956212370005562e-03
2.516923554095967859e+02 2.076902390074803861e+02 1.623791278963692720e-03
2.515373107097244940e+02 2.073433679985404012e+02 9.487319832147417947e-04
2.515191753329684445e+02 2.072552818828680756e+02 4.926108374384236075e-04
2.515131727786900342e+02 2.072394818463783963e+02 4.561211457763181872e-04
2.515283524904214687e+02 2.072736361977741240e+02 5.108556832694764261e-04
2.515593139937967635e+02 2.073199051268016717e+02 3.648969166210545281e-04
2.515892720306513297e+02 2.073484035759897779e+02 4.743659916073708974e-04
2.516604451742382764e+02 2.074962962962962933e+02 6.203247582557926869e-04
2.517875935048348879e+02 2.078774128808611579e+02 4.378762999452654771e-04
2.517919540229885058e+02 2.081052362707535224e+02 8.939974457215836643e-04
2.517999817551541639e+02 2.080963875205254396e+02 1.532567049808429170e-03
2.517888888888888914e+02 2.080795840175150602e+02 1.532567049808429170e-03
2.518558109833971912e+02 2.082144681627440264e+02 2.189381499726327385e-03
2.518094508301404915e+02 2.085264367816091919e+02 1.715015508118956488e-03
2.516144499178981846e+02 2.097951468710089387e+02 1.277139208173691065e-04
2.516538405400474403e+02 2.104521437693851453e+02 8.027732165663200052e-04
2.516751687648239511e+02 2.105250319284802174e+02 1.185914979018427243e-03
2.516765188834154401e+02 2.105523444626892910e+02 2.298850574712643646e-03
2.515320926838168134e+02 2.103889253785805522e+02 1.368363437328954562e-03
2.513459770114942557e+02 2.101750775405947707e+02 8.939974457215836643e-04
2.513700419631454110e+02 2.101478562306148490e+02 9.122422915526363744e-04
2.514239372377303425e+02 2.102076445904032198e+02 1.094690749863163693e-03
2.516572158365261771e+02 2.106642583470169541e+02 9.487319832147417947e-04
2.517101441342820749e+02 2.124301769750045707e+02 2.736726874657909232e-04
2.513132822477650166e+02 2.115630359423462892e+02 1.459587666484218167e-04
2.511339901477832370e+02 2.099869731800766317e+02 0.000000000000000000e+00
2.515890713373472067e+02 2.057412698412698546e+02 2.152891808064221965e-03
2.512149607735814527e+02 2.030739828498449242e+02 2.189381499726327385e-04
2.511681262543331457e+02 2.029811530742565253e+02 3.648969166210545416e-05
2.511463601532566940e+02 2.029389892355409586e+02 1.824484583105272708e-05
2.511367451195037290e+02 2.029270388615216234e+02 1.824484583105272708e-05
2.511288998357963749e+02 2.028927750410508963e+02 0.000000000000000000e+00
2.513582740375843798e+02 2.032990512680167967e+02 0.000000000000000000e+00
2.513875752599890632e+02 2.033343915343915285e+02 0.000000000000000000e+00
2.513742017879948776e+02 2.033168947272395428e+02 1.824484583105272708e-05
2.512287721218755792e+02 2.031223316912972052e+02 0.000000000000000000e+00
2.511883962780514423e+02 2.030636745119503814e+02 0.000000000000000000e+00
2.512038314176245137e+02 2.030826491516146746e+02 1.824484583105272708e-05
2.512220215289180771e+02 2.031441160372194759e+02 1.824484583105272708e-05
2.514498084291187752e+02 2.036697318007662716e+02 1.824484583105272640e-04
2.515406677613574118e+02 2.038494617770479920e+02 6.203247582557926869e-04
2.516394636015325545e+02 2.043733077905491768e+02 2.554278416347382130e-04
2.516895092136471419e+02 2.047140120415982381e+02 3.101623791278963435e-04
2.516982484948002252e+02 2.049117496807151895e+02 5.291005291005291362e-04
2.516970808246670401e+02 2.049698960043787679e+02 2.736726874657909232e-04
2.517017697500455995e+02 2.049660463419084238e+02 3.648969166210545281e-04
2.516693486590038447e+02 2.049439518336070023e+02 3.648969166210545281e-04
2.515321839080459654e+02 2.047480204342273282e+02 5.655902207626345565e-04
2.514606823572340772e+02 2.046743842364531929e+02 5.473453749315818464e-05
2.513639481846378487e+02 2.045498084291187695e+02 0.000000000000000000e+00
2.512213829593139849e+02 2.043551541689472799e+02 0.000000000000000000e+00
2.511707900018244857e+02 2.041988505747126510e+02 0.000000000000000000e+00
2.509561576354679744e+02 2.035192300675059300e+02 0.000000000000000000e+00
2.510317825214376910e+02 2.021492610837438519e+02 2.554278416347382130e-04
2.510074621419448988e+02 2.019189563948184514e+02 2.736726874657909232e-04
2.510302134646962315e+02 2.019586389345010105e+02 2.736726874657909232e-04
2.515424557562488701e+02 2.042008027732165658e+02 0.000000000000000000e+00
2.515926290822842475e+02 2.061542966611932002e+02 6.933041415800036359e-04
2.518430760810071263e+02 2.074795292829775519e+02 6.531654807516876736e-03
2.518042692939244773e+02 2.084992337164750893e+02 4.944353220215289002e-03
2.516108921729611438e+02 2.094284254698047789e+02 1.222404670680532664e-03
2.516116584564860545e+02 2.095771939427111761e+02 1.642036124794745431e-03
2.516035030103995496e+02 2.095757890895822015e+02 2.079912424740011125e-03
2.516097245028279588e+02 2.096269476372924601e+02 2.681992337164750776e-03
2.514123517606276152e+02 2.092816821747856295e+02 1.860974274767378169e-03
2.513520525451559990e+02 2.091810983397190284e+02 1.240649516511585374e-03
2.512640576537128254e+02 2.089336617405582786e+02 9.852216748768472150e-04
2.512432767743112549e+02 2.086774676153986547e+02 7.297938332421090833e-05
2.511838898011311869e+02 2.083114395183360728e+02 4.013866082831600026e-04
2.512226053639846839e+02 2.081448093413610536e+02 2.189381499726327385e-04
2.513086663017697617e+02 2.082243386243386283e+02 3.466520707900018180e-04
2.513691114760080154e+02 2.083425834701696715e+02 1.131180441525269113e-03
2.514201970443349694e+02 2.084191753329684502e+02 1.459587666484218112e-03
2.514805145046524331e+02 2.084950921364714418e+02 1.149425287356321823e-03
2.515568144499179084e+02 2.086205072067141089e+02 1.386608283160007272e-03
2.515853311439518336e+02 2.086929574895092117e+02 1.806239737274220039e-03
2.515772486772486900e+02 2.086760445174238328e+02 1.787994891443167329e-03
2.514271483305965944e+02 2.082381682174785738e+02 4.561211457763181872e-04
2.513327130085750696e+02 2.079946542601715009e+02 1.824484583105272708e-05
2.512890713373471954e+02 2.067679985404123215e+02 0.000000000000000000e+00
2.511165115854770988e+02 2.061064951651158594e+02 9.487319832147417947e-04
2.511350118591497846e+02 2.058487137383689003e+02 6.020799124247399768e-04
2.511911877394636008e+02 2.057036489691662098e+02 8.575077540594782440e-04
2.511933041415800005e+02 2.056128808611567251e+02 0.000000000000000000e+00
2.511514139755519182e+02 2.053072067141032733e+02 3.648969166210545416e-05
2.510708264915161578e+02 2.048073526728699107e+02 0.000000000000000000e+00
2.510888523991972363e+02 2.043225141397555262e+02 1.094690749863163693e-04
2.511912242291552673e+02 2.026868089764641354e+02 9.122422915526363202e-05
2.512460682357234134e+02 2.027595146871009035e+02 5.473453749315818464e-05
2.512712643678160873e+02 2.027902207626345614e+02 1.277139208173691065e-04
2.515663929939792069e+02 2.033785440613026765e+02 3.922641853676336367e-03
2.516583287721218767e+02 2.035491333698230392e+02 5.254515599343185725e-03
2.516242474001094820e+02 2.042580003648969296e+02 3.995621237000547207e-03
2.516237365444262082e+02 2.044104907863528524e+02 4.032110928662653061e-03
2.516479656996898484e+02 2.045686006203247587e+02 3.557744937055281730e-03
2.516714285714285779e+02 2.048451377485860121e+02 2.444809341361065327e-03
2.516839627805144914e+02 2.052489509213647239e+02 1.623791278963692720e-03
2.516872286079182572e+02 2.058241014413428331e+02 4.561211457763181872e-04
2.517892537858054993e+02 2.066750957854406181e+02 3.101623791278963435e-04
2.517944535668673609e+02 2.068673599708082520e+02 3.101623791278963435e-04
2.517891078270388618e+02 2.069515599343185670e+02 3.648969166210545416e-05
2.518248312351760489e+02 2.070317095420543581e+02 2.371829958036854487e-04
2.518639481846378487e+02 2.071382411968618840e+02 1.824484583105272640e-04
2.518492975734355070e+02 2.073359241014413499e+02 3.648969166210545281e-04
2.518902937420178887e+02 2.074981937602627227e+02 5.108556832694764261e-04
2.518537675606641244e+02 2.078239189928845008e+02 6.385696040868455055e-04
2.518685276409414371e+02 2.079797664659733698e+02 8.939974457215836643e-04
2.518090859332238551e+02 2.079086115672322705e+02 8.027732165663200052e-04
2.516962780514504630e+02 2.077031016237912695e+02 6.020799124247399768e-04
2.515355956942163971e+02 2.073466703156358335e+02 1.094690749863163693e-04
2.514673417259624273e+02 2.071333880678708397e+02 1.094690749863163693e-04
2.513787629994526469e+02 2.069700602079912528e+02 1.277139208173691065e-04
2.513276774311256929e+02 2.068376391169494752e+02 1.277139208173691065e-04
2.513368363437328981e+02 2.068348294106914693e+02 2.189381499726327385e-04
2.513190476190476090e+02 2.068157817916438717e+02 2.189381499726327385e-04
2.513320379492793393e+02 2.068275132275132364e+02 2.554278416347382130e-04
2.513837985769020236e+02 2.068700784528370775e+02 9.122422915526363202e-05
2.514137201240649517e+02 2.068922276956759845e+02 5.473453749315818464e-05
2.514347929209998256e+02 2.069206531654807577e+02 1.824484583105272708e-05
2.514660463419084238e+02 2.069555190658638821e+02 1.277139208173691065e-04
2.514694398832329796e+02 2.069510490786352932e+02 1.824484583105272640e-04
2.513916621054551968e+02 2.068324758255792801e+02 1.642036124794745539e-04
2.513596059113300498e+02 2.067273490239007572e+02 1.824484583105272640e-04
2.513644043057836086e+02 2.067291187739463680e+02 3.101623791278963435e-04
2.513640029191753342e+02 2.067177704798394586e+02 2.919175332968436333e-04
2.513979383324210914e+02 2.067751870096697644e+02 4.926108374384236075e-04
2.514682357234081280e+02 2.068761904761904873e+02 1.350118591497901852e-03
2.515322386425834793e+02 2.070400291917533195e+02 1.550811895639481880e-03
2.516815727057106358e+02 2.074347746761539781e+02 7.480386790731618748e-04
2.517644043057836143e+02 2.081557927385513551e+02 4.013866082831600026e-04
2.517525451559934311e+02 2.086763729246487742e+02 9.122422915526363202e-05
2.517090494435321943e+02 2.092116402116402014e+02 2.536033570516329095e-03
2.515931581828133687e+02 2.098385148695493569e+02 4.032110928662653061e-03
2.516592227695676058e+02 2.105863711001642002e+02 2.791461412151067471e-03
2.515885969713555994e+02 2.105340083926290902e+02 2.973909870461594572e-03
2.515784710819193606e+02 2.104357051632913738e+02 3.156358328772121673e-03
2.516483853311439418e+02 2.077651158547710395e+02 6.203247582557926869e-04
2.514271483305965944e+02 2.072716292647327236e+02 1.824484583105272640e-04
2.511963145411421294e+02 2.066593687283342433e+02 4.743659916073708974e-04
2.511786900200693253e+02 2.064536033570516338e+02 5.473453749315818464e-04
2.512405582922824294e+02 2.064906039043970054e+02 6.385696040868455055e-04
2.512696223316912949e+02 2.065293377120963214e+02 7.480386790731618748e-04
2.512708264915161465e+02 2.064783433679985478e+02 1.459587666484218112e-03
2.512132092683816893e+02 2.061302499543878923e+02 1.350118591497901852e-03
2.511325670498084150e+02 2.056750775405947707e+02 1.222404670680532664e-03
2.510775770844736314e+02 2.053161831782521460e+02 5.473453749315818464e-04
2.510435322021529032e+02 2.050177522349936226e+02 3.648969166210545416e-05
2.512223499361430470e+02 2.040647874475460810e+02 2.371829958036854487e-04
2.512333880678708340e+02 2.041652070790001687e+02 3.648969166210545416e-05
2.513067688378033324e+02 2.042810071154898708e+02 1.094690749863163693e-04
2.514097062579821227e+02 2.044392993979200810e+02 5.838350665936872666e-04
2.515644590403211112e+02 2.048377485860244462e+02 2.006933041415799850e-03
2.516912424740010863e+02 2.052181536216018856e+02 3.211092866265280021e-03
2.517407042510490669e+02 2.061091041780696855e+02 1.824484583105272749e-03
2.517476920270023584e+02 2.063848202882685712e+02 9.852216748768472150e-04
2.517487319832147534e+02 2.064386608283159887e+02 5.291005291005291362e-04
2.517687100893997467e+02 2.065035395000912217e+02 7.662835249042145849e-04
2.517854771027184881e+02 2.066360700602079987e+02 1.459587666484218167e-04
2.518133187374566546e+02 2.070671775223499367e+02 2.736726874657909232e-04
2.518357416529830459e+02 2.077331326400291971e+02 6.568144499178982156e-04
2.518487137383689003e+02 2.079163108921729588e+02 8.392629082284254255e-04
2.518480204342273225e+02 2.080094325852946611e+02 6.020799124247399768e-04
2.518658274037584306e+02 2.080640576537128368e+02 6.750592957489509258e-04
2.518846013501186007e+02 2.080966064586754101e+02 1.003466520707899925e-03
2.517034482758620584e+02 2.075896004378762996e+02 5.108556832694764261e-04
2.516029739098704567e+02 2.073534391534391546e+02 2.006933041415800013e-04
2.516118409049443585e+02 2.073528370735267288e+02 3.466520707900018180e-04
2.516428936325488053e+02 2.073955482576172358e+02 2.736726874657909232e-04
2.517236088305053840e+02 2.084403028644408096e+02 1.204159824849479954e-03
2.517320926838168305e+02 2.093868272213099715e+02 1.262543331508848669e-02
2.517045247217660915e+02 2.099618682722131098e+02 1.696770662287903561e-03
2.516114395183360841e+02 2.108421455938697306e+02 6.349206349206349201e-03
2.515821018062397343e+02 2.108734355044699953e+02 6.458675424192665895e-03
2.513720853858784778e+02 2.099224594052180350e+02 1.715015508118956488e-03
2.512323481116584674e+02 2.097155628534938785e+02 1.313628899835796431e-03
2.515552818828680870e+02 2.070141397555190679e+02 0.000000000000000000e+00
2.515256704980842812e+02 2.069890530925013650e+02 0.000000000000000000e+00
2.514573253056011595e+02 2.068295931399379697e+02 1.459587666484218167e-04
2.513556832694763727e+02 2.064849297573435365e+02 0.000000000000000000e+00
2.513620142309797529e+02 2.064812078087940108e+02 0.000000000000000000e+00
2.515008027732165772e+02 2.068814449917898060e+02 1.094690749863163693e-04
2.517769202700237088e+02 2.075035395000912217e+02 0.000000000000000000e+00
2.518722495894909628e+02 2.082481299033023276e+02 7.297938332421090562e-04
2.518367086298120796e+02 2.085024083196497031e+02 6.568144499178982156e-04
2.518519795657726661e+02 2.085946177704798288e+02 6.750592957489509258e-04
2.518240831964969857e+02 2.087532019704433424e+02 4.743659916073708974e-04
2.517984856777960090e+02 2.088017150155081083e+02 6.203247582557926869e-04
2.517362342638204780e+02 2.086937237730341224e+02 1.076445904032110983e-03
2.515129355956942163e+02 2.081793285896734176e+02 4.196314541142127127e-04
2.514683269476372800e+02 2.081000182448458418e+02 4.013866082831600026e-04
2.513832877212187498e+02 2.076865535486225269e+02 1.459587666484218167e-04
2.513364532019704427e+02 2.075705893085203400e+02 1.824484583105272708e-05
2.513612661923006613e+02 2.075712461229702512e+02 1.824484583105272708e-05
2.513820653165480792e+02 2.075051085568326812e+02 3.648969166210545416e-05
2.513140120415982608e+02 2.071966064586754328e+02 3.648969166210545416e-05
2.512766830870279193e+02 2.071227695675971461e+02 7.297938332421090833e-05
2.513010399562123780e+02 2.071360335705163322e+02 9.122422915526363202e-05
2.511411421273490134e+02 2.066592775041050913e+02 0.000000000000000000e+00
2.509861521620142355e+02 2.053065498996533620e+02 1.277139208173691011e-03
2.509023535851121949e+02 2.039964969896004447e+02 2.116402116402116545e-03
2.510455026455026371e+02 2.026153256704980947e+02 6.020799124247399768e-04
2.510013501185914890e+02 2.015826673964604936e+02 3.466520707900018180e-04
2.508379310344827502e+02 2.005630541871921082e+02 1.003466520707899925e-03
2.509590950556467703e+02 1.997058930852034280e+02 6.750592957489509258e-04
2.510982667396460499e+02 1.999798941798941883e+02 1.076445904032110983e-03
2.511600437876300020e+02 2.000427294289363260e+02 2.937420178799489152e-03
2.514202882685641214e+02 2.016145958766648505e+02 5.655902207626345565e-04
2.512674511950374097e+02 2.009292464878671751e+02 6.020799124247399768e-04
2.511740375843824040e+02 2.008033023170954152e+02 1.277139208173691065e-04
2.513751870096697587e+02 2.011886152162014127e+02 6.020799124247399768e-04
2.513203977376391265e+02 2.038725415070242661e+02 7.918263090676884441e-03
2.517501915708812135e+02 2.063814632366356534e+02 5.236270753512133232e-03
2.522067870826491571e+02 2.084280058383506571e+02 2.386425834701696655e-02
2.521230979748221159e+02 2.086243933588761195e+02 1.943076081007115430e-02
2.519022258711913764e+02 2.090859879584017449e+02 8.556832694763729513e-03
2.516250501733260307e+02 2.097249771939427205e+02 3.138113482941069180e-03
2.517115307425652304e+02 2.101432585294654132e+02 3.503010399562123817e-03
2.517460499908775660e+02 2.103965882138296024e+02 8.848750228060572875e-03
2.516754606823572260e+02 2.103235176062762264e+02 8.721036307243204555e-03
2.516657544243751090e+02 2.102828498449188146e+02 9.505564677978471308e-03
2.515707535121328249e+02 2.101695675971538151e+02 8.264915161466886151e-03
2.515975916803502912e+02 2.101944170771757001e+02 8.976464148877941196e-03
2.515863893450100477e+02 2.101939974457215783e+02 1.043605181536215974e-02
2.515844006568144380e+02 2.101846925743477357e+02 1.107462141944900481e-02
2.515968983762087134e+02 2.101928297755883932e+02 1.149425287356321823e-02
2.511748221127531338e+02 2.091897463966429598e+02 1.131180441525269113e-03
2.511739463601532520e+02 2.091094690749863219e+02 5.655902207626345565e-04
2.511953110746214293e+02 2.090606458675424051e+02 4.743659916073708974e-04
2.512261448640759056e+02 2.090918810436051842e+02 6.020799124247399768e-04
2.512982120051085531e+02 2.085352490421455798e+02 3.648969166210545416e-05
2.512242291552636289e+02 2.070841269841269821e+02 2.554278416347382130e-04
2.512080824667031607e+02 2.069493340631271678e+02 2.189381499726327385e-04
2.512373471994161775e+02 2.068187192118226676e+02 1.386608283160007272e-03
2.512127166575442345e+02 2.067550994344097717e+02 1.386608283160007272e-03
2.512594417077175706e+02 2.067811530742565367e+02 3.648969166210545416e-05
2.512860974274767329e+02 2.068256704980842926e+02 1.824484583105272708e-05
2.513366174055829276e+02 2.068845101258894488e+02 3.648969166210545416e-05
2.513701514322204105e+02 2.069265644955300161e+02 2.371829958036854487e-04
2.516002736726874787e+02 2.074815179711731332e+02 2.554278416347382130e-04
2.517834884145229069e+02 2.078138113482941094e+02 1.642036124794745539e-04
2.518068053274949705e+02 2.083584564860426838e+02 9.669768290457946133e-04
2.517577996715927782e+02 2.087640758985586444e+02 1.222404670680532664e-03
2.517353402663747488e+02 2.089880861156723313e+02 1.569056741470534590e-03
2.517021528918080548e+02 2.091417442072614392e+02 2.225871191388432806e-03
2.517158730158730293e+02 2.091188286808976500e+02 4.488232074438970598e-03
2.517065316548075202e+02 2.091000729793833273e+02 4.415252691114759757e-03
2.516842911877394613e+02 2.090958036854588613e+02 3.503010399562123817e-03
2.515105090311986942e+02 2.086222952016055388e+02 8.575077540594782440e-04
2.515989965334792942e+02 2.087016055464331430e+02 1.441342820653165402e-03
2.516516694033935551e+02 2.087898376208721061e+02 1.715015508118956488e-03
2.516781974092318990e+02 2.088595329319467169e+02 2.864440795475278311e-03
2.517101441342820749e+02 2.089605728881591062e+02 3.430031016237912976e-03
2.517020069330414174e+02 2.090545155993431763e+02 2.827951103813172891e-03
2.517036854588578763e+02 2.091351943076080886e+02 2.846195949644225384e-03
2.517242656449552953e+02 2.092156723225688779e+02 3.685458857872650918e-03
2.517255792738551463e+02 2.092301952198504011e+02 4.141580003648968888e-03
2.517185914979018548e+02 2.091934683451924855e+02 4.032110928662653061e-03
2.516308155446086516e+02 2.090904397007845148e+02 3.393541324575807122e-03
2.513961138478379951e+02 2.081600255427841546e+02 6.020799124247399768e-04
2.513990695128626101e+02 2.067905126801678648e+02 0.000000000000000000e+00
2.512425104907863442e+02 2.051853676336434944e+02 2.061667578908958198e-03
2.510669950738916327e+02 2.039441890166028202e+02 5.801860974274767463e-03
2.510318737456668430e+02 2.035625980660463483e+02 2.152891808064221965e-03
2.511033023170954266e+02 2.036693304141579972e+02 2.298850574712643646e-03
2.511787629994526583e+02 2.037745301952198531e+02 2.426564495530012834e-03
2.512631089217296108e+02 2.039298120780879344e+02 2.754971720488962050e-03
2.516118044152526920e+02 2.059708264915161351e+02 2.006933041415800013e-04
2.514630541871921139e+02 2.067175332968436408e+02 1.094690749863163693e-04
2.514017697500456165e+02 2.066329137018792323e+02 5.473453749315818464e-05
2.513672322568874336e+02 2.065920634920634882e+02 5.473453749315818464e-05
2.511384054004743689e+02 2.062270388615216063e+02 5.473453749315818464e-05
2.510381499726327377e+02 2.060267286991424953e+02 0.000000000000000000e+00
2.509672505017332469e+02 2.057563583287721087e+02 0.000000000000000000e+00
2.509776865535486365e+02 2.057248494800219021e+02 0.000000000000000000e+00
2.509588396278051334e+02 2.056659003831417749e+02 0.000000000000000000e+00
2.509693851486954941e+02 2.056327130085750809e+02 0.000000000000000000e+00
2.510229702609013032e+02 2.056320379492793222e+02 0.000000000000000000e+00
2.510477832512315217e+02 2.056650793650793787e+02 0.000000000000000000e+00
2.510850392264185302e+02 2.057180076628352481e+02 0.000000000000000000e+00
2.511318007662835328e+02 2.057498084291187865e+02 0.000000000000000000e+00
2.511608830505382173e+02 2.057826309067688442e+02 3.648969166210545416e-05
2.511555373107097182e+02 2.057720488961868170e+02 3.648969166210545416e-05
2.511326217843459290e+02 2.057050903119868508e+02 1.824484583105272708e-05
2.510318372559751765e+02 2.053602262360882946e+02 0.000000000000000000e+00
2.509804597701149476e+02 2.050492063492063437e+02 3.648969166210545416e-05
2.509470534573982832e+02 2.048866082831600011e+02 3.648969166210545416e-05
2.509506841817186569e+02 2.047262543331508766e+02 1.094690749863163693e-04
2.509289180806422053e+02 2.045051085568326812e+02 2.371829958036854487e-04
2.509563035942346403e+02 2.045273672687465876e+02 4.743659916073708974e-04
2.510380040138660718e+02 2.046625250866630097e+02 3.648969166210545281e-04
2.510521255245393206e+02 2.046802408319649658e+02 1.642036124794745539e-04
2.510380040138660718e+02 2.046557744937055361e+02 2.554278416347382130e-04
2.509997263273125441e+02 2.042152709359606035e+02 2.736726874657909232e-04
2.509203794927932734e+02 2.040381682174785567e+02 1.277139208173691065e-04
2.509307060755336636e+02 2.039592957489509217e+02 2.189381499726327385e-04
2.509031016237912866e+02 2.036973362525086770e+02 1.824484583105272640e-04
2.508930122240467142e+02 2.035653347929209929e+02 4.378762999452654771e-04
2.508879401569056711e+02 2.033769750045612170e+02 5.473453749315818464e-04
2.508426382047071570e+02 2.030510308337894685e+02 4.013866082831600026e-04
2.511138478379857588e+02 2.034056194125159607e+02 6.933041415800036359e-04
2.511894544791096564e+02 2.034557927385513665e+02 9.304871373836890846e-04
2.514065498996533563e+02 2.038715380405035660e+02 1.532567049808429170e-03
2.514884145228972727e+02 2.039985039226418451e+02 1.605546433132640010e-03
2.515496807151979510e+02 2.042855318372559736e+02 1.952198503922641937e-03
2.515886517058930849e+02 2.044887611749680616e+02 1.569056741470534590e-03
2.516389892355409472e+02 2.047335705163291379e+02 1.897463966429483589e-03
2.516649881408501983e+02 2.053924831235175930e+02 5.655902207626345565e-04
2.516690202517788748e+02 2.055634373289545636e+02 8.027732165663200052e-04
2.516443897099069602e+02 2.057518700966976724e+02 5.108556832694764261e-04
2.516536945812807744e+02 2.058111840904944358e+02 7.480386790731618748e-04
2.516621601897464018e+02 2.058475095785440487e+02 8.939974457215836643e-04
2.516765006385695926e+02 2.058923371647509555e+02 1.879219120598430879e-03
2.516834701696770651e+02 2.059075716110198755e+02 1.550811895639481880e-03
2.516902025177887197e+02 2.059185002736726915e+02 1.313628899835796431e-03
2.517106002554278348e+02 2.059727422003284119e+02 1.295384054004743721e-03
2.517133734719941742e+02 2.059780332056194254e+02 1.368363437328954562e-03
2.516804050355774507e+02 2.059320197044334861e+02 1.751505199781061908e-03
2.514839810253603218e+02 2.056522714833059524e+02 1.277139208173691011e-03
2.511138113482941208e+02 2.040375296478744644e+02 2.079912424740011125e-03
2.510347381864623344e+02 2.038539682539682474e+02 2.536033570516329095e-03
2.510232074438970926e+02 2.034681444991789760e+02 1.149425287356321823e-03
2.510037584382411922e+02 2.033327494982667361e+02 8.575077540594782440e-04
2.510145958766648562e+02 2.030675606641123920e+02 8.575077540594782440e-04
2.509663200145958797e+02 2.029586936690384960e+02 1.058201058201058272e-03
2.510057288815909544e+02 2.028926655719759253e+02 1.149425287356321823e-03
2.511911877394636008e+02 2.032835796387520588e+02 6.203247582557926869e-04
2.512137383689107821e+02 2.033139573070607469e+02 5.291005291005291362e-04
2.512289363254880357e+02 2.022783616128443782e+02 1.076445904032110983e-03
2.512015873015872955e+02 2.022431490603904365e+02 8.210180623973727153e-04
2.511197591680350172e+02 2.021209815727057162e+02 1.459587666484218167e-04
2.511134282065316654e+02 2.021293377120963441e+02 1.459587666484218167e-04
2.513380222587119022e+02 2.025383871556285271e+02 6.933041415800036359e-04
2.513922824302134700e+02 2.026739098704615856e+02 6.568144499178982156e-04
2.514914796569968871e+02 2.029123517606276152e+02 6.020799124247399768e-04
2.514918080642218570e+02 2.032978106185002787e+02 8.392629082284254255e-04
2.515422915526363852e+02 2.038455938697318004e+02 1.404853128991059982e-03
2.516015690567414822e+02 2.041032110928662746e+02 1.824484583105272749e-03
2.516225871191388421e+02 2.045697318007662773e+02 4.196314541142127127e-04
2.517214194490056514e+02 2.053659003831417635e+02 5.291005291005291362e-04
2.517537493158182826e+02 2.059919905126801609e+02 1.824484583105272640e-04
2.517662470352125581e+02 2.060880131362889927e+02 2.919175332968436333e-04
2.516670315635832935e+02 2.059524904214559342e+02 4.013866082831600026e-04
2.513832694763729307e+02 2.055510308337894685e+02 1.824484583105272640e-04
2.512760627622696461e+02 2.053814814814814724e+02 2.919175332968436333e-04
2.512615033752964848e+02 2.053474730888524107e+02 4.561211457763181872e-04
2.512847290640393965e+02 2.053710819193577777e+02 4.013866082831600026e-04
2.513302134646962145e+02 2.054264550264550167e+02 3.101623791278963435e-04
2.514206349206349103e+02 2.055413610654989895e+02 5.108556832694764261e-04
2.514488414522897415e+02 2.055678708264915144e+02 4.013866082831600026e-04
2.514740010946907489e+02 2.055748403575989869e+02 4.378762999452654771e-04
2.516052545155993414e+02 2.062727057106367567e+02 8.939974457215836643e-04
2.517363984674329629e+02 2.069112935595694296e+02 8.939974457215836643e-04
2.518070060207991219e+02 2.071985586571793476e+02 2.189381499726327385e-04
2.518311257069877627e+02 2.073047436599160847e+02 2.371829958036854487e-04
2.518785440613026765e+02 2.074430213464696351e+02 2.371829958036854487e-04
2.518818828680897752e+02 2.076007115489874195e+02 4.378762999452654771e-04
2.518893814997263405e+02 2.076869002006933158e+02 1.295384054004743721e-03
2.519133917168399819e+02 2.077553731070972560e+02 1.806239737274220039e-03
2.519289728151797192e+02 2.077754241926655823e+02 2.517788724685276602e-03
2.519311074621419380e+02 2.077820105820105709e+02 2.754971720488962050e-03
2.519308702791461485e+02 2.077719941616493315e+02 2.937420178799489152e-03
2.518984856777960317e+02 2.077290822842547016e+02 2.098157270571063618e-03
2.518710636745119587e+02 2.076868819558474684e+02 2.043422733077905704e-03
2.517407224958949143e+02 2.075039043970078581e+02 1.386608283160007272e-03
2.517137018792191157e+02 2.074782521437693958e+02 1.404853128991059982e-03
2.516726144864075820e+02 2.073961320926838141e+02 1.021711366538952852e-03
2.515448093413610593e+02 2.071960591133004925e+02 6.020799124247399768e-04
2.514416164933406321e+02 2.070032658274037658e+02 3.648969166210545416e-05
2.514498266739645942e+02 2.070022076263455517e+02 7.297938332421090833e-05
2.514920452472176748e+02 2.070405218025907743e+02 2.371829958036854487e-04
2.515294471811713208e+02 2.071006750592957530e+02 1.094690749863163693e-04
2.515538405400474460e+02 2.071442072614486278e+02 4.561211457763181872e-04
2.515825214376938561e+02 2.071867724867724974e+02 5.108556832694764261e-04
2.516049078635285525e+02 2.072132457580733558e+02 6.385696040868455055e-04
2.516088669950738961e+02 2.072158730158730293e+02 6.933041415800036359e-04
2.516171319102353721e+02 2.072221492428388956e+02 7.662835249042145849e-04
2.515872286079182629e+02 2.072116037219485634e+02 8.027732165663200052e-04
2.515742930122240466e+02 2.072062032475825504e+02 6.933041415800036359e-04
2.516020799124247276e+02 2.072523809523809462e+02 1.039956212370005562e-03
2.516666119321291717e+02 2.073659368728334300e+02 1.204159824849479954e-03
2.517916985951468689e+02 2.076841999635103093e+02 1.623791278963692720e-03
2.518693121693121668e+02 2.078628170041963017e+02 1.404853128991059982e-03
2.518597518700966873e+02 2.080669950738916327e+02 9.304871373836890846e-04
2.518405582922824237e+02 2.081598248494800316e+02 1.386608283160007272e-03
2.518543513957307027e+02 2.082189746396642818e+02 1.897463966429483589e-03
2.518743112570698770e+02 2.082486225141397540e+02 2.335340266374749067e-03
2.518718299580368409e+02 2.082354497354497482e+02 2.663747491333698283e-03
2.514320014595876671e+02 2.082765371282612534e+02 7.845283707352672950e-04
2.514346469622331597e+02 2.082763546798029495e+02 3.466520707900018180e-04
2.514738368910782640e+02 2.083161649334062986e+02 4.926108374384236075e-04
2.515298303229337762e+02 2.083429301222404604e+02 8.027732165663200052e-04
2.515565590220762715e+02 2.083712643678160816e+02 7.297938332421090562e-04
2.515837255975187077e+02 2.084282977558839605e+02 8.939974457215836643e-04
2.516122422915526329e+02 2.084553731070972447e+02 1.240649516511585374e-03
2.516425834701696829e+02 2.084857690202517801e+02 1.459587666484218112e-03
2.515634738186462300e+02 2.083646414887794265e+02 9.852216748768472150e-04
2.513687283342455885e+02 2.076667943805874756e+02 3.284072249589491078e-04
2.513453384418901635e+02 2.076410691479657089e+02 2.371829958036854487e-04
2.513358876117496834e+02 2.075690932311621850e+02 5.473453749315818464e-05
2.513046341908410852e+02 2.072687100893997467e+02 0.000000000000000000e+00
2.512778507571611044e+02 2.071335887611749627e+02 0.000000000000000000e+00
2.512387520525451521e+02 2.070175515416894712e+02 0.000000000000000000e+00
2.512862433862433988e+02 2.070276774311257100e+02 0.000000000000000000e+00
2.512777777777777715e+02 2.069916621054552195e+02 0.000000000000000000e+00
2.512505017332603643e+02 2.069123335157817962e+02 2.006933041415800013e-04
2.511260718846925784e+02 2.065934865900383102e+02 1.824484583105272640e-04
2.510437328954570262e+02 2.063498266739645999e+02 1.459587666484218167e-04
2.510272577996715881e+02 2.057911147600802906e+02 6.568144499178982156e-04
2.509714650611202273e+02 2.055567232256887564e+02 5.838350665936872666e-04
2.509930122240467085e+02 2.055191753329684445e+02 1.824484583105272708e-05
2.510204342273307816e+02 2.055428936325488110e+02 0.000000000000000000e+00
2.511079729976281669e+02 2.056493158182813374e+02 7.297938332421090833e-05
2.511429666119321382e+02 2.056817733990147872e+02 9.122422915526363202e-05
2.511661193212917453e+02 2.057195584747308885e+02 3.648969166210545416e-05
2.511398649881408573e+02 2.056886699507389267e+02 7.297938332421090833e-05
2.510715927750410401e+02 2.055627622696588332e+02 7.297938332421090833e-05
2.510070607553366244e+02 2.049091224229155159e+02 4.378762999452654771e-04
2.509394088669950804e+02 2.045998722860791759e+02 4.378762999452654771e-04
2.509303959131545412e+02 2.044206349206349103e+02 8.027732165663200052e-04
2.509657726692209394e+02 2.043374931581828093e+02 1.039956212370005562e-03
2.509862616310892065e+02 2.043100529100529172e+02 1.131180441525269113e-03
2.510807516876482453e+02 2.044507024265645043e+02 1.003466520707899925e-03
2.513217296113847965e+02 2.049103630724320340e+02 3.247582557927385441e-03
2.517414887794198251e+02 2.062085568326947680e+02 1.733260353950009198e-03
2.518851122058018746e+02 2.080990147783251132e+02 1.494252873563218370e-02
2.518121875570151360e+02 2.083518336070060286e+02 2.225871191388432632e-02
2.517414522897281586e+02 2.085871008939974445e+02 1.054552089034847644e-02
2.517313811348294053e+02 2.087904944353220174e+02 7.881773399014777720e-03
2.516674511950374153e+02 2.089830140485312882e+02 3.831417624521072599e-03
2.517074074074074019e+02 2.090167122787812559e+02 5.984309432585294998e-03
2.515918445539135178e+02 2.087891808064221948e+02 4.597701149425287293e-03
2.515629812078088037e+02 2.056181171319102248e+02 0.000000000000000000e+00
2.515487684729064028e+02 2.055827951103813120e+02 0.000000000000000000e+00
2.515572340813720018e+02 2.056461777047983901e+02 0.000000000000000000e+00
2.515712826126619177e+02 2.057501915708812135e+02 0.000000000000000000e+00
2.515915161466885479e+02 2.058676883780331934e+02 3.648969166210545416e-05
2.516243021346469675e+02 2.059469257434774647e+02 0.000000000000000000e+00
2.516442437511402943e+02 2.061257617223134559e+02 1.824484583105272708e-05
2.516559204524721736e+02 2.062901295384054094e+02 0.000000000000000000e+00
2.516536945812807744e+02 2.063400839262908164e+02 1.094690749863163693e-04
2.516705710636745152e+02 2.063832512315270833e+02 1.642036124794745539e-04
2.516985951468710141e+02 2.065315453384419015e+02 1.642036124794745539e-04
2.517318007662835271e+02 2.066481299033023049e+02 1.094690749863163693e-04
2.517444626892902875e+02 2.067138113482941151e+02 2.189381499726327385e-04
2.517432585294654359e+02 2.068015690567414708e+02 3.831417624521072924e-04
2.517425652253238582e+02 2.069938514869549238e+02 4.378762999452654771e-04
2.517604634190841182e+02 2.070798941798941826e+02 6.020799124247399768e-04
2.515678890713373335e+02 2.076616493340631280e+02 1.094690749863163693e-04
2.515643678160919592e+02 2.076500091224229152e+02 7.297938332421090833e-05
2.515908775770844841e+02 2.076802590768108132e+02 7.297938332421090833e-05
2.516136106549899694e+02 2.077063492063492163e+02 1.277139208173691065e-04
2.516332238642583548e+02 2.077233351578179281e+02 2.189381499726327385e-04
2.516643495712461345e+02 2.077601167670133293e+02 7.297938332421090833e-05
2.516935595694216374e+02 2.077946360153256649e+02 0.000000000000000000e+00
2.517258164568509358e+02 2.078304141580003659e+02 1.094690749863163693e-04
2.517408502098157328e+02 2.078447546068235852e+02 7.480386790731618748e-04
2.517641123882503109e+02 2.078734172596241478e+02 8.210180623973727153e-04
2.517842364532019701e+02 2.078905856595511636e+02 1.222404670680532664e-03
2.518091771574530071e+02 2.079105272760445189e+02 1.660280970625798141e-03
2.517778507571611044e+02 2.078537858055099434e+02 1.769750045612114618e-03
2.514395183360700514e+02 2.072297026090129464e+02 6.020799124247399768e-04
2.511722860791826406e+02 2.051929027549717262e+02 1.459587666484218167e-04
2.511453566867359939e+02 2.049752052545156005e+02 1.459587666484218167e-04
2.511387702973909768e+02 2.048782703886152206e+02 1.824484583105272640e-04
2.511368728334245475e+02 2.047550082101806197e+02 1.277139208173691065e-04
2.511486225141397597e+02 2.047572888159095044e+02 9.122422915526363202e-05
2.511872650976099237e+02 2.048605181536215980e+02 7.297938332421090833e-05
2.514186097427476625e+02 2.053067323481116659e+02 1.295384054004743721e-03
2.515763364349571134e+02 2.056762087210363177e+02 1.660280970625798141e-03
2.515925561029009430e+02 2.057098339719029241e+02 1.769750045612114618e-03
2.515802408319649714e+02 2.056699689837620895e+02 1.149425287356321823e-03
2.515641488779419888e+02 2.056143769385148801e+02 1.386608283160007272e-03
2.515830870279146154e+02 2.056543513957307141e+02 6.203247582557926869e-04
2.516186279875934986e+02 2.057088852399197094e+02 8.392629082284254255e-04
2.516541324575807437e+02 2.058682539682539812e+02 1.094690749863163693e-03
2.516610654989965212e+02 2.061041780696953083e+02 1.240649516511585374e-03
2.516891990512680195e+02 2.063077540594781851e+02 1.204159824849479954e-03
2.517661558109834061e+02 2.066817004196314542e+02 5.291005291005291362e-04
2.518048713738369031e+02 2.068555555555555543e+02 6.385696040868455055e-04
2.518099069512862513e+02 2.070756978653530496e+02 4.743659916073708974e-04
2.518068600620324844e+02 2.071918080642218456e+02 3.101623791278963435e-04
2.518358693669038360e+02 2.073227878124429822e+02 8.392629082284254255e-04
2.518270206166757816e+02 2.074920452472176748e+02 8.575077540594782440e-04
2.518626345557379977e+02 2.076612114577631871e+02 1.167670133187374533e-03
2.518903667214011932e+02 2.078827951103813234e+02 2.152891808064221965e-03
2.518716657544243844e+02 2.082194672505017365e+02 8.392629082284254255e-04
2.518879401569056711e+02 2.084044517423827756e+02 1.313628899835796431e-03
2.518694581280788043e+02 2.086749315818281332e+02 1.331873745666849141e-03
2.518372559751870199e+02 2.087816274402481440e+02 1.131180441525269113e-03
2.518271118409049336e+02 2.087808429118773859e+02 1.258894362342638301e-03
2.515152709359605865e+02 2.072224958949096845e+02 0.000000000000000000e+00
2.514033570516329235e+02 2.070165845648604375e+02 0.000000000000000000e+00
2.513081736909323070e+02 2.067142492245940559e+02 0.000000000000000000e+00
2.512445539135194394e+02 2.066008392629082380e+02 0.000000000000000000e+00
2.512534391534391602e+02 2.065843459222769525e+02 0.000000000000000000e+00
2.512794563035942303e+02 2.065804050355774564e+02 7.297938332421090833e-05
2.513063674511950296e+02 2.066086298120780782e+02 7.297938332421090833e-05
2.513413975551906674e+02 2.066302864440795588e+02 7.297938332421090833e-05
2.513592410144134419e+02 2.066516876482393741e+02 6.203247582557926869e-04
2.513703156358328670e+02 2.066742747673782219e+02 5.473453749315818464e-04
2.513795110381317386e+02 2.066848202882685541e+02 5.473453749315818464e-04
2.513590768108009570e+02 2.066417077175697727e+02 0.000000000000000000e+00
2.513704433497536854e+02 2.066430943258529567e+02 0.000000000000000000e+00
2.513892537858055221e+02 2.066591680350300919e+02 0.000000000000000000e+00
2.514164203612479582e+02 2.066771939427111704e+02 7.297938332421090833e-05
2.514287356321839013e+02 2.067115489874110494e+02 3.648969166210545416e-05
2.514399927020616587e+02 2.067268564130633024e+02 5.473453749315818464e-05
2.513547710271848246e+02 2.053316365626710365e+02 5.473453749315818464e-04
2.512462324393358983e+02 2.051773581463236553e+02 5.108556832694764261e-04
2.511494982667396414e+02 2.050357963875205201e+02 7.297938332421090833e-05
2.510212370005473588e+02 2.048658274037584306e+02 6.933041415800036359e-04
2.509655172413793025e+02 2.047530012771392194e+02 8.575077540594782440e-04
2.508531472359058512e+02 2.045592592592592496e+02 1.021711366538952852e-03
2.508053457398285104e+02 2.044312534209086039e+02 1.350118591497901852e-03
2.508027184820288369e+02 2.041856777960226168e+02 2.919175332968436333e-04
2.507997810618500409e+02 2.036912424740010863e+02 4.926108374384236075e-04
2.508536945812807915e+02 2.031235905856595423e+02 1.295384054004743721e-03
2.508382047071702345e+02 2.027690932311622021e+02 1.003466520707899925e-03
2.508795292829775576e+02 2.026860426929392531e+02 1.623791278963692720e-03
2.508865535486225156e+02 2.025700784528370662e+02 1.076445904032110983e-03
2.510148148148148266e+02 2.027459770114942614e+02 9.669768290457946133e-04
2.510319102353585095e+02 2.027581645685093861e+02 9.304871373836890846e-04
2.509258529465425909e+02 2.024886881955847571e+02 2.371829958036854487e-04
2.508633825944170894e+02 2.021028279511038193e+02 1.094690749863163693e-04
2.508589308520342911e+02 2.019552089034847597e+02 3.648969166210545416e-05
2.509002919175333091e+02 2.019703886152161942e+02 1.642036124794745539e-04
2.513756613756613660e+02 2.040323298668126313e+02 0.000000000000000000e+00
2.513736909323116322e+02 2.040551724137931160e+02 0.000000000000000000e+00
2.513701331873745630e+02 2.040129173508483973e+02 0.000000000000000000e+00
2.513878124429848526e+02 2.040425469804780221e+02 0.000000000000000000e+00
2.514058018609742646e+02 2.041279328589673412e+02 0.000000000000000000e+00
2.514444444444444571e+02 2.042249954387885396e+02 1.824484583105272708e-05
2.514907316183178239e+02 2.043155081189563873e+02 1.824484583105272708e-05
2.515126801678525794e+02 2.043922276956759845e+02 7.297938332421090833e-05
2.515486954935230699e+02 2.045925013683634290e+02 9.122422915526363202e-05
2.515622331691297120e+02 2.048333698230250093e+02 1.094690749863163693e-04
2.515833607006020713e+02 2.049278051450465341e+02 9.122422915526363202e-05
2.515852764094143481e+02 2.050683269476373027e+02 1.094690749863163693e-04
2.516192665571975908e+02 2.052955665024630605e+02 1.094690749863163693e-04
2.516814632366356363e+02 2.056870096697682868e+02 2.554278416347382130e-04
2.517484218208356026e+02 2.061282612661923110e+02 1.459587666484218167e-04
2.517157817916438489e+02 2.065438970990695111e+02 2.554278416347382130e-04
2.517209998175515295e+02 2.067665936872833470e+02 1.277139208173691065e-04
2.517562853493888042e+02 2.071460135011859052e+02 6.385696040868455055e-04
2.518096515234446144e+02 2.074692756796204947e+02 2.189381499726327385e-04
2.518677248677248599e+02 2.076799489144316624e+02 3.466520707900018180e-04
2.518648969166210634e+02 2.078056011676701473e+02 5.473453749315818464e-04
2.518694398832329853e+02 2.079324393358876080e+02 1.970443349753694430e-03
2.518651523444627003e+02 2.080104907863528467e+02 1.696770662287903561e-03
2.518423827768655485e+02 2.080956759715380429e+02 1.587301587301587300e-03
2.518733260353949959e+02 2.081380040138660945e+02 2.353585112205801994e-03
2.518502098157270552e+02 2.081107827038861444e+02 1.715015508118956488e-03
2.513655902207626411e+02 2.067964787447546087e+02 7.297938332421090833e-05
2.512848202882685769e+02 2.065755883962780501e+02 0.000000000000000000e+00
2.512351578179164449e+02 2.065014960773581549e+02 0.000000000000000000e+00
2.512468892537858096e+02 2.065026090129538545e+02 0.000000000000000000e+00
2.512869184455391292e+02 2.065526728699142609e+02 3.648969166210545416e-05
2.513477832512315331e+02 2.066128261266192396e+02 1.459587666484218167e-04
2.514751687648239340e+02 2.068522897281517885e+02 3.284072249589491078e-04
2.515982667396460499e+02 2.070790001824484534e+02 4.743659916073708974e-04
2.517198686371100109e+02 2.073115307425652247e+02 2.554278416347382130e-04
2.517284802043422758e+02 2.073403211092866343e+02 6.568144499178982156e-04
2.517282977558839718e+02 2.073685641306331036e+02 6.933041415800036359e-04
2.516545155993431990e+02 2.072681992337164729e+02 7.115489874110563460e-04
2.516492245940521855e+02 2.072639664294836734e+02 1.021711366538952852e-03
2.516367816091953955e+02 2.072477467615398723e+02 4.926108374384236075e-04
2.516667031563583237e+02 2.072942163838715430e+02 3.466520707900018180e-04
2.514815362160189807e+02 2.075781791643860572e+02 1.824484583105272640e-04
2.515946360153256762e+02 2.078157635467980242e+02 1.824484583105272640e-04
2.517280240831964875e+02 2.081295931399379811e+02 4.013866082831600026e-04
2.517753512132822493e+02 2.083288268564130590e+02 2.645502645502645356e-03
2.518311986863710956e+02 2.088344280240831949e+02 6.294471811713190854e-03
2.518314358693669135e+02 2.090453201970443331e+02 1.231527093596059171e-02
2.518234811165845599e+02 2.092373654442619966e+02 1.289910600255427843e-02
2.516728334245575525e+02 2.089558474730888520e+02 6.860062032475825952e-03
2.516707352672870002e+02 2.089549717204889703e+02 8.611567232256887860e-03
2.516688013136289044e+02 2.089526728699142382e+02 8.538587848932676153e-03
2.516741288086115560e+02 2.089600985221674989e+02 8.520343003101624527e-03
2.513690202517788634e+02 2.081785440613026879e+02 1.459587666484218167e-04
2.513424557562488530e+02 2.075259624156175846e+02 0.000000000000000000e+00
2.513089034847655512e+02 2.074163656267104443e+02 0.000000000000000000e+00
2.513307060755336693e+02 2.074356686735997073e+02 1.824484583105272708e-05
2.513380222587119022e+02 2.074347199416164926e+02 7.297938332421090833e-05
2.513756796205072135e+02 2.074784163473818523e+02 1.094690749863163693e-04
2.514320197044334861e+02 2.075730158730158621e+02 2.006933041415800013e-04
2.514580368545885847e+02 2.076062214924283751e+02 2.006933041415800013e-04
2.514648969166210577e+02 2.076016785258164532e+02 2.919175332968436333e-04
2.514523444626892967e+02 2.075576172231344572e+02 3.284072249589491078e-04
2.514319102353585151e+02 2.075325305601167543e+02 2.736726874657909232e-04
2.514452107279693394e+02 2.075296296296296248e+02 6.385696040868455055e-04
2.514202335340266359e+02 2.074952380952381077e+02 4.743659916073708974e-04
2.514189016602809659e+02 2.074924648786717682e+02 4.561211457763181872e-04
2.514276226965882017e+02 2.075051632913701951e+02 4.561211457763181872e-04
2.514883050538223017e+02 2.075991789819375981e+02 3.648969166210545281e-04
2.515590768108009456e+02 2.077060207991242464e+02 5.291005291005291362e-04
2.515812260536398526e+02 2.077660463419084067e+02 7.297938332421090562e-04
2.516228060572888126e+02 2.078452837073526780e+02 1.039956212370005562e-03
2.516565590220762658e+02 2.079023900748038614e+02 1.350118591497901852e-03
2.516962780514504630e+02 2.079593869731800737e+02 2.736726874657909123e-03
2.517428753877029806e+02 2.080068783068783205e+02 3.192848020434227527e-03
2.517424922459405252e+02 2.079976281700419634e+02 2.700237182995803703e-03
2.517079182630906757e+02 2.080362525086663084e+02 2.554278416347382022e-03
2.517694581280788100e+02 2.081189016602809829e+02 3.448275862068965469e-03
2.518059295748950888e+02 2.081440613026819904e+02 3.794927932858967179e-03
2.518302864440795474e+02 2.081600437876300020e+02 4.360518153621602278e-03
2.517871008939974331e+02 2.080886699507389039e+02 3.101623791278963760e-03
2.514612297026090175e+02 2.073498631636562664e+02 3.648969166210545281e-04
2.513625615763546932e+02 2.071752964787447411e+02 1.459587666484218167e-04
2.513345374931581944e+02 2.070877941981390222e+02 1.824484583105272708e-05
2.513047071702244182e+02 2.069981207808793897e+02 3.648969166210545416e-05
2.513037766830870225e+02 2.069670315635832765e+02 1.824484583105272708e-05
2.513359970808246544e+02 2.069963875205254453e+02 5.473453749315818464e-05
2.513496989600437814e+02 2.070230979748221216e+02 7.297938332421090833e-05
2.513815909505564719e+02 2.070687648239372436e+02 3.648969166210545281e-04
2.514637110016420252e+02 2.071793103448275986e+02 4.926108374384236075e-04
2.515331326400291800e+02 2.072902390074803805e+02 8.392629082284254255e-04
2.515759350483488390e+02 2.073564860426929499e+02 9.852216748768472150e-04
2.515822112753147337e+02 2.073674876847290705e+02 9.487319832147417947e-04
2.515754424375114127e+02 2.073665389527458558e+02 9.669768290457946133e-04
2.515189928845101122e+02 2.073112023353402549e+02 7.480386790731618748e-04
2.514349023900747966e+02 2.071084838533114407e+02 6.750592957489509258e-04
2.513269476372924771e+02 2.068896734172596155e+02 6.750592957489509258e-04
2.512372377303411781e+02 2.066582375478927247e+02 4.013866082831600026e-04
2.511841634738186428e+02 2.064173690932311729e+02 2.919175332968436333e-04
2.511829775588396387e+02 2.063104725415070106e+02 2.919175332968436333e-04
2.511558292282430216e+02 2.062330779054917116e+02 1.277139208173691065e-04
2.511839627805144914e+02 2.062292829775588530e+02 1.459587666484218167e-04
2.513698047801496216e+02 2.053744937055281810e+02 2.554278416347382130e-04
2.512552453931764376e+02 2.051140485312899102e+02 1.094690749863163693e-04
2.512198868819558584e+02 2.050621237000547410e+02 7.297938332421090833e-05
2.512019339536580844e+02 2.050330961503375420e+02 9.122422915526363202e-05
2.511263273125342153e+02 2.049328589673417298e+02 1.277139208173691065e-04
2.511635467980295573e+02 2.049730888523992007e+02 1.277139208173691065e-04
2.512144499178982073e+02 2.050395183360700742e+02 1.277139208173691065e-04
2.512505929574895163e+02 2.050749680715198053e+02 1.459587666484218167e-04
2.512648421820835551e+02 2.050903302317095438e+02 1.277139208173691065e-04
2.512926838168217500e+02 2.051313628899835919e+02 1.459587666484218167e-04
2.513532931946725171e+02 2.051911147600802678e+02 1.459587666484218167e-04
2.513933223864258366e+02 2.052519248312351863e+02 2.371829958036854487e-04
2.513324575807334327e+02 2.050913154533844249e+02 1.277139208173691065e-04
2.513363984674329572e+02 2.025688195584747291e+02 2.919175332968436333e-04
2.512043057836161211e+02 2.022076081007115533e+02 7.662835249042145849e-04
2.512529465426017055e+02 2.021931764276591821e+02 8.027732165663200052e-04
2.512908228425469872e+02 2.021102171136653851e+02 6.568144499178982156e-04
2.512790184272942895e+02 2.019250866630177086e+02 6.568144499178982156e-04
2.513620507206714194e+02 2.020387520525451635e+02 7.115489874110563460e-04
2.514020981572705580e+02 2.021058201058201007e+02 8.392629082284254255e-04
2.514741105637657483e+02 2.022207626345557401e+02 1.240649516511585374e-03
2.515079729976281726e+02 2.022839627805145142e+02 1.477832512315271039e-03
2.515002919175333034e+02 2.022683451924831104e+02 1.642036124794745431e-03
2.515175515416894712e+02 2.022895821930304692e+02 1.368363437328954562e-03
2.515322386425834793e+02 2.023315453384418845e+02 1.404853128991059982e-03
2.515548440065681461e+02 2.024003284072249471e+02 2.207626345557379879e-03
2.515318190111293575e+02 2.025088122605363878e+02 2.572523262178434515e-03
2.515140120415982494e+02 2.027133552271483268e+02 2.390074803867907414e-03
2.515817186644772789e+02 2.028674511950374040e+02 1.642036124794745431e-03
2.515822842546980382e+02 2.028798029556650135e+02 1.751505199781061908e-03
2.515892355409596917e+02 2.029242474001094649e+02 1.860974274767378169e-03
2.516142492245940616e+02 2.030281882868089838e+02 2.444809341361065327e-03
2.516297026090129521e+02 2.031540959678890772e+02 2.590768108009487442e-03
2.515659551176792661e+02 2.036207079000182318e+02 2.919175332968436225e-03
2.515996533479292054e+02 2.038374019339536574e+02 2.846195949644225384e-03
2.515636745119503814e+02 2.041216201423098084e+02 2.791461412151067471e-03
2.515806239737274268e+02 2.043419996351030932e+02 4.615945995256339786e-03
2.516156905674147026e+02 2.044943440977923785e+02 3.119868637110016253e-03
2.515661010764459036e+02 2.050200875752599927e+02 2.298850574712643646e-03
2.515664294836708734e+02 2.051598430943258506e+02 1.933953658091589227e-03
2.516306330961503477e+02 2.057329866812625312e+02 1.569056741470534590e-03
2.517224229155263515e+02 2.066806422185732401e+02 8.575077540594782440e-04
2.517905674147053503e+02 2.070272760445174356e+02 4.743659916073708974e-04
2.517257069877759648e+02 2.068758985586571839e+02 6.933041415800036359e-04
2.516436781609195350e+02 2.067666119321291660e+02 6.020799124247399768e-04
2.516500273672687342e+02 2.067707170224411470e+02 7.662835249042145849e-04
2.516653530377668346e+02 2.067359970808246601e+02 9.669768290457946133e-04
2.516822477650063945e+02 2.067383689107826967e+02 1.149425287356321823e-03
2.517047983944535758e+02 2.067692939244663251e+02 1.441342820653165402e-03
2.516849297573435535e+02 2.067607188469257551e+02 8.027732165663200052e-04
2.516812078087940279e+02 2.067559934318555008e+02 8.575077540594782440e-04
2.516857872650976162e+02 2.067351213282247784e+02 7.845283707352672950e-04
2.517142492245940559e+02 2.067754789272030678e+02 8.210180623973727153e-04
2.517104178069695308e+02 2.067752234993614309e+02 6.933041415800036359e-04
2.516932676518883341e+02 2.067549717204889532e+02 8.392629082284254255e-04
2.517088852399197094e+02 2.067745301952198531e+02 1.131180441525269113e-03
2.517380587484035743e+02 2.068082101806239734e+02 1.660280970625798141e-03
2.517361795292829640e+02 2.068078452837073655e+02 1.642036124794745431e-03
2.517785075716110157e+02 2.068689290275497115e+02 2.061667578908958198e-03
2.517879219120598293e+02 2.068654625068418227e+02 2.171136653895274458e-03
2.514346469622331597e+02 2.070650976099252034e+02 0.000000000000000000e+00
2.514005291005290985e+02 2.069906039043970054e+02 0.000000000000000000e+00
2.514237730341178576e+02 2.070180441525268975e+02 0.000000000000000000e+00
2.514101076445903971e+02 2.069940521802590752e+02 0.000000000000000000e+00
2.513618865170589345e+02 2.069019157088122540e+02 0.000000000000000000e+00
2.513848750228060567e+02 2.069299945265462384e+02 0.000000000000000000e+00
2.513720671410326588e+02 2.068956577266922068e+02 0.000000000000000000e+00
2.513340266374749206e+02 2.068049808429118741e+02 0.000000000000000000e+00
2.512547710271848302e+02 2.066664294836708677e+02 0.000000000000000000e+00
2.512709542054369649e+02 2.066744024812990403e+02 0.000000000000000000e+00
2.512801860974274746e+02 2.066797664659733584e+02 0.000000000000000000e+00
2.512665754424374995e+02 2.066628170041963131e+02 1.824484583105272708e-05
2.512751140302864314e+02 2.066798212005108439e+02 9.122422915526363202e-05
2.512821565407772368e+02 2.066778142674694436e+02 1.459587666484218167e-04
2.511817004196314542e+02 2.062322568874293154e+02 0.000000000000000000e+00
2.509927203065134051e+02 2.047355227148330528e+02 0.000000000000000000e+00
2.509138660828315892e+02 2.044648056923919057e+02 0.000000000000000000e+00
2.509006750592957360e+02 2.044420361247947540e+02 1.459587666484218167e-04
2.509610837438423516e+02 2.045268564130633138e+02 2.371829958036854487e-04
2.509989417989417859e+02 2.045659368728334186e+02 2.371829958036854487e-04
2.510347199416164869e+02 2.045893632548805101e+02 1.824484583105272640e-04
2.510427111840905070e+02 2.045722495894909798e+02 1.824484583105272640e-04
2.510677796022623625e+02 2.045823754789271902e+02 1.824484583105272640e-04
2.510764823937237793e+02 2.045894179894179956e+02 1.824484583105272640e-04
2.510609377850757085e+02 2.045523444626892910e+02 1.824484583105272640e-04
2.510810253603357012e+02 2.045687100893997581e+02 1.824484583105272640e-04
2.510466885604816696e+02 2.044916438606093720e+02 3.101623791278963435e-04
2.510419084108739298e+02 2.044867907316183278e+02 3.284072249589491078e-04
2.510366721401204302e+02 2.044766648421820889e+02 3.648969166210545281e-04
2.510654807516876588e+02 2.045109833971903015e+02 2.006933041415800013e-04
2.511184637839810136e+02 2.045651888341543554e+02 3.648969166210545416e-05
2.511299580368545890e+02 2.046073161831782556e+02 0.000000000000000000e+00
2.511343185550082069e+02 2.046063492063491935e+02 0.000000000000000000e+00
2.511666119321291717e+02 2.046561029009304775e+02 1.824484583105272708e-05
2.512221857325305621e+02 2.047816821747856295e+02 5.473453749315818464e-05
2.513425104907863670e+02 2.050246852764094285e+02 2.554278416347382130e-04
2.515713373471994032e+02 2.056257434774676085e+02 1.277139208173691065e-04
2.517414158000364921e+02 2.060908958219303031e+02 3.648969166210545416e-05
2.517801678525816556e+02 2.061731070972450368e+02 1.642036124794745539e-04
2.517864988140850073e+02 2.062864258347017028e+02 2.371829958036854487e-04
2.517748586024448230e+02 2.063439518336070080e+02 2.736726874657909232e-04
2.517640576537128254e+02 2.063462871738733782e+02 2.371829958036854487e-04
2.517747491333698235e+02 2.063480751687648365e+02 3.648969166210545281e-04
2.517808246670315668e+02 2.063737274220032702e+02 1.459587666484218167e-04
2.517849297573435479e+02 2.063799124247400130e+02 2.371829958036854487e-04
2.517887064404305875e+02 2.064293559569421745e+02 2.006933041415800013e-04
2.517963327859879712e+02 2.064382411968618953e+02 4.743659916073708974e-04
2.516823937237730320e+02 2.062637474913337030e+02 1.094690749863163693e-04
2.514435322021528805e+02 2.058870826491516084e+02 1.824484583105272708e-05
2.513831235176062648e+02 2.058186462324393347e+02 3.648969166210545416e-05
2.513613939062214797e+02 2.057869914249224621e+02 3.648969166210545416e-05
2.514179346834519322e+02 2.058462506841817117e+02 1.277139208173691065e-04
2.514611384783798655e+02 2.059016967706622836e+02 3.466520707900018180e-04
2.514843094325852917e+02 2.059165663200145957e+02 4.743659916073708974e-04
2.514608100711548957e+02 2.058890166028097042e+02 5.838350665936872666e-04
2.514993431855500887e+02 2.059528918080642086e+02 4.926108374384236075e-04
2.514922094508301313e+02 2.059448275862068840e+02 5.291005291005291362e-04
2.513965882138296024e+02 2.058076445904032141e+02 2.006933041415800013e-04
2.513467250501733190e+02 2.057071519795657650e+02 1.824484583105272640e-04
2.513695128626163182e+02 2.056996168582375617e+02 5.473453749315818464e-05
2.513671775223499480e+02 2.053448640758985562e+02 7.297938332421090562e-04
2.513659551176792490e+02 2.051998905309250176e+02 1.021711366538952852e-03
2.514045247217661085e+02 2.052536945812807971e+02 1.204159824849479954e-03
2.514094325852946668e+02 2.052580915891260815e+02 1.441342820653165402e-03
2.514048348841452309e+02 2.052402481299033070e+02 1.441342820653165402e-03
2.514139390622149222e+02 2.052480751687648137e+02 1.642036124794745431e-03
2.514126254333150996e+02 2.052411786170406742e+02 1.660280970625798141e-03
2.514125889436234331e+02 2.052287721218755792e+02 1.915708812260536300e-03
2.513847655537310573e+02 2.051769202700237145e+02 1.368363437328954562e-03
2.513280970625798147e+02 2.050826856413063410e+02 1.094690749863163693e-03
2.512507936507936392e+02 2.049643313264002984e+02 7.662835249042145849e-04
2.512136836343732966e+02 2.048019886881955927e+02 3.831417624521072924e-04
2.511294106914796487e+02 2.045996715927750529e+02 0.000000000000000000e+00
2.511383689107827024e+02 2.045698230249954293e+02 3.648969166210545416e-05
2.511314176245210774e+02 2.045483853311439475e+02 7.297938332421090833e-05
2.511469074986316343e+02 2.045240284619594888e+02 0.000000000000000000e+00
2.510280058383506798e+02 2.041303229337711969e+02 0.000000000000000000e+00
2.509843094325852917e+02 2.033875570151432157e+02 5.473453749315818464e-05
2.509784710819193663e+02 2.028550264550264615e+02 1.824484583105272708e-05
2.509741105637657483e+02 2.028475825579273817e+02 1.824484583105272708e-05
2.510249042145593990e+02 2.028671957671957671e+02 1.824484583105272640e-04
2.510180441525268975e+02 2.028339354132457686e+02 2.371829958036854487e-04
2.511462324393358756e+02 2.031174603174603135e+02 1.459587666484218167e-04
2.511749498266739522e+02 2.031411238825031944e+02 1.642036124794745539e-04
2.511790549169859617e+02 2.031455208903484788e+02 1.824484583105272640e-04
2.511636927567961948e+02 2.030416164933406264e+02 1.824484583105272640e-04
2.511593869731800908e+02 2.030128443714650643e+02 2.919175332968436333e-04
2.511446998722860826e+02 2.029760080277321777e+02 1.824484583105272640e-04
2.511888159095055642e+02 2.030461594599525768e+02 7.297938332421090833e-05
2.512001824484583210e+02 2.030813720124064901e+02 2.006933041415800013e-04
2.512081554460864936e+02 2.030988323298668092e+02 1.642036124794745539e-04
2.512222769567597140e+02 2.030965882138295910e+02 1.824484583105272640e-04
2.512586936690385073e+02 2.031444079547527792e+02 6.750592957489509258e-04
2.512821382959313894e+02 2.031890348476555346e+02 5.838350665936872666e-04
2.512587666484218119e+02 2.031715380405035489e+02 5.655902207626345565e-04
2.513088487502280657e+02 2.032347199416165040e+02 6.385696040868455055e-04
2.513421820835613971e+02 2.032813355227148406e+02 4.013866082831600026e-04
2.513781061850027356e+02 2.033203065134099745e+02 1.003466520707899925e-03
2.513962233169129661e+02 2.033815179711731389e+02 1.149425287356321823e-03
2.514086845466155751e+02 2.034741470534573864e+02 1.313628899835796431e-03
2.514449005655902170e+02 2.037001277139208071e+02 1.587301587301587300e-03
2.515132457580733387e+02 2.039626528005838395e+02 1.842729428936325459e-03
2.515834154351395853e+02 2.041315088487502294e+02 1.277139208173691011e-03
2.515831235176062819e+02 2.041755883962780445e+02 1.642036124794745431e-03
2.516118956394818440e+02 2.042752234993614309e+02 1.860974274767378169e-03
2.516087575259988967e+02 2.042723225688743014e+02 2.116402116402116545e-03
2.514242838898011314e+02 2.039514322203977486e+02 1.277139208173691011e-03
2.510953840540047395e+02 2.033399927020616644e+02 5.473453749315818464e-04
2.510257982120050997e+02 2.032547527823389828e+02 5.473453749315818464e-04
2.510688925378580620e+02 2.032513409961685795e+02 5.108556832694764261e-04
2.511102718482028706e+02 2.032734902390074865e+02 3.831417624521072924e-04
