2.520119727425003759e+02 1.771697121973503783e+02 6.085731688746763846e-01
2.525056723008984250e+02 1.988135754530226791e+02 4.713339424394700772e-01
2.521471752702908589e+02 2.098977463072940566e+02 3.681856250951728304e-01
2.515129815745393671e+02 2.160010849703060671e+02 2.311367443276990952e-01
2.516522574996193100e+02 2.223364930714176921e+02 3.610476625552002661e-01
2.521804286584437307e+02 2.285288183340947228e+02 1.246954469316278319e-01
2.521237056494594242e+02 2.285043398812242970e+02 9.907492005481954855e-02
2.521568067610781156e+02 2.305241738998020367e+02 1.332419674128216842e-03
2.519584856098675232e+02 2.302916285975331334e+02 1.218212273488655318e-03
2.514490254301812229e+02 2.198120717222475946e+02 0.000000000000000000e+00
2.515655931171006614e+02 2.039978490939546134e+02 7.195066240292371032e-03
2.517367519415258243e+02 1.878398431551698025e+02 8.458961474036851003e-02
2.513797586416933143e+02 1.795054438860971402e+02 6.256662098370641134e-02
2.511694266788487937e+02 1.789003540429419843e+02 3.096924014009441034e-02
2.515648317344297311e+02 1.809142873458200143e+02 2.582990711131414804e-02
2.513180866453479609e+02 1.719064641388762027e+02 4.444571341556265848e-02
2.512728605146946848e+02 1.632642568905131668e+02 5.476244860666971276e-02
2.516098294502817225e+02 1.754522613065326766e+02 4.958504644434292424e-02
2.513622278056951416e+02 1.825551621745089221e+02 3.192096847875742355e-02
2.516234391655245872e+02 1.886615463682046538e+02 1.465661641541038569e-02
2.515579792903913585e+02 2.014115273336378777e+02 3.026496116948378112e-03
2.518417466118471282e+02 2.084729328460484226e+02 9.917009288868584502e-03
2.517838815288563978e+02 2.087252550631947656e+02 1.549413735343383586e-02
2.517545111923252534e+02 2.093264237855946419e+02 5.272574996193086713e-03
2.514930143139942231e+02 2.083727158519872091e+02 1.351454240901477132e-03
2.513862684635297740e+02 2.074705344906350035e+02 1.903456677326023934e-05
2.512776572255215513e+02 2.038330668493985058e+02 7.423481041571493647e-04
2.512355146946855484e+02 2.036983782549109208e+02 1.199177706715395244e-03
2.519305047967108351e+02 2.080910804020100500e+02 1.770214709913202431e-03
2.516934292675498739e+02 2.111220686767169070e+02 1.362874980965433219e-02
2.513646261611085606e+02 2.141478985838282370e+02 1.260088320389827869e-02
2.515007233135373781e+02 2.182805124105375398e+02 4.454088624942896188e-03
2.513551088777219320e+02 2.180734543931780252e+02 3.844982488198568638e-03
2.513609524897213419e+02 2.182947693010507066e+02 3.635602253692706096e-03
2.513002702908481751e+02 2.180757575757575637e+02 2.055733211512106133e-03
2.515427326024059766e+02 2.128588586873762836e+02 2.855185015989036151e-03
2.514386325567230074e+02 2.093790353281559362e+02 2.683873915029693757e-03
2.516312433379016227e+02 2.051059463986599667e+02 9.136592051164915424e-04
2.517235038830516203e+02 2.001798766560073091e+02 3.306304248515303662e-02
2.513836797624485939e+02 1.966721295873306019e+02 1.930105070808588522e-02
2.512696627074767832e+02 1.938680904522612991e+02 1.589386325567230043e-02
2.511802192782092220e+02 1.919027143292218796e+02 1.684559159433531364e-02
2.516524478452870426e+02 1.868299071113141565e+02 1.722628292980051684e-02
2.516512677021470950e+02 1.869655093650068522e+02 3.199710674585046211e-02
2.514604461702451772e+02 1.914679457895538235e+02 1.576062128825947775e-02
2.514610172072483749e+02 1.946024821075072282e+02 2.249885792599360529e-02
2.517658748286889079e+02 2.001372582610019890e+02 1.853966803715547534e-02
2.516735952489721342e+02 2.054467032130348798e+02 3.254910918227501160e-03
2.516327470686767072e+02 2.055212996802192720e+02 3.578498553372925443e-03
2.511616225064717582e+02 2.026794007918379918e+02 8.413278513781026133e-03
2.510265341860819319e+02 2.020456448911222651e+02 9.917009288868584502e-03
2.515137048880767452e+02 2.044888647784376303e+02 6.262372468402619199e-03
2.517981574539363407e+02 2.107945979899497502e+02 2.664839348256433857e-02
2.518158405664686939e+02 2.145021699406121627e+02 6.262372468402619199e-03
2.514244898736104687e+02 2.183530150753768737e+02 1.014542409014770885e-02
2.514474455611390340e+02 2.195570275620526957e+02 4.838586873762753399e-02
2.518236637734125054e+02 2.141178239683264906e+02 4.035328155931171105e-03
2.516298157453936426e+02 2.096387810263438496e+02 3.064565250494898693e-03
2.514504149535556508e+02 2.015065669255367879e+02 1.496116948378254860e-02
2.512821684178468047e+02 1.938195332724227171e+02 2.491624790619765412e-02
2.515451499923861718e+02 1.863078079792904020e+02 1.692172986142835220e-02
2.514720001522765358e+02 1.775656502208009613e+02 1.560834475407339716e-02
2.512527600121821365e+02 1.730345287041266999e+02 9.679077204202832241e-02
2.515137239226435213e+02 1.756293208466575209e+02 1.135792599360438554e-01
2.517748972133394147e+02 1.888619613217603046e+02 7.568143749048271418e-02
2.518088358458961409e+02 1.993046482412060243e+02 7.273107964062737463e-02
2.515999885792599287e+02 2.084534604842393719e+02 6.662098370641084642e-03
2.517712425765189721e+02 2.141603852596314823e+02 9.355489569057408306e-02
2.517197540733972971e+02 2.159573054667275755e+02 2.063347038221410162e-02
2.514709913202375446e+02 2.167957590985229217e+02 1.147784376427592526e-02
2.513269567534642874e+02 2.151885754530226791e+02 1.465661641541038439e-03
2.513040010659357506e+02 2.096450433988122484e+02 7.804172377036698366e-04
2.513652543018120866e+02 2.078781216689508256e+02 1.294350540581696261e-03
2.518410613674432739e+02 2.028702413583066857e+02 1.391426831125323546e-02
2.517581277600121723e+02 2.029697540733972971e+02 1.163012029846200758e-02
2.516912783615044873e+02 2.054882366377341327e+02 5.006091061367443085e-03
2.517356098675194289e+02 2.066249619308664478e+02 1.001218212273488617e-02
2.516176145880919819e+02 2.064483211512105925e+02 4.891883660727881777e-03
2.514169712197350464e+02 2.040899763971372067e+02 3.540429419826404862e-03
2.511449482259783679e+02 2.029315136287497978e+02 3.331049185320542321e-03
2.511229823359220461e+02 2.026834741891274518e+02 3.026496116948378112e-03
2.515469773107963931e+02 2.034357964062737949e+02 1.104004872849094010e-03
2.516125894624638306e+02 2.041417504187604663e+02 8.927211816659052016e-03
2.516909547738693504e+02 2.044850768996497550e+02 1.250571037003197876e-02
2.517342203441449726e+02 2.060662973960712634e+02 1.656007309273640907e-03
2.517798842698340138e+02 2.065623001370488794e+02 2.969392416628597459e-03
2.517607735647936522e+02 2.065584932236942279e+02 3.102634384041419273e-03
2.517758299071113015e+02 2.067750114207400713e+02 3.350083752093802394e-03
2.519019529465509493e+02 2.076756509821836403e+02 3.806913354652047868e-05
2.518233021166438164e+02 2.075694190650220889e+02 1.903456677326024137e-04
2.514427630577127957e+02 2.067776191563879991e+02 0.000000000000000000e+00
2.511539896451956793e+02 2.052282625247449346e+02 2.779046748895994991e-03
2.513642454697730955e+02 2.012947883356174827e+02 7.423481041571493647e-03
2.511741091822750036e+02 1.996601758793969736e+02 4.549261458809197856e-03
2.510109639104613848e+02 1.985211664382518677e+02 1.060225369270595408e-02
2.510666971219735046e+02 1.959538221410080610e+02 7.537688442211054954e-03
2.514818981269986296e+02 1.902305466727577254e+02 4.358915791076595214e-02
2.512939888838130003e+02 1.896940383736866238e+02 3.106441297396071374e-02
2.515529351301964311e+02 1.915143710979138234e+02 2.099512715090604692e-02
2.513009745698187771e+02 1.952673785594639924e+02 1.237246840261915608e-02
2.515543246535708874e+02 1.983760659357392910e+02 3.110248210750723302e-02
2.516695028171158697e+02 1.998464671844068903e+02 1.865387543779503665e-02
2.513777790467488842e+02 1.987787421958276184e+02 7.728034109943657422e-03
2.515868737627531573e+02 1.994389942134916964e+02 1.798766560073092671e-02
2.516986257042789816e+02 2.010609106136744231e+02 5.386782396832648021e-03
2.517592317648850440e+02 2.020498515303791578e+02 2.152809502055733071e-02
2.515895957058017416e+02 2.048838891426831026e+02 1.237246840261915608e-03
2.516892797319933095e+02 2.050470915181970497e+02 2.493528247297091723e-03
2.517383127760012087e+02 2.061689888838130003e+02 4.187604690117252993e-04
2.516218021927820985e+02 2.099301050708085938e+02 9.079488350845134337e-03
2.518003464291152795e+02 2.120188061519719724e+02 4.768158976701690477e-02
2.516897555961626267e+02 2.120766331658291506e+02 4.035328155931171279e-02
2.515417047358002094e+02 2.118339614740368404e+02 1.667428049337597168e-02
2.517081239530988341e+02 2.089021052230851296e+02 1.903456677326024137e-04
2.514440954773869237e+02 2.082712616110857198e+02 0.000000000000000000e+00
2.513661298918836735e+02 2.080797738693467238e+02 0.000000000000000000e+00
2.517463643977463050e+02 2.093422986142835498e+02 0.000000000000000000e+00
2.517371326328612895e+02 2.118855832191259196e+02 1.517054971828841158e-02
2.513035061671996289e+02 2.158844792142530764e+02 1.100197959494441866e-02
2.515930219278209279e+02 2.192718136135221698e+02 2.135678391959798875e-02
2.512094563727729621e+02 2.188827089995431834e+02 0.000000000000000000e+00
2.509989340642607090e+02 2.182756395614435689e+02 1.903456677326023934e-05
2.508481802954164834e+02 2.177769529465509493e+02 1.027866605756053067e-03
2.515786698644738806e+02 2.135317496573777873e+02 9.517283386630120685e-05
2.515133051621745039e+02 2.133722399878178635e+02 0.000000000000000000e+00
2.515604157149383298e+02 2.135701233439926909e+02 1.522765341860819147e-04
2.515638229023907400e+02 2.136351454240901546e+02 3.235876351454240653e-04
2.515755862646566072e+02 2.136367443276990912e+02 2.664839348256433575e-04
2.513422795797167737e+02 2.117401971981117583e+02 7.613826709304096548e-04
2.512720991320237545e+02 2.113705649459418225e+02 9.707629054362723045e-04
2.516928201614131240e+02 2.137538259479214275e+02 1.142074006395614428e-04
2.515566468707172305e+02 2.184880843611999524e+02 4.358915791076595388e-03
2.515247259022384583e+02 2.194019148774173971e+02 3.934444952032891546e-02
2.514619499010202617e+02 2.192712616110857198e+02 2.200395918988883731e-02
2.513414991624790673e+02 2.158212083142987581e+02 0.000000000000000000e+00
2.512328688899040685e+02 2.133865349474645825e+02 0.000000000000000000e+00
2.511812281102482132e+02 2.124627683873914918e+02 3.616567686919445589e-03
2.511469658900563502e+02 2.111075643368357078e+02 1.218212273488655318e-03
2.511263133851073519e+02 2.099522422719659005e+02 7.613826709304095735e-05
2.514942134917009184e+02 2.050068905131719248e+02 6.091061367443276588e-04
2.519348066088015798e+02 2.007390741586721390e+02 4.225673823663773573e-03
2.515990749200548180e+02 1.927184977919902451e+02 2.109029998477234685e-02
2.516419597989949750e+02 1.877054781483173542e+02 5.436272270443124471e-02
2.516791723770367071e+02 1.837293094259174779e+02 5.489569057408253544e-02
2.517529503578498691e+02 1.868005177402162360e+02 6.705877874219583201e-02
2.514840490330440161e+02 1.921121897365615894e+02 1.056418455915943307e-02
2.515509936043855532e+02 1.987354004872849202e+02 1.273412517131110137e-02
2.517759631490787342e+02 2.068791876046901166e+02 3.578498553372925443e-03
2.518122430333485511e+02 2.079650906045378349e+02 6.985686005786508057e-03
2.518860400487284892e+02 2.083417275772803521e+02 6.871478605146946750e-03
2.519325414953555651e+02 2.087147860514694742e+02 4.701537992995279309e-03
2.518097114359677278e+02 2.096701309578193957e+02 4.244708390437034080e-03
2.515785366225064763e+02 2.125090604537840591e+02 1.218212273488655318e-03
2.512661222780569403e+02 2.153505215471295742e+02 6.205268768082838546e-03
2.514516522003959267e+02 2.181669902543018225e+02 5.443886097152428674e-03
2.511870907568143707e+02 2.176606707781330954e+02 2.493528247297091723e-03
2.516165486523526624e+02 2.141393710979138234e+02 2.664839348256433575e-04
2.516622887163088080e+02 2.112261496878331002e+02 1.499923861732906961e-02
2.514550784224151130e+02 2.094374714481498359e+02 5.234505862646566567e-03
2.514249847723465905e+02 2.081553982031368832e+02 1.446627074767778366e-03
2.513808245774326053e+02 2.060577508755900737e+02 2.855185015989035935e-04
2.513311443581544040e+02 2.055893482564336807e+02 1.332419674128216788e-04
2.512913430790315203e+02 2.054982488198568547e+02 5.710370031978071869e-04
2.513225597685396622e+02 2.055432084665752939e+02 3.806913354652048274e-04
2.513149459418303593e+02 2.055610438556418558e+02 6.281407035175879490e-04
2.512447274250038163e+02 2.054156768691944706e+02 5.900715699710674771e-04
2.509907492005482084e+02 2.039203784071874566e+02 4.948987361047662431e-04
2.509424204355108827e+02 2.030799451804476803e+02 4.187604690117252993e-04
2.509596657530074708e+02 2.031174242424242493e+02 9.326937718897518326e-04
2.509841061367443160e+02 2.031065174356631644e+02 1.332419674128216842e-03
2.509777105223085130e+02 2.030383165829145753e+02 1.332419674128216842e-03
2.510047015379929860e+02 2.030866072788183203e+02 2.208009745698188021e-03
2.510245165220039496e+02 2.031052421196893647e+02 2.931323283082076878e-03
2.510132861276077278e+02 2.024863712501903592e+02 1.351454240901477132e-03
2.510391921729861338e+02 2.020218707172224697e+02 1.294350540581696261e-03
2.510055200243642446e+02 2.017676450433988009e+02 1.522765341860819310e-03
2.510488426983401951e+02 2.008457058017359600e+02 7.804172377036698366e-04
2.510002664839348370e+02 2.007108458961473900e+02 6.091061367443276588e-04
2.510461778589919390e+02 2.002578993452109160e+02 1.332419674128216842e-03
2.509982107507233025e+02 2.001050137048880799e+02 1.522765341860819310e-03
2.513282891731384154e+02 2.008856593573930240e+02 3.540429419826404862e-03
2.513539097000152367e+02 2.036110286279884178e+02 6.662098370641084209e-04
2.511482792751637021e+02 2.031903075985990483e+02 1.865387543779503665e-03
2.515010278666057673e+02 1.997394167808740804e+02 1.857773717070199462e-02
2.511526572255215513e+02 1.982676069742652771e+02 1.844449520328917194e-02
2.515126008832039020e+02 1.927045073854119153e+02 3.894472361809045435e-02
2.511877379320846728e+02 1.908668912745546038e+02 2.394548500076138300e-02
2.513009936043855532e+02 1.913750761382671044e+02 3.369118318867062728e-02
2.512710902999847633e+02 1.948218745241358363e+02 3.342469925384498192e-02
2.516496307294046062e+02 1.991651819704583488e+02 4.219963453631795508e-02
2.518813575453022793e+02 2.007588320389828027e+02 2.887543779503578406e-02
2.514014390132480514e+02 2.051018730013704783e+02 5.729404598751332810e-03
2.518593535861123769e+02 2.074591708542713491e+02 7.404446474798234007e-03
2.518923214557636641e+02 2.076755177402162360e+02 1.113522156235724134e-02
2.519291533424699310e+02 2.077998515303791578e+02 7.804172377036698582e-03
2.519367291000456817e+02 2.079449520328917345e+02 5.976853966803715931e-03
2.518760849703060671e+02 2.080986942287193529e+02 4.853814527181361631e-03
2.517664268311253295e+02 2.089087863560225458e+02 4.092431856250951759e-03
2.518114435815440970e+02 2.090945827622963407e+02 4.948987361047662431e-03
2.517891350692858339e+02 2.090369841632404473e+02 5.443886097152428674e-03
2.517787421958276184e+02 2.090276381909547752e+02 4.968021927820922938e-03
2.516346124562205091e+02 2.088275848941678134e+02 4.587330592355718002e-03
2.516373724684026172e+02 2.088294883508451392e+02 5.329678696512867367e-03
2.516733858687376255e+02 2.089090718745241304e+02 5.900715699710674771e-03
2.517534071874524102e+02 2.091291305009897883e+02 5.329678696512867367e-03
2.517900296939241684e+02 2.099776153494746325e+02 6.909547738693467764e-03
2.516449862951119201e+02 2.129365006852443969e+02 3.502360286279884282e-03
2.516495165220039496e+02 2.129520899954316917e+02 6.072026800670016732e-03
2.517279199025430216e+02 2.136829602558245824e+02 9.707629054362723045e-04
2.517079336074311016e+02 2.136300251256281513e+02 9.517283386630120143e-04
2.515976092584132857e+02 2.133932731841023269e+02 0.000000000000000000e+00
2.515539820313689745e+02 2.132495431703974305e+02 0.000000000000000000e+00
2.515293132328308161e+02 2.132076861580630407e+02 1.142074006395614428e-04
2.515980280188823031e+02 2.132818067610781156e+02 1.903456677326024137e-04
2.512599931475559742e+02 2.125132480584741757e+02 2.093802345058626497e-04
2.514495012943505401e+02 2.091658481802954270e+02 1.522765341860819147e-04
2.513986218973656150e+02 2.083047053449063526e+02 1.617938175727120544e-03
2.514829640627379206e+02 2.084847152428810659e+02 2.074767778285366206e-03
2.516557788944723484e+02 2.094032282625247490e+02 5.710370031978071869e-04
2.515578270138571781e+02 2.113066849398507827e+02 1.370488807674737422e-03
2.518276039287345895e+02 2.131933531292827695e+02 1.722628292980051684e-02
2.518178962996802284e+02 2.137535975331201428e+02 1.505634231764885027e-02
2.517111314146490031e+02 2.140965433226739663e+02 9.517283386630119926e-03
2.516901933911984202e+02 2.140800974569818891e+02 7.594792142530835607e-03
2.514400601492310159e+02 2.132685206334703878e+02 1.123039439622354300e-03
2.514266217450890792e+02 2.099628254910918201e+02 7.613826709304095735e-05
2.512682351149687747e+02 2.088627988426983393e+02 0.000000000000000000e+00
2.513149840109639115e+02 2.051534186081924815e+02 1.827318410232983085e-03
2.511565593117100548e+02 2.048031254758641637e+02 1.636972742500380617e-03
2.510742919141160314e+02 2.040968288411755793e+02 1.522765341860819147e-04
2.510007042789706020e+02 2.038626465661641589e+02 1.522765341860819147e-04
2.510167884878940185e+02 2.038173442972438067e+02 7.613826709304095735e-05
2.510240025887010802e+02 2.038216651439013276e+02 7.613826709304095735e-05
2.510837901629358839e+02 2.039566582914572734e+02 2.855185015989035935e-04
2.511781825795644920e+02 2.041354880462920676e+02 2.474493680523831216e-04
2.512014237855946419e+02 2.041979214253083512e+02 2.855185015989035935e-04
2.511629739607126623e+02 2.041366681894320152e+02 2.855185015989035935e-04
2.511522765341860861e+02 2.041152352672453105e+02 3.045530683721638294e-04
2.511028247297091411e+02 2.040067001675041922e+02 1.713111009593421778e-04
2.509952794274402379e+02 2.036291685701233405e+02 9.517283386630120685e-05
2.513555276381909493e+02 2.024382328308207661e+02 4.377950357849855353e-04
2.513573168874676469e+02 2.024529275163697264e+02 4.377950357849855353e-04
2.513616186995583917e+02 2.024588091975026600e+02 6.091061367443276588e-04
2.514148583828232120e+02 2.025421425308360028e+02 3.806913354652048274e-04
2.513909509669559839e+02 2.025109639104613848e+02 8.946246383432313607e-04
2.513493414039896550e+02 2.006569400030455199e+02 4.891883660727881777e-03
2.513801012638952272e+02 2.006051088777219320e+02 9.193695751484695644e-03
2.514450281711588104e+02 2.008659014770823887e+02 7.766103243490178436e-03
2.514835922034414466e+02 2.012890018273184012e+02 1.073549566011877503e-02
2.515579602558245824e+02 2.047708809197502546e+02 0.000000000000000000e+00
2.516131224303334761e+02 2.048832990711131288e+02 1.142074006395614428e-04
2.517170892340490411e+02 2.053702032891731335e+02 5.710370031978072140e-05
2.517136059083295265e+02 2.058613522156235831e+02 5.710370031978072140e-05
2.517791990254301879e+02 2.062632670930409517e+02 0.000000000000000000e+00
2.517961207552916107e+02 2.063412707476777825e+02 0.000000000000000000e+00
2.516022346581391673e+02 2.060310263438404093e+02 0.000000000000000000e+00
2.511546939241662812e+02 2.037072864321607994e+02 5.367747830059387514e-03
2.511049375666209755e+02 2.033179343688137521e+02 4.777676260088320470e-03
2.510703327242271996e+02 2.031395995127150798e+02 2.874219582762296225e-03
2.510411717679305639e+02 2.030414192172986247e+02 2.988426983401857966e-03
2.510589500532967975e+02 2.030506890513171925e+02 9.707629054362723045e-04
2.511375057103700215e+02 2.033522156235724196e+02 1.142074006395614374e-03
2.514542028323435261e+02 2.043338282320694361e+02 9.326937718897518326e-04
2.515477386934673234e+02 2.047100654789097121e+02 5.710370031978071869e-04
2.515976092584132857e+02 2.049318943200852630e+02 8.946246383432313607e-04
2.516404751027866666e+02 2.051264656616415323e+02 1.180143139942134954e-03
2.516647251408558077e+02 2.052562433379016227e+02 1.065935739302573430e-03
2.516692172986142850e+02 2.054746078879244635e+02 1.465661641541038439e-03
2.516844259174661147e+02 2.055056532663316489e+02 1.579869042180599963e-03
2.514909776153494647e+02 2.052222856707781204e+02 1.046901172529313140e-03
2.511364968783310587e+02 2.043021927820922770e+02 1.903456677326024137e-04
2.510354423633318106e+02 2.029275734734277421e+02 5.710370031978071869e-04
2.511636782396832643e+02 2.010197769148774114e+02 1.256281407035175898e-03
2.510636896604233357e+02 2.005662402923709351e+02 3.007461550175118039e-03
2.510625856555504924e+02 2.004738084361199810e+02 2.455459113750571142e-03
2.510014466270747562e+02 2.000210522308512395e+02 9.326937718897518326e-04
2.510003426222019129e+02 1.995816582914572734e+02 5.139333028780265333e-04
2.510502512562813990e+02 1.991824272879549369e+02 7.423481041571493647e-04
2.510419521851682703e+02 1.991818372163849631e+02 1.827318410232983085e-03
2.516443962235419463e+02 2.011683797776762503e+02 4.435054058169635681e-03
2.515043208466575209e+02 2.046535137810263336e+02 1.092584132785137836e-02
2.515294845439317726e+02 2.051753464291152795e+02 1.195370793360743186e-02
2.515833714024668666e+02 2.052670169026953033e+02 6.547890970001522468e-03
2.515230508603624173e+02 2.051238769605603807e+02 4.910918227501142284e-03
2.513979366529617892e+02 2.048676526572255341e+02 1.636972742500380617e-03
2.512631148165067714e+02 2.044798233592203474e+02 1.084970306075833720e-03
2.511940954773869237e+02 2.042995660118775731e+02 5.139333028780265333e-04
2.512554058169636164e+02 2.044493870869499119e+02 6.852444038373687110e-04
2.515572940459875042e+02 2.051853586112380015e+02 3.407187452413583048e-03
2.517397022993756650e+02 2.064017054971828884e+02 1.884422110552763738e-03
2.517636668189431930e+02 2.067865082990711016e+02 1.522765341860819310e-03
2.517181742043551083e+02 2.067479823359220461e+02 1.294350540581696261e-03
2.517122544540886224e+02 2.067611923252626696e+02 1.560834475407339673e-03
2.517411869955839734e+02 2.069465890056342232e+02 1.065935739302573430e-03
2.516237437185929764e+02 2.088891426831125386e+02 1.522765341860819147e-04
2.514814222628292839e+02 2.100974379473123292e+02 8.032587178315821197e-03
2.516998439165524530e+02 2.123272993756662004e+02 1.267702147099132072e-02
2.516126846352977111e+02 2.130011611085731715e+02 1.054514999238617343e-02
2.515399725902238401e+02 2.128476663621135856e+02 1.191563880006091085e-02
2.514434673366834261e+02 2.123739150296939329e+02 1.016445865692096849e-02
2.512834627683873805e+02 2.111362494289629979e+02 3.426222019186843555e-04
2.510954964215014513e+02 2.107102177554438924e+02 4.758641693315060072e-04
2.511738617329069712e+02 2.107678163544997574e+02 6.471752702908481307e-04
2.512105223085122532e+02 2.107646185472818559e+02 6.852444038373687110e-04
2.512240939546215941e+02 2.107873077508755841e+02 7.423481041571493647e-04
2.511766598142226314e+02 2.107060872544540757e+02 4.568296025582457712e-04
2.511769834018577683e+02 2.106991586721486271e+02 4.187604690117252993e-04
2.516577394548500024e+02 2.075064907872696836e+02 0.000000000000000000e+00
2.516714062737931954e+02 2.075127341251713062e+02 3.045530683721638294e-04
2.518343802345058577e+02 2.081919065022080133e+02 4.948987361047662431e-04
2.518513590680676089e+02 2.082517321455763692e+02 6.852444038373687110e-04
2.518421273031825933e+02 2.086433112532358791e+02 6.091061367443276588e-04
2.518498553372925244e+02 2.086958847266636212e+02 6.662098370641084209e-04
2.518912364854575969e+02 2.087747068676716822e+02 2.740977615349474844e-03
2.516998058474189008e+02 2.083670625856555603e+02 2.055733211512106133e-03
2.516212692249124530e+02 2.082838434597228456e+02 1.104004872849094010e-03
2.515918417846809803e+02 2.082094563727729621e+02 5.139333028780265333e-04
2.516577394548500024e+02 2.083052002436424459e+02 1.084970306075833720e-03
2.517085617481345992e+02 2.084100997411298977e+02 1.389523374447997495e-03
2.517448225978376684e+02 2.084921577584894123e+02 1.465661641541038439e-03
2.517844716004263717e+02 2.087815212425765310e+02 1.941525810872544609e-03
2.518002131871478468e+02 2.088047624486066809e+02 2.112836911831886787e-03
2.517530264961169451e+02 2.090016179381757411e+02 5.710370031978072303e-03
2.517871935434749560e+02 2.090489378711740471e+02 6.072026800670016732e-03
2.517454317039744183e+02 2.089838396528095075e+02 6.566925536774782975e-03
2.515990178163544897e+02 2.064596467184406947e+02 0.000000000000000000e+00
2.515923557179838497e+02 2.065192249124409898e+02 0.000000000000000000e+00
2.515978757423480943e+02 2.065301317192020747e+02 0.000000000000000000e+00
2.516174813461245492e+02 2.067586416933150701e+02 0.000000000000000000e+00
2.516407796558550274e+02 2.068771889751789388e+02 0.000000000000000000e+00
2.515968669103091315e+02 2.067859372620679039e+02 0.000000000000000000e+00
2.514640437033653200e+02 2.064779579716765738e+02 0.000000000000000000e+00
2.512003388152885748e+02 2.046556456525049441e+02 9.517283386630120685e-05
2.515225940307598478e+02 2.011019491396375827e+02 5.139333028780265333e-04
2.513494936805238353e+02 1.988857164610933523e+02 2.752398355413430628e-02
2.513933493223694313e+02 1.989432389218821413e+02 2.089995431703974352e-02
2.515309692401400810e+02 1.993912364854575969e+02 8.641693315060148747e-03
2.516994822597837640e+02 2.008456106289020795e+02 5.139333028780264899e-03
2.514585617481345992e+02 2.024338168113293648e+02 3.426222019186843555e-04
2.514928049337597145e+02 2.038911984163240447e+02 1.530379168570123426e-02
2.515375742348104211e+02 2.054791571493832691e+02 3.502360286279884282e-03
2.515634422110552748e+02 2.056724341403989627e+02 2.512562814070351796e-03
2.516154065783462670e+02 2.058300213187147847e+02 1.541799908634079383e-03
2.517007004720572638e+02 2.060282853662250773e+02 2.360286279884269908e-03
2.517265684483021175e+02 2.067851949139637497e+02 8.946246383432313607e-04
2.518483896756509921e+02 2.079888457438708826e+02 2.855185015989035935e-04
2.519261649154865097e+02 2.082447274250038163e+02 6.852444038373687110e-04
2.518086645347951844e+02 2.088600768996497550e+02 8.565555047967107804e-04
2.517721943048576350e+02 2.095982183645500356e+02 3.083599817268158766e-03
2.514475216994061100e+02 2.086651058321912728e+02 1.142074006395614428e-04
2.514620831429876660e+02 2.085649269072635832e+02 2.093802345058626497e-04
2.516195180447693076e+02 2.089409547738693504e+02 4.377950357849855353e-04
2.516661717679305639e+02 2.089953936348408661e+02 6.662098370641084209e-04
2.516953898279275279e+02 2.090374409928430168e+02 1.979594944419064972e-03
2.514883889142683131e+02 2.083124524135830598e+02 3.806913354652047868e-05
2.514527371707019938e+02 2.082555390589310207e+02 6.852444038373687110e-04
2.514093383584589674e+02 2.081383241967412800e+02 6.852444038373687110e-04
2.514364626161108447e+02 2.081428924927668618e+02 7.994518044769301267e-04
2.514169331506014942e+02 2.057171653723161171e+02 0.000000000000000000e+00
2.514248895995127100e+02 2.023793398812242970e+02 1.014542409014770885e-02
2.512393216080401999e+02 2.018598484848484986e+02 4.568296025582457712e-04
2.514093954621592673e+02 2.025035594639865906e+02 1.065935739302573430e-03
2.515493566316430645e+02 2.029929952794274470e+02 1.161108573168874664e-03
2.515367557484391625e+02 2.029676793056190149e+02 1.332419674128216842e-03
2.513667009288868712e+02 2.027102177554438924e+02 1.294350540581696261e-03
2.517350388305162312e+02 2.000724455611390340e+02 2.969392416628597459e-03
2.514867900106593481e+02 1.995254111466423126e+02 2.721943048576214337e-03
2.512349626922491268e+02 1.988331620222323863e+02 7.499619308664534807e-03
2.511112760773564787e+02 1.984881224303334761e+02 4.073397289477691252e-03
2.514866186995583917e+02 2.010846276838739186e+02 1.180143139942134954e-03
2.515402390741586771e+02 2.043001180143139948e+02 8.508451347647327800e-03
2.516066126084970165e+02 2.046095629663468856e+02 1.737855946398660090e-02
2.516100388305162312e+02 2.050633470382214227e+02 2.169940612151667440e-03
2.516196703213034880e+02 2.052002246078879182e+02 1.370488807674737422e-03
2.516228110248210612e+02 2.054045226130653248e+02 1.484696208314298729e-03
2.516521623267854295e+02 2.055014846962083084e+02 2.550631947616872376e-03
2.517284719049794433e+02 2.065513362265874946e+02 2.093802345058626497e-04
2.516236295111923198e+02 2.092850997411298977e+02 0.000000000000000000e+00
2.516014161717679372e+02 2.104232526267702212e+02 1.214405360134003346e-02
2.515950395918988818e+02 2.103738579259936046e+02 1.220115730165981412e-02
2.516319285823054770e+02 2.072794464747982204e+02 0.000000000000000000e+00
2.515812014618547323e+02 2.072050022841480086e+02 0.000000000000000000e+00
2.515080135526115441e+02 2.093913126237246729e+02 0.000000000000000000e+00
2.517089424394700643e+02 2.136823892188213847e+02 4.910918227501142284e-03
2.518526724531749608e+02 2.141189279731993338e+02 5.976853966803715931e-03
2.517207438708695122e+02 2.138797776762600904e+02 4.644434292675498656e-03
2.513267093040962266e+02 2.100330440079183916e+02 6.471752702908481307e-04
2.513573168874676469e+02 2.061653532815593053e+02 6.662098370641084209e-04
2.511307865082990816e+02 2.036436348408710160e+02 6.167199634536317532e-03
2.512627341251713062e+02 2.038348941678087272e+02 9.707629054362723262e-03
2.512541114664230122e+02 2.037345629663468856e+02 4.168570123343992920e-03
2.511438061519719724e+02 2.030910613674432739e+02 2.493528247297091723e-03
2.512347533120146181e+02 2.032815593117100548e+02 3.159738084361199927e-03
2.516541609562966357e+02 2.058366834170854247e+02 0.000000000000000000e+00
2.516515532206487080e+02 2.059392416628597573e+02 1.903456677326024137e-04
2.515313880006090983e+02 2.057281102482107542e+02 2.284148012791228856e-04
2.512669217298614228e+02 2.044753502360286177e+02 3.426222019186843555e-04
2.511837977767625887e+02 2.025210141617176873e+02 1.389523374447997495e-03
2.511502398355413561e+02 2.024082153190193480e+02 1.484696208314298729e-03
2.512972628292980062e+02 2.027699101568448441e+02 3.178772651134460000e-03
2.513699368052383250e+02 2.033182198873153652e+02 2.912288716308816805e-03
2.514819171615654056e+02 2.038924927668646205e+02 2.664839348256433683e-03
2.515608344754073471e+02 2.047582038982792767e+02 4.320846657530074374e-03
2.515564374904827218e+02 2.048051050708085938e+02 3.197807217907720507e-03
2.513619232526267808e+02 2.044085579412212610e+02 1.865387543779503665e-03
2.511596238769605520e+02 2.040537155474341375e+02 1.180143139942134954e-03
2.510672681589767024e+02 2.038579450281711729e+02 1.180143139942134954e-03
2.510463682046596716e+02 2.038154218059997049e+02 1.218212273488655318e-03
2.510862836911831835e+02 2.037926945332724245e+02 1.522765341860819310e-03
2.511045378407187343e+02 2.037914001827318486e+02 1.465661641541038439e-03
2.512000342622201856e+02 2.039510811633927290e+02 1.979594944419064972e-03
2.515981422262829312e+02 2.057319742652657339e+02 1.142074006395614428e-04
2.518092736409319343e+02 2.069605413430790293e+02 6.585960103548043482e-03
2.518105679914725101e+02 2.070505938784833120e+02 4.948987361047662431e-03
2.516615082990711016e+02 2.067515417999086367e+02 3.331049185320542321e-03
2.514727805695142422e+02 2.062658938632556840e+02 7.042789706106288928e-04
2.515348332571950607e+02 2.063676716917922818e+02 1.008832038982792776e-03
2.516769643672909922e+02 2.068897137201157364e+02 5.900715699710674771e-04
2.518109867519415275e+02 2.073579259936043968e+02 5.710370031978072140e-05
2.517856898126998715e+02 2.072958923404903260e+02 5.710370031978072140e-05
2.514166857012334333e+02 2.063827470686767072e+02 3.616567686919445915e-04
2.512154522613065240e+02 2.060618242728795622e+02 0.000000000000000000e+00
2.514378521394853010e+02 2.024414687071722199e+02 0.000000000000000000e+00
2.510177211816659053e+02 2.014124029237094646e+02 2.836150449215775644e-03
2.508327051926298168e+02 2.005176450433988009e+02 1.941525810872544609e-03
2.509592660271052296e+02 1.986363446017968499e+02 9.136592051164914990e-03
2.512619917770671520e+02 1.952097228567077707e+02 1.492310035023602932e-02
2.512244175422567309e+02 1.951156159585807757e+02 1.833028780264961063e-02
2.513645690574082607e+02 1.970458733059235499e+02 4.315136287498096829e-02
2.517568905131719248e+02 2.001958466575300690e+02 2.628673671387239327e-02
2.519115273336378777e+02 2.012129396984924483e+02 2.849474645957058086e-02
2.517946360590833024e+02 2.021668570123343898e+02 2.615349474645957059e-02
2.515784414496725958e+02 2.017972818638647823e+02 1.111618699558397996e-02
2.513217793513019558e+02 2.001602329830973019e+02 1.945332724227196580e-02
2.512728414801279087e+02 1.998919217298614228e+02 1.399040657834627749e-02
2.514154674889599619e+02 2.001214215014466333e+02 1.579869042180600050e-02
2.517617252931323151e+02 2.014942896299680228e+02 7.309273640931932339e-03
2.515476815897670235e+02 2.045909661946094218e+02 1.886325567230089789e-02
2.515227843764275804e+02 2.052019186843307352e+02 1.195370793360743186e-02
2.517392454697730955e+02 2.075932313080554366e+02 0.000000000000000000e+00
2.517435663164306447e+02 2.077623534338358411e+02 1.218212273488655318e-03
2.515225940307598478e+02 2.066006357545302308e+02 0.000000000000000000e+00
2.514383660727881704e+02 2.031022156235724196e+02 7.309273640931932339e-03
2.510889675650982156e+02 2.019566773260240495e+02 2.779046748895994991e-03
2.510836188518349275e+02 2.018824805847418986e+02 3.616567686919445589e-03
2.513319628445256626e+02 2.025325871783158220e+02 3.407187452413583048e-03
2.514440764428201476e+02 2.031127036698644872e+02 2.131871478605146860e-03
2.514979061976549417e+02 2.035211474036850916e+02 1.560834475407339673e-03
2.515151324805847537e+02 2.036342507994517916e+02 1.922491244099284319e-03
2.515684673366834261e+02 2.041774783005938900e+02 2.017664077965585553e-03
2.517471448149840114e+02 2.051036432160803997e+02 1.008832038982792776e-03
2.518023450586264573e+02 2.058723732297852962e+02 0.000000000000000000e+00
2.517840718745241304e+02 2.063817953403380443e+02 2.855185015989035935e-04
2.518573739911679752e+02 2.073089310187300214e+02 9.517283386630120685e-05
2.517165753007461433e+02 2.070689051317191911e+02 2.664839348256433575e-04
2.516740330440079276e+02 2.013658063042485082e+02 7.766103243490178436e-03
2.513006509821836403e+02 1.975441411603471806e+02 3.292980051774021741e-03
2.510461968935587151e+02 1.967726320998934000e+02 3.102634384041419273e-03
2.512245507842241636e+02 1.970433988122430264e+02 3.007461550175118039e-03
2.515604918532054342e+02 2.013798538145271948e+02 1.827318410232983085e-03
2.514663468859448869e+02 2.047565288564032357e+02 4.149535556570732413e-03
2.514817458504644492e+02 2.058372925232221746e+02 1.052611542561291379e-02
2.515216613369879610e+02 2.063036584437338092e+02 4.092431856250951759e-03
2.515978757423480943e+02 2.067567001675041922e+02 6.852444038373687110e-04
2.516288449824882036e+02 2.068183150601492173e+02 2.074767778285366206e-03
2.516738807674737188e+02 2.069313423176488413e+02 2.740977615349474844e-03
2.515321874524135808e+02 2.066103243490178158e+02 2.912288716308816805e-03
2.513700700472057292e+02 2.022943315060149132e+02 1.389523374447997495e-03
2.509704583523678991e+02 2.007081239530988341e+02 8.184863712501903085e-04
2.509508337140246681e+02 2.005157796558550274e+02 5.443886097152428674e-03
2.512970534490634975e+02 2.012789896451956793e+02 4.035328155931171105e-03
2.514578574691639972e+02 2.035662212578041590e+02 1.465661641541038439e-03
2.515212616110857198e+02 2.069570199482259909e+02 2.607735647936653030e-03
2.515148850312166928e+02 2.069648431551698025e+02 3.635602253692706096e-03
2.514240330440079276e+02 2.067226663621135856e+02 1.636972742500380617e-03
2.513200852748591387e+02 2.064719240140094314e+02 3.045530683721638294e-04
2.513037536165676897e+02 2.064142302421196860e+02 3.045530683721638294e-04
2.512942172986142850e+02 2.063896185472818559e+02 3.806913354652048274e-04
2.513196855489568975e+02 2.064510050251256246e+02 6.281407035175879490e-04
2.513487894015532333e+02 2.065172453174965597e+02 6.471752702908481307e-04
2.515445028171158697e+02 2.074791190802497454e+02 3.806913354652047868e-05
2.516509631490787342e+02 2.076194228719354271e+02 3.806913354652047868e-05
2.516890513171920247e+02 2.076840071569970974e+02 7.613826709304095735e-05
2.518969278209227980e+02 2.080233363788640304e+02 6.167199634536317532e-03
2.519106136744327671e+02 2.087106745850464335e+02 1.261991777067154007e-02
2.519203022689203522e+02 2.091257994518044825e+02 1.473275468250342599e-02
2.518797967108268665e+02 2.091346124562205091e+02 1.534186081924775354e-02
2.518438404141921865e+02 2.091221067458504592e+02 1.168722399878178823e-02
2.515495279427440209e+02 2.069960027409776160e+02 7.994518044769301267e-04
2.515514504339881228e+02 2.070000571037003283e+02 1.199177706715395244e-03
2.515433417085427266e+02 2.070304172377036593e+02 3.045530683721638294e-04
2.515181589767016987e+02 2.069724760164458530e+02 2.664839348256433575e-04
2.515030264961169451e+02 2.069266788487894075e+02 3.997259022384650634e-04
2.515221181665905306e+02 2.069817839195980014e+02 2.284148012791228856e-04
2.515590071569970974e+02 2.070865311405512443e+02 3.045530683721638294e-04
2.516236675803258720e+02 2.072598979747220937e+02 5.329678696512867150e-04
2.516475369270595479e+02 2.072764580478148275e+02 7.613826709304096548e-04
2.514959646718440638e+02 2.068893901324805711e+02 7.613826709304095735e-05
2.512354195218516963e+02 2.063738198568600524e+02 0.000000000000000000e+00
2.511189089386325577e+02 2.058546901172529431e+02 0.000000000000000000e+00
2.511206410842089269e+02 2.058828803106441399e+02 0.000000000000000000e+00
2.512434521090299882e+02 2.060682198873153652e+02 1.903456677326023934e-05
2.513541381148164930e+02 2.062024135830668570e+02 4.187604690117252993e-04
2.514757689964976350e+02 2.065181589767016987e+02 7.233135373838891829e-04
2.516699977158519914e+02 2.068963377493528242e+02 4.568296025582457712e-04
2.517259403075985915e+02 2.070534300289325529e+02 7.613826709304096548e-04
2.516209456372772877e+02 2.068146604233287746e+02 4.948987361047662431e-04
2.515587406730622888e+02 2.067291000456829693e+02 2.664839348256433575e-04
2.515560567991472567e+02 2.067318410232983013e+02 2.855185015989035935e-04
2.515346809806608803e+02 2.066937338206182346e+02 2.855185015989035935e-04
2.513816049946703117e+02 2.064674128216841780e+02 3.235876351454240653e-04
2.511518958428506210e+02 2.058520252779046871e+02 2.664839348256433575e-04
2.511719963453631692e+02 2.058872582610019890e+02 2.284148012791228856e-04
2.513069704583523674e+02 2.060840566468707209e+02 2.855185015989035935e-04
2.515161603471904925e+02 2.064743985076899548e+02 3.426222019186843555e-04
2.516763362265874946e+02 2.067150144662707589e+02 7.423481041571493647e-04
2.516835503273945562e+02 2.067809502055733333e+02 8.375209380234505986e-04
2.516175003806913253e+02 2.066696360590833024e+02 7.423481041571493647e-04
2.514077775239835546e+02 2.062851378102634499e+02 1.522765341860819147e-04
2.514850959342165311e+02 2.064128597533120058e+02 2.664839348256433575e-04
2.518769605603776540e+02 2.076634498248819796e+02 1.142074006395614428e-04
2.520560567991472567e+02 2.082085617481345992e+02 4.987056494594183445e-03
2.517961778589919390e+02 2.093586302725749988e+02 1.675041876046901197e-03
2.517097609258413229e+02 2.115835427135678515e+02 1.865387543779503665e-02
2.517047167656464239e+02 2.118267664077965549e+02 1.235343383584589644e-02
2.514841632404446443e+02 2.108178011268463479e+02 3.483325719506624209e-03
2.515534109943657768e+02 2.086463567839196003e+02 0.000000000000000000e+00
2.514830592355718011e+02 2.076403989645195622e+02 1.084970306075833720e-03
2.515166552459266143e+02 2.075625856555504924e+02 3.806913354652048274e-04
2.514815364702299405e+02 2.074046558550327291e+02 4.568296025582457712e-04
2.514432769910156935e+02 2.072958733059235499e+02 2.284148012791228856e-04
2.514414306380386677e+02 2.072250647175270331e+02 4.758641693315060072e-04
2.515051393330287794e+02 2.073535670778132953e+02 1.770214709913202431e-03
2.518463339424394576e+02 2.085762144053601332e+02 7.613826709304095735e-05
2.515445599208161980e+02 2.110057484391655294e+02 0.000000000000000000e+00
2.515491091822750036e+02 2.119924432769910254e+02 7.004720572559768564e-03
2.515385640322826362e+02 2.122075338815288603e+02 8.241967412821684172e-03
2.514528894472361742e+02 2.119789097000152367e+02 6.814374904827166096e-03
2.514885221562357174e+02 2.092797319932998334e+02 1.903456677326023934e-05
2.516159014770823887e+02 2.070762715090604615e+02 4.948987361047662431e-04
2.513626465661641589e+02 2.058678810720267904e+02 2.664839348256433575e-04
2.514397365615958506e+02 2.060689622354195194e+02 3.616567686919445915e-04
2.514647670169026981e+02 2.061035290086797716e+02 5.139333028780265333e-04
2.514934140398964644e+02 2.061506395614435689e+02 1.256281407035175898e-03
2.515395347951880751e+02 2.062087901629358839e+02 1.541799908634079383e-03
2.514871707019948133e+02 2.061435015989036117e+02 1.180143139942134954e-03
2.511932960255824696e+02 2.055752055733211421e+02 2.227044312471448094e-03
2.511288259479214275e+02 2.054968783310491744e+02 2.398355413430790489e-03
2.512189926907263668e+02 2.055939546215928146e+02 2.950357849855337385e-03
2.514514808892949702e+02 2.060017131110095931e+02 8.755900715699710705e-04
2.515836949901020319e+02 2.062370564945941851e+02 2.626770214709913103e-03
2.516360971524288175e+02 2.063389865996649917e+02 1.389523374447997495e-03
2.516707971676564739e+02 2.063940726359068094e+02 2.246078879244708601e-03
2.516920968478757459e+02 2.064339500532967975e+02 2.493528247297091723e-03
2.517200586264656579e+02 2.064907301659814323e+02 2.208009745698188021e-03
2.517245127150906114e+02 2.064266407796558553e+02 2.169940612151667440e-03
2.515032358763514537e+02 2.061188328003654533e+02 4.758641693315060072e-04
2.515143520633470473e+02 2.028824425156083464e+02 1.142074006395614428e-04
2.514359677173747514e+02 2.027483820618242589e+02 0.000000000000000000e+00
2.513831467945789484e+02 2.026757461550175208e+02 0.000000000000000000e+00
2.513658443733820604e+02 2.026592622201918630e+02 0.000000000000000000e+00
2.515612722704431121e+02 2.038167922948073567e+02 3.045530683721638294e-04
2.517729747220953129e+02 2.064476739759403188e+02 6.662098370641084209e-04
2.516971790772041970e+02 2.068231117709760838e+02 2.798081315669255498e-03
2.516852444038373733e+02 2.069309425917466001e+02 2.512562814070351796e-03
2.516770595401248727e+02 2.068932351149687747e+02 3.521394853053144355e-03
2.516134650525354175e+02 2.067172986142835498e+02 2.036698644738845626e-03
2.515614435815440970e+02 2.066286165676869189e+02 1.484696208314298729e-03
2.515429800517740091e+02 2.065149802040505449e+02 1.484696208314298729e-03
2.512182503426222127e+02 2.053413088168113347e+02 0.000000000000000000e+00
2.510015417999086367e+02 2.038338853357697644e+02 3.045530683721638294e-04
2.509743604385564311e+02 2.036854157149383298e+02 7.613826709304096548e-04
2.513370831429876660e+02 2.043768463529769974e+02 3.426222019186843555e-04
2.518952147099132048e+02 2.065964100807065620e+02 8.927211816659052016e-03
2.518889713720115822e+02 2.067241320237551463e+02 1.298157453936348363e-02
2.518344183036394099e+02 2.068235305314451011e+02 9.003350083752094044e-03
2.517989949748743754e+02 2.068897708238160362e+02 9.345972285670777965e-03
2.517744974874371735e+02 2.069277828536622508e+02 5.596162631338510995e-03
2.517402923709456388e+02 2.074598370641084273e+02 3.502360286279884282e-03
2.517890589310187295e+02 2.075766712349627028e+02 4.206639256890513066e-03
2.517753350083752082e+02 2.075629282777524054e+02 4.263742957210293720e-03
2.517978719354347561e+02 2.077318410232983013e+02 2.740977615349474844e-03
2.518276800670016655e+02 2.078575262677021556e+02 3.787878787878787984e-03
2.517575757575757507e+02 2.084278780264961028e+02 3.102634384041419273e-03
2.517787041266940662e+02 2.086485647936652867e+02 3.730775087559007330e-03
2.516691792294807328e+02 2.095910232983097217e+02 3.007461550175118039e-03
2.516517054971828884e+02 2.096313765798690554e+02 3.521394853053144355e-03
2.516657149383279943e+02 2.097150525354042827e+02 2.531597380843611869e-03
2.516589386325567261e+02 2.097632480584741757e+02 4.625399725902238149e-03
2.515139904065783583e+02 2.094722666362113728e+02 1.827318410232983085e-03
2.513977653418608327e+02 2.085203860210141613e+02 1.522765341860819147e-04
2.514093954621592673e+02 2.084104613978985867e+02 1.751180143139942141e-03
2.513994023146033214e+02 2.081936576823511587e+02 1.199177706715395244e-03
2.512785328155931097e+02 2.064268691944571401e+02 1.237246840261915608e-03
2.512144434292675612e+02 2.039887505710370021e+02 5.272574996193086713e-03
2.511467184406882893e+02 2.035773374447997526e+02 1.694076442820161487e-03
2.511578536622506590e+02 2.034141350692858339e+02 2.227044312471448094e-03
2.511731955230698929e+02 2.033020595401248727e+02 1.960560377645804899e-03
2.512189355870260385e+02 2.033738198568600524e+02 2.341251713111009401e-03
2.512809311710065572e+02 2.034586569209684797e+02 2.227044312471448094e-03
2.513144129739607138e+02 2.047024706867671568e+02 4.187604690117252993e-04
2.514775392112075565e+02 2.050913468859448869e+02 7.042789706106288928e-04
2.514733516065174399e+02 2.050835046444342993e+02 7.042789706106288928e-04
2.514421920207095980e+02 2.050366034719049821e+02 3.045530683721638294e-04
2.514566011877569736e+02 2.050872734886553985e+02 2.664839348256433575e-04
2.516007880310644111e+02 2.052963491700928955e+02 5.900715699710674771e-04
2.516845020557332191e+02 2.054663278513781108e+02 5.900715699710674771e-04
2.516880995888533619e+02 2.056258375209380347e+02 1.199177706715395244e-03
2.517340680676107922e+02 2.060467679305619129e+02 1.046901172529313140e-03
2.517384840871021652e+02 2.061221638495507875e+02 1.675041876046901197e-03
2.517285670778132953e+02 2.060788982792751654e+02 1.389523374447997495e-03
2.516235343383584677e+02 2.059406121516674375e+02 1.123039439622354300e-03
2.514321608040200999e+02 2.055440840566468808e+02 3.235876351454240653e-04
2.514209113750571021e+02 2.055001713111009565e+02 2.284148012791228856e-04
2.514273640931932334e+02 2.055063004416019510e+02 3.045530683721638294e-04
2.514583904370336427e+02 2.055713796253997145e+02 7.613826709304095735e-05
2.514940421805999620e+02 2.056746992538449774e+02 1.332419674128216788e-04
2.515341860819247870e+02 2.057834437338206044e+02 1.332419674128216788e-04
2.515887201157301547e+02 2.059216727577280324e+02 1.522765341860819147e-04
2.515803449063499215e+02 2.059120412669407756e+02 1.903456677326024137e-04
2.514970877112836831e+02 2.057550251256281513e+02 2.284148012791228856e-04
2.514871897365615894e+02 2.057584132785137854e+02 2.855185015989035935e-04
2.515233934825643303e+02 2.058182769910156935e+02 3.426222019186843555e-04
2.515618242728795622e+02 2.058779693924166168e+02 4.377950357849855353e-04
2.515882442515608375e+02 2.059297434140399048e+02 9.136592051164915424e-04
2.516399040657834689e+02 2.060730927364093077e+02 1.199177706715395244e-03
2.517522080097456865e+02 2.068322102938937235e+02 8.755900715699710705e-04
2.517999657377798144e+02 2.071661146642302356e+02 5.900715699710674771e-04
2.518166590528399524e+02 2.072508755900715585e+02 6.091061367443276588e-04
2.518219696969696884e+02 2.072665600730927338e+02 6.281407035175879490e-04
2.518504644434292743e+02 2.073490939546215941e+02 7.804172377036698366e-04
2.518732107507233025e+02 2.075082419674128289e+02 3.616567686919445915e-04
2.517784757118928098e+02 2.079458085883965168e+02 4.187604690117252993e-04
2.518412897822445586e+02 2.082293855641845539e+02 1.998629511192325479e-03
2.518308969087863431e+02 2.085445408862494219e+02 2.036698644738845626e-03
2.517612494289629979e+02 2.083955954012486700e+02 1.960560377645804899e-03
2.517014237855946419e+02 2.082993375970762884e+02 1.656007309273640907e-03
2.515584932236942279e+02 2.081154827166133714e+02 1.008832038982792776e-03
2.515361466423024126e+02 2.080771851682655722e+02 8.755900715699710705e-04
2.515380310644129622e+02 2.080664877417389960e+02 1.351454240901477132e-03
2.515423138419369593e+02 2.080648888381300310e+02 1.332419674128216842e-03
2.515718174204355080e+02 2.081043474950510017e+02 1.313385107354956552e-03
2.515987322978529050e+02 2.081313956144358031e+02 1.751180143139942141e-03
2.516366110857316869e+02 2.081785061671996289e+02 2.131871478605146860e-03
2.516869955839805186e+02 2.082696246383432310e+02 3.007461550175118039e-03
2.515374029237094646e+02 2.079123267854423602e+02 9.136592051164915424e-04
2.512071722247601713e+02 2.072557865082990816e+02 2.284148012791228856e-04
2.513799870564945991e+02 2.047990520785747037e+02 9.136592051164915424e-04
2.513293551088777349e+02 2.047317648850312253e+02 6.852444038373687110e-04
2.512925612913050202e+02 2.045329678696512872e+02 6.852444038373687110e-04
2.512570808588396574e+02 2.044200167504187675e+02 7.042789706106288928e-04
2.512255786508299025e+02 2.043548804629206757e+02 3.806913354652047868e-05
2.511986066697122055e+02 2.042948073701842588e+02 3.806913354652047868e-05
2.512059920816202236e+02 2.042839957362570544e+02 5.710370031978072140e-05
2.512600692858230502e+02 2.043262905436272376e+02 2.093802345058626497e-04
2.512613065326633262e+02 2.043208085883965168e+02 3.235876351454240653e-04
2.512563575453022793e+02 2.043122049642150273e+02 6.281407035175879490e-04
2.512892492766864621e+02 2.043537764580478040e+02 6.852444038373687110e-04
2.513237779808131620e+02 2.043882861276077278e+02 7.042789706106288928e-04
2.513547472209532430e+02 2.044384422110552748e+02 8.184863712501903085e-04
2.513411755748439305e+02 2.059545835236789912e+02 1.332419674128216788e-04
2.515282853662250773e+02 2.063468859448759076e+02 1.903456677326024137e-04
2.517064869803563170e+02 2.069436196132176065e+02 3.997259022384650634e-04
2.517500190345667761e+02 2.070852748591441923e+02 2.265113446017968674e-03
2.518556608801583536e+02 2.075928125475864192e+02 1.081163392721181706e-02
2.518919026952946467e+02 2.081364207400639543e+02 1.728338663012029749e-02
2.519166095629663573e+02 2.082709570580173590e+02 1.808283843459723012e-02
2.518864778437642826e+02 2.085995127150906114e+02 8.584589614740368094e-03
2.519113369879701452e+02 2.086347266636211373e+02 1.046901172529313313e-02
2.518220839043703450e+02 2.088763514542409041e+02 8.470382214100806786e-03
2.517579183797776636e+02 2.091098865539820224e+02 5.558093497791989981e-03
2.517635526115425648e+02 2.092718707172224697e+02 7.233135373838891179e-03
2.516161298918836735e+02 2.089505481955230835e+02 3.787878787878787984e-03
2.515011801431399476e+02 2.088161451195370830e+02 4.054362722704431612e-03
2.514272689203593814e+02 2.050118204659661956e+02 1.408557941221257786e-03
2.512359144205877897e+02 2.040367176793056103e+02 4.948987361047662431e-04
2.510678201614131240e+02 2.031109905588548941e+02 2.988426983401857966e-03
2.511007499619308589e+02 2.028457058017359600e+02 2.493528247297091723e-03
2.510800022841480086e+02 2.026883851073549465e+02 1.560834475407339673e-03
2.511342698340185677e+02 2.026931056799147370e+02 2.303182579564489255e-03
2.511667428049337616e+02 2.027156997106745848e+02 2.664839348256433683e-03
2.511652390741586771e+02 2.027133394243946896e+02 2.779046748895994991e-03
2.511393901324805711e+02 2.025577128064565215e+02 4.035328155931171105e-03
2.511082686158063098e+02 2.024578955382975494e+02 3.940155322064869438e-03
2.511385906806761170e+02 2.024298195523069808e+02 3.559463986599664936e-03
2.511185472818638686e+02 2.023810720268006662e+02 3.292980051774021741e-03
2.511224112989188484e+02 2.021320047205725530e+02 3.102634384041419273e-03
2.511427973199330097e+02 2.021585960103548132e+02 3.521394853053144355e-03
2.513714786051469332e+02 2.024586569209684797e+02 2.969392416628597459e-03
2.514420397441754176e+02 2.029062547586416940e+02 1.161108573168874664e-03
2.516618889904065668e+02 2.063600959342165311e+02 1.256281407035175898e-03
2.515775468250342612e+02 2.062615539820313586e+02 1.256281407035175898e-03
2.514961169483782442e+02 2.060039591898888318e+02 4.948987361047662431e-04
2.514864854575909874e+02 2.059289629968021984e+02 6.471752702908481307e-04
2.515378407187452297e+02 2.060396109334551511e+02 8.565555047967107804e-04
2.516016255520024458e+02 2.062248934064260766e+02 1.275315973808436188e-03
2.516443391198416464e+02 2.063490939546215941e+02 1.713111009593421561e-03
2.516617176793056103e+02 2.067333066849398620e+02 1.104004872849094010e-03
2.517572141008070616e+02 2.087559387848332619e+02 0.000000000000000000e+00
2.517343726206791530e+02 2.100936881376579777e+02 3.736485457590985049e-02
2.517514846962083084e+02 2.103784452565859624e+02 3.013171920207096191e-02
2.515671349170092981e+02 2.108825376884421985e+02 1.035480432465357009e-02
2.514655474341404044e+02 2.106565973808436070e+02 7.309273640931932339e-03
2.517601454240901546e+02 2.082083714024668666e+02 1.218212273488655318e-03
2.516632214100806948e+02 2.080739112227805663e+02 1.218212273488655318e-03
2.515056342317648728e+02 2.078013171920207185e+02 1.522765341860819147e-04
2.512885640322826362e+02 2.065465204811938520e+02 2.093802345058626497e-04
2.512765532206487080e+02 2.065037498096543231e+02 2.093802345058626497e-04
2.512260735495660242e+02 2.045127912288716345e+02 2.474493680523831216e-04
2.513116910309121295e+02 2.025949444190650297e+02 5.900715699710674771e-04
2.512693962235419463e+02 2.024495774326176445e+02 6.471752702908481307e-04
2.512961588244251629e+02 2.026393520633470473e+02 1.275315973808436188e-03
2.513488845743870854e+02 2.027253502360286177e+02 1.503730775087559019e-03
2.513272042028323483e+02 2.030212996802192720e+02 1.294350540581696261e-03
2.513772651134460148e+02 2.031882899345210944e+02 1.979594944419064972e-03
2.514750076138267048e+02 2.035324539363484178e+02 2.398355413430790489e-03
2.515205954012486700e+02 2.039886363636363740e+02 1.884422110552763738e-03
2.515386782396832643e+02 2.040633851073549465e+02 3.140703517587939853e-03
2.515349093954621651e+02 2.042316126084970165e+02 2.474493680523831216e-03
2.516064793665296122e+02 2.044098522917618368e+02 2.836150449215775644e-03
2.513796634688594622e+02 2.056896033196284463e+02 0.000000000000000000e+00
2.513644929191411563e+02 2.056884041419217226e+02 1.713111009593421778e-04
2.514117557484391625e+02 2.057369803563270807e+02 1.332419674128216788e-04
2.514487208771128337e+02 2.057843573930257435e+02 2.284148012791228856e-04
2.515771661336987961e+02 2.060506700167504164e+02 2.721943048576214337e-03
2.517383698797015370e+02 2.066408557941221318e+02 2.208009745698188021e-03
2.517847761534947324e+02 2.073671196893558601e+02 5.158367595553525406e-03
2.517850236028627933e+02 2.074217298614283607e+02 4.492157758489417202e-03
2.517676640779655770e+02 2.073932541495355508e+02 3.749809654332267404e-03
2.518068943200852630e+02 2.074543931780112587e+02 4.035328155931171105e-03
2.516545416476321009e+02 2.071715395157606281e+02 2.341251713111009401e-03
2.515660880158367547e+02 2.070248781787726386e+02 1.161108573168874664e-03
2.514890551241053629e+02 2.066304438860971402e+02 1.123039439622354300e-03
2.513234543931780252e+02 2.035757004720572638e+02 5.139333028780265333e-04
2.512004720572559791e+02 2.032349626922491268e+02 3.806913354652048274e-04
2.512156806761078087e+02 2.031283881528856341e+02 0.000000000000000000e+00
2.512641046139789864e+02 2.031703022689203522e+02 0.000000000000000000e+00
2.512525506319476278e+02 2.031587673214557697e+02 9.517283386630120685e-05
2.511400373077508732e+02 2.027512562814070236e+02 5.710370031978072140e-05
2.512284528704126672e+02 2.010341860819247870e+02 3.540429419826404862e-03
2.511841594335313061e+02 2.005632137962539900e+02 2.036698644738845626e-03
2.512371135982945134e+02 2.004023336378864144e+02 2.664839348256433683e-03
2.511742614588091840e+02 2.002457552916095551e+02 2.474493680523831216e-03
2.513859068067610849e+02 2.006803715547434024e+02 5.234505862646566567e-03
2.513753806913354651e+02 2.006792104461702593e+02 4.910918227501142284e-03
2.513555466727577254e+02 2.006514199786812753e+02 5.177402162326785046e-03
2.514288678239683179e+02 2.008353319628445206e+02 7.728034109943657422e-03
2.513896185472818559e+02 2.036321379625399857e+02 0.000000000000000000e+00
2.513551279122887081e+02 2.035907948835084653e+02 7.613826709304095735e-05
2.513321722247601713e+02 2.035537916857012419e+02 2.284148012791228856e-04
2.513636934673366738e+02 2.036441678087406615e+02 3.806913354652048274e-04
2.514084437338206044e+02 2.038711359829450203e+02 2.284148012791228856e-04
2.514172377036698549e+02 2.039067496573777873e+02 1.522765341860819147e-04
2.511127798081315632e+02 2.032208961474036926e+02 0.000000000000000000e+00
2.511194609410689793e+02 2.020776800670016655e+02 0.000000000000000000e+00
2.511066697121973448e+02 2.019008108725445538e+02 1.522765341860819147e-04
2.511872620679153272e+02 2.020236790010659433e+02 1.522765341860819147e-04
2.512742881072026933e+02 2.024243947007766167e+02 1.808283843459722795e-03
2.516315669255367879e+02 2.054579336074311016e+02 0.000000000000000000e+00
2.516349360438556459e+02 2.054752550631947656e+02 0.000000000000000000e+00
2.516310910613674423e+02 2.056072026800669903e+02 6.091061367443276588e-04
2.515946398659966405e+02 2.055542294807370070e+02 1.027866605756053067e-03
2.515686196132176065e+02 2.054995241358306544e+02 1.065935739302573430e-03
2.515309692401400810e+02 2.053802345058626599e+02 1.065935739302573430e-03
2.514049223389675660e+02 2.051240863407948893e+02 1.065935739302573430e-03
2.511786584437338092e+02 2.045946779351301927e+02 3.616567686919445915e-04
2.511675803258717963e+02 2.045208999543170307e+02 3.426222019186843555e-04
2.512459456372772877e+02 2.046387810263438496e+02 1.522765341860819147e-04
2.513284414496725958e+02 2.047825110400487176e+02 7.233135373838891829e-04
2.514014009441144992e+02 2.049505862646566072e+02 7.233135373838891829e-04
2.514856289020861766e+02 2.052107126541799857e+02 1.046901172529313140e-03
2.516823892188213847e+02 2.058724684026191483e+02 7.613826709304095735e-05
2.517582610019796050e+02 2.062983477996040733e+02 3.235876351454240653e-04
2.518038868585350940e+02 2.065206905740825221e+02 7.613826709304095735e-05
2.518347038221409946e+02 2.071940954773869237e+02 0.000000000000000000e+00
2.518632937414344326e+02 2.072900106593573923e+02 1.903456677326023934e-05
2.518633127760012087e+02 2.074227767626008756e+02 4.377950357849855353e-04
2.518001941525810992e+02 2.082282815593117107e+02 0.000000000000000000e+00
2.518491891274554462e+02 2.083611809045226266e+02 5.177402162326785046e-03
2.518451347647327623e+02 2.085004568296025695e+02 5.443886097152428674e-03
2.515041114664230122e+02 2.085075757575757507e+02 3.806913354652047868e-05
2.513476282929800618e+02 2.076169864473884559e+02 0.000000000000000000e+00
2.513347799604080990e+02 2.075717793513019558e+02 0.000000000000000000e+00
2.511490787269681846e+02 2.072289668037155366e+02 0.000000000000000000e+00
2.511535899192934380e+02 2.061358306684939805e+02 3.121668950814679346e-03
2.512184787574234690e+02 2.054052268920359268e+02 5.995888533576975571e-03
2.512985381452718059e+02 2.053160689812699786e+02 8.394243947007766493e-03
2.513232450129435165e+02 2.050827622963301451e+02 4.149535556570732413e-03
2.512589081772498787e+02 2.047423481041571449e+02 1.903456677326024029e-03
2.512528551850159886e+02 2.043673100350235927e+02 1.675041876046901197e-03
2.512240178163544897e+02 2.041692934368813894e+02 8.755900715699710705e-04
2.510614435815440970e+02 2.034427820922795718e+02 2.284148012791228856e-04
2.515363179534033691e+02 1.999725711892797335e+02 1.675041876046901197e-03
2.511380386782396954e+02 1.974086911831886653e+02 2.455459113750571142e-03
2.510435510887772068e+02 1.971553030303030312e+02 1.827318410232983085e-03
2.511295682960255817e+02 1.972071151210598430e+02 1.694076442820161487e-03
2.516310529922338901e+02 2.001809235571798524e+02 5.158367595553525406e-03
2.516180523831277469e+02 2.040694380995888650e+02 3.806913354652048057e-03
2.516161869955839734e+02 2.042216004263742946e+02 3.692705954012486750e-03
2.515975521547129574e+02 2.048231688746764121e+02 1.579869042180599963e-03
2.516712920663925672e+02 2.053201423785594670e+02 1.484696208314298729e-03
2.516844830211664430e+02 2.057175841327851344e+02 1.751180143139942141e-03
2.517530264961169451e+02 2.068320389827927386e+02 2.436424546977310635e-03
2.518334094716004188e+02 2.072251408557941090e+02 2.150906045378407367e-03
2.518462387696056055e+02 2.075509936043855532e+02 9.326937718897518326e-04
2.517704240901477135e+02 2.083928353890665335e+02 1.541799908634079383e-03
2.517818638647784439e+02 2.088349703060758316e+02 1.123039439622354300e-03
2.517766483934825601e+02 2.091781064412973876e+02 5.786508299071113463e-03
2.515851225826100119e+02 2.097704431247144896e+02 1.237246840261915608e-03
2.515455306837216369e+02 2.097223237399116726e+02 9.897974722095324862e-04
2.515491472514085558e+02 2.097573854119080181e+02 1.617938175727120544e-03
2.515913659205116630e+02 2.098168493985076850e+02 1.484696208314298729e-03
2.513811291305009945e+02 2.093955763666818939e+02 1.503730775087559019e-03
2.513711169483782442e+02 2.093620184254606329e+02 1.142074006395614374e-03
2.513347418912745468e+02 2.093144320085274899e+02 1.027866605756053067e-03
2.512572902390741660e+02 2.084113940916704735e+02 0.000000000000000000e+00
2.512416818943200951e+02 2.082867176793056103e+02 0.000000000000000000e+00
2.512208580782701404e+02 2.081372582610019890e+02 0.000000000000000000e+00
2.512610019795949370e+02 2.078891807522460908e+02 0.000000000000000000e+00
2.512899916247906162e+02 2.076099817268159029e+02 1.903456677326023934e-05
2.512416628597533190e+02 2.073303258717831454e+02 3.806913354652047868e-05
2.512127683873914918e+02 2.068756852444038259e+02 0.000000000000000000e+00
2.511120184254606329e+02 2.064084437338206044e+02 0.000000000000000000e+00
2.510356898126998715e+02 2.061175384498248775e+02 0.000000000000000000e+00
2.510451309578193957e+02 2.060578079792904020e+02 7.613826709304095735e-05
2.510801735952489651e+02 2.060994936805238353e+02 1.903456677326024137e-04
2.510699139637581823e+02 2.060836569209684797e+02 1.903456677326024137e-04
2.510394396223541946e+02 2.059250609106136665e+02 3.806913354652047868e-05
2.510002474493680609e+02 2.056328612760773638e+02 1.903456677326023934e-05
2.509643863255672329e+02 2.055494327699101689e+02 1.903456677326023934e-05
2.509679457895538235e+02 2.054984962692249155e+02 3.806913354652047868e-05
2.510080135526115441e+02 2.049075871783158220e+02 5.710370031978072140e-05
2.513771699406121627e+02 2.018257004720572638e+02 3.959189888838129945e-03
2.511819133546520391e+02 2.012677211816659053e+02 2.112836911831886787e-03
2.511994441906502118e+02 2.012499428962996717e+02 1.503730775087559019e-03
2.513226549413735427e+02 2.013797015379929860e+02 2.531597380843611869e-03
2.515147708238160362e+02 2.024234049033044016e+02 1.922491244099284319e-03
2.516295873305923578e+02 2.044936805238312729e+02 3.197807217907720507e-03
2.516336797624485939e+02 2.048232069438099643e+02 3.578498553372925443e-03
2.515711131414649060e+02 2.050043589157910731e+02 2.322217146337749328e-03
2.512679686310339662e+02 2.047977767626008756e+02 3.806913354652047868e-05
2.511762029846200619e+02 2.046701880615197240e+02 1.903456677326024137e-04
2.511525049489873709e+02 2.046343650068524482e+02 3.806913354652047868e-05
2.511274935282472995e+02 2.046059463986599667e+02 3.806913354652047868e-05
2.510906426069742565e+02 2.045701233439926909e+02 3.806913354652047868e-05
2.510773945485000809e+02 2.045542865844373353e+02 0.000000000000000000e+00
2.510587787421958410e+02 2.045132861276077278e+02 0.000000000000000000e+00
2.509894548500076041e+02 2.041234391655245872e+02 0.000000000000000000e+00
2.517129396984924483e+02 2.006088777219430597e+02 2.227044312471448094e-03
2.514445903761230454e+02 2.001310910613674423e+02 2.950357849855337385e-03
2.514455801735952605e+02 2.001288640170549797e+02 3.844982488198568638e-03
2.515240977615349607e+02 2.002952832343535761e+02 3.045530683721638619e-03
2.515500038069133666e+02 2.019704012486675708e+02 1.789249276686462721e-03
2.515811062890208518e+02 2.025675917466118392e+02 7.137962539972590378e-03
2.515256205268768213e+02 2.029460560377645777e+02 2.150906045378407367e-03
2.515988845743870854e+02 2.036219925384498310e+02 2.112836911831886787e-03
2.516090871021775683e+02 2.037424813461245492e+02 1.808283843459722795e-03
2.516170435510887842e+02 2.037862418151362931e+02 2.150906045378407367e-03
2.516186424546977207e+02 2.038874676412364977e+02 2.131871478605146860e-03
2.516189089386325577e+02 2.040492995279427362e+02 2.017664077965585553e-03
2.516264466270747562e+02 2.043938822902390768e+02 1.199177706715395244e-03
2.516823701842546086e+02 2.053967374752550654e+02 3.502360286279884282e-03
2.516987399116796098e+02 2.062470306075833832e+02 1.998629511192325479e-03
2.517717184406882893e+02 2.072443657682351272e+02 3.235876351454240653e-04
2.518203327242271996e+02 2.075809920816202236e+02 5.139333028780265333e-04
2.518432884117557364e+02 2.076463377493528242e+02 4.568296025582457712e-04
2.518613141464900309e+02 2.076708542713567738e+02 4.948987361047662431e-04
2.518761040048728432e+02 2.077261116186995480e+02 7.233135373838891829e-04
2.519220344144967214e+02 2.078737627531597241e+02 1.142074006395614374e-03
2.518442782092279515e+02 2.083344563727729621e+02 3.521394853053144355e-03
2.517421196893558601e+02 2.088040581696360505e+02 5.348713263286127874e-03
2.517981384193695646e+02 2.089514047510278658e+02 5.976853966803715931e-03
2.516898317344297311e+02 2.088056951423785677e+02 5.158367595553525406e-03
2.515519072635906923e+02 2.084614550022841399e+02 2.664839348256433683e-03
2.514511763362265810e+02 2.061482412060301499e+02 3.235876351454240653e-04
2.512569856860057769e+02 2.055009897974722151e+02 0.000000000000000000e+00
2.511821417694533238e+02 2.052185548956905734e+02 0.000000000000000000e+00
2.511358116339272044e+02 2.051052611542561408e+02 0.000000000000000000e+00
2.511065364702299405e+02 2.050531064412973876e+02 1.903456677326024137e-04
2.510953822141007947e+02 2.050068714786051487e+02 1.142074006395614428e-04
2.511414458656921056e+02 2.049950319780721770e+02 1.332419674128216788e-04
2.511694266788487937e+02 2.050395538297548228e+02 1.522765341860819147e-04
2.511718250342622127e+02 2.050318257956448917e+02 1.713111009593421778e-04
2.511629549261458862e+02 2.050088510735495788e+02 1.713111009593421778e-04
2.511687604690117155e+02 2.050164839348256294e+02 7.613826709304095735e-05
2.511540277143292315e+02 2.049972970915181918e+02 7.613826709304095735e-05
2.511751370488807709e+02 2.050072331353738377e+02 5.710370031978072140e-05
2.512408634079488365e+02 2.051416362113598382e+02 1.142074006395614428e-04
2.513705078422415227e+02 2.054032472970915251e+02 2.664839348256433575e-04
2.514824691640018273e+02 2.057294807370184344e+02 2.474493680523831216e-04
2.515288754377950227e+02 2.058556228110248298e+02 4.948987361047662431e-04
